EstacaoCodigo;NivelConsistencia;Data;MediaDiaria;TipoMedicaoCotas;Maxima;Minima;Media;DiaMaxima;DiaMinima;MaximaStatus;MinimaStatus;MediaStatus;MediaAnual;MediaAnualStatus;Cota01;Cota02;Cota03;Cota04;Cota05;Cota06;Cota07;Cota08;Cota09;Cota10;Cota11;Cota12;Cota13;Cota14;Cota15;Cota16;Cota17;Cota18;Cota19;Cota20;Cota21;Cota22;Cota23;Cota24;Cota25;Cota26;Cota27;Cota28;Cota29;Cota30;Cota31;Cota01Status;Cota02Status;Cota03Status;Cota04Status;Cota05Status;Cota06Status;Cota07Status;Cota08Status;Cota09Status;Cota10Status;Cota11Status;Cota12Status;Cota13Status;Cota14Status;Cota15Status;Cota16Status;Cota17Status;Cota18Status;Cota19Status;Cota20Status;Cota21Status;Cota22Status;Cota23Status;Cota24Status;Cota25Status;Cota26Status;Cota27Status;Cota28Status;Cota29Status;Cota30Status;Cota31Status
60130000;2;03/1952;1;1;;;;;;0;0;0;0.0;0;;;;;;;;;;;;;;;;;;;;;;;;;;;;;181.0;264.0;185.0;;;;;;;;;;;;;;;;;;;;;;;;;;;;;1;1;1
60130000;1;03/1952;1;1;264.0;;;30;;1;0;0;;0;;;;;;;;;;;;;;;;;;;;;;;;;;;;;181.0;264.0;185.0;0;0;0;0;0;0;0;0;0;0;0;0;0;0;0;0;0;0;0;0;0;0;0;0;0;0;0;0;1;1;1
60130000;2;04/1952;1;1;181.0;157.0;167.3667;1;30;1;1;1;0.0;0;181.0;179.0;177.0;175.0;174.0;178.0;172.0;171.0;170.0;168.0;168.0;169.0;166.0;174.0;168.0;166.0;168.0;164.0;163.0;162.0;164.0;163.0;160.0;160.0;167.0;160.0;160.0;159.0;158.0;157.0;;1;1;1;1;1;1;1;1;1;1;1;1;1;1;1;1;1;1;1;1;1;1;1;1;1;1;1;1;1;1;
60130000;1;04/1952;1;1;181.0;157.0;167.0;1;30;1;1;1;;0;181.0;179.0;177.0;175.0;174.0;178.0;172.0;171.0;170.0;168.0;168.0;169.0;166.0;174.0;168.0;166.0;168.0;164.0;163.0;162.0;164.0;163.0;160.0;160.0;167.0;160.0;160.0;159.0;158.0;157.0;;1;1;1;1;1;1;1;1;1;1;1;1;1;1;1;1;1;1;1;1;1;1;1;1;1;1;1;1;1;1;0
60130000;2;05/1952;1;1;156.0;146.0;150.8387;1;30;1;1;1;0.0;0;156.0;156.0;156.0;156.0;155.0;155.0;154.0;154.0;153.0;152.0;152.0;152.0;152.0;151.0;151.0;150.0;150.0;150.0;150.0;149.0;148.0;148.0;148.0;148.0;148.0;148.0;148.0;147.0;147.0;146.0;146.0;1;1;1;1;1;1;1;1;1;1;1;1;1;1;1;1;1;1;1;1;1;1;1;1;1;1;1;1;1;1;1
60130000;1;05/1952;1;1;156.0;146.0;151.0;1;30;1;1;1;;0;156.0;156.0;156.0;156.0;155.0;155.0;154.0;154.0;153.0;152.0;152.0;152.0;152.0;151.0;151.0;150.0;150.0;150.0;150.0;149.0;148.0;148.0;148.0;148.0;148.0;148.0;148.0;147.0;147.0;146.0;146.0;1;1;1;1;1;1;1;1;1;1;1;1;1;1;1;1;1;1;1;1;1;1;1;1;1;1;1;1;1;1;1
60130000;2;06/1952;1;1;148.0;140.0;143.1667;12;23;1;1;1;0.0;0;146.0;146.0;146.0;145.0;145.0;145.0;144.0;144.0;143.0;143.0;146.0;148.0;146.0;144.0;144.0;144.0;144.0;142.0;144.0;142.0;142.0;142.0;140.0;140.0;140.0;140.0;140.0;140.0;140.0;140.0;;1;1;1;1;1;1;1;1;1;1;1;1;1;1;1;1;1;1;1;1;1;1;1;1;1;1;1;1;1;1;
60130000;1;06/1952;1;1;148.0;140.0;143.0;12;23;1;1;1;;0;146.0;146.0;146.0;145.0;145.0;145.0;144.0;144.0;143.0;143.0;146.0;148.0;146.0;144.0;144.0;144.0;144.0;142.0;144.0;142.0;142.0;142.0;140.0;140.0;140.0;140.0;140.0;140.0;140.0;140.0;;1;1;1;1;1;1;1;1;1;1;1;1;1;1;1;1;1;1;1;1;1;1;1;1;1;1;1;1;1;1;0
60130000;2;07/1952;1;1;139.0;132.0;135.1613;1;23;1;1;1;0.0;0;139.0;139.0;138.0;138.0;138.0;138.0;138.0;138.0;138.0;138.0;136.0;136.0;136.0;136.0;136.0;136.0;134.0;134.0;134.0;134.0;134.0;134.0;132.0;132.0;132.0;132.0;132.0;132.0;132.0;132.0;132.0;1;1;1;1;1;1;1;1;1;1;1;1;1;1;1;1;1;1;1;1;1;1;1;1;1;1;1;1;1;1;1
60130000;1;07/1952;1;1;139.0;132.0;135.0;1;23;1;1;1;;0;139.0;139.0;138.0;138.0;138.0;138.0;138.0;138.0;138.0;138.0;136.0;136.0;136.0;136.0;136.0;136.0;134.0;134.0;134.0;134.0;134.0;134.0;132.0;132.0;132.0;132.0;132.0;132.0;132.0;132.0;132.0;1;1;1;1;1;1;1;1;1;1;1;1;1;1;1;1;1;1;1;1;1;1;1;1;1;1;1;1;1;1;1
60130000;2;08/1952;1;1;130.0;124.0;126.8387;1;24;1;1;1;0.0;0;130.0;130.0;130.0;130.0;130.0;130.0;128.0;128.0;128.0;128.0;128.0;128.0;128.0;128.0;128.0;126.0;126.0;126.0;126.0;126.0;126.0;126.0;126.0;124.0;124.0;124.0;124.0;124.0;124.0;124.0;124.0;1;1;1;1;1;1;1;1;1;1;1;1;1;1;1;1;1;1;1;1;1;1;1;1;1;1;1;1;1;1;1
60130000;1;08/1952;1;1;130.0;124.0;127.0;1;24;1;1;1;;0;130.0;130.0;130.0;130.0;130.0;130.0;128.0;128.0;128.0;128.0;128.0;128.0;128.0;128.0;128.0;126.0;126.0;126.0;126.0;126.0;126.0;126.0;126.0;124.0;124.0;124.0;124.0;124.0;124.0;124.0;124.0;1;1;1;1;1;1;1;1;1;1;1;1;1;1;1;1;1;1;1;1;1;1;1;1;1;1;1;1;1;1;1
60130000;2;09/1952;1;1;168.0;118.0;123.8;19;26;1;1;1;0.0;0;122.0;122.0;122.0;122.0;122.0;122.0;122.0;122.0;122.0;122.0;138.0;124.0;122.0;122.0;122.0;120.0;120.0;120.0;168.0;140.0;126.0;122.0;120.0;120.0;120.0;118.0;118.0;118.0;118.0;118.0;;1;1;1;1;1;1;1;1;1;1;1;1;1;1;1;1;1;1;1;1;1;1;1;1;1;1;1;1;1;1;
60130000;1;09/1952;1;1;168.0;118.0;124.0;19;26;1;1;1;;0;122.0;122.0;122.0;122.0;122.0;122.0;122.0;122.0;122.0;122.0;138.0;124.0;122.0;122.0;122.0;120.0;120.0;120.0;168.0;140.0;126.0;122.0;120.0;120.0;120.0;118.0;118.0;118.0;118.0;118.0;;1;1;1;1;1;1;1;1;1;1;1;1;1;1;1;1;1;1;1;1;1;1;1;1;1;1;1;1;1;1;0
60130000;2;10/1952;1;1;144.0;116.0;122.0645;10;8;1;1;1;0.0;0;118.0;118.0;118.0;118.0;118.0;118.0;118.0;116.0;116.0;144.0;120.0;118.0;124.0;142.0;130.0;122.0;120.0;118.0;126.0;118.0;118.0;118.0;118.0;118.0;126.0;118.0;122.0;122.0;138.0;124.0;122.0;1;1;1;1;1;1;1;1;1;1;1;1;1;1;1;1;1;1;1;1;1;1;1;1;1;1;1;1;1;1;1
60130000;1;10/1952;1;1;144.0;116.0;122.0;10;8;1;1;1;;0;118.0;118.0;118.0;118.0;118.0;118.0;118.0;116.0;116.0;144.0;120.0;118.0;124.0;142.0;130.0;122.0;120.0;118.0;126.0;118.0;118.0;118.0;118.0;118.0;126.0;118.0;122.0;122.0;138.0;124.0;122.0;1;1;1;1;1;1;1;1;1;1;1;1;1;1;1;1;1;1;1;1;1;1;1;1;1;1;1;1;1;1;1
60130000;2;11/1952;1;1;184.0;118.0;130.6667;6;3;1;1;1;0.0;0;156.0;122.0;118.0;118.0;118.0;184.0;126.0;128.0;126.0;132.0;148.0;138.0;176.0;136.0;128.0;128.0;126.0;126.0;126.0;124.0;128.0;126.0;124.0;122.0;118.0;124.0;122.0;126.0;124.0;122.0;;1;1;1;1;1;1;1;1;1;1;1;1;1;1;1;1;1;1;1;1;1;1;1;1;1;1;1;1;1;1;
60130000;1;11/1952;1;1;184.0;118.0;131.0;6;3;1;1;1;;0;156.0;122.0;118.0;118.0;118.0;184.0;126.0;128.0;126.0;132.0;148.0;138.0;176.0;136.0;128.0;128.0;126.0;126.0;126.0;124.0;128.0;126.0;124.0;122.0;118.0;124.0;122.0;126.0;124.0;122.0;;1;1;1;1;1;1;1;1;1;1;1;1;1;1;1;1;1;1;1;1;1;1;1;1;1;1;1;1;1;1;0
60130000;2;12/1952;1;1;204.0;118.0;136.7097;11;4;1;1;1;0.0;0;128.0;126.0;126.0;118.0;118.0;188.0;158.0;128.0;124.0;122.0;204.0;142.0;156.0;138.0;136.0;142.0;130.0;128.0;128.0;128.0;138.0;132.0;130.0;128.0;128.0;128.0;148.0;140.0;142.0;128.0;128.0;1;1;1;1;1;1;1;1;1;1;1;1;1;1;1;1;1;1;1;1;1;1;1;1;1;1;1;1;1;1;1
60130000;1;12/1952;1;1;204.0;118.0;137.0;11;4;1;1;1;;0;128.0;126.0;126.0;118.0;118.0;188.0;158.0;128.0;124.0;122.0;204.0;142.0;156.0;138.0;136.0;142.0;130.0;128.0;128.0;128.0;138.0;132.0;130.0;128.0;128.0;128.0;148.0;140.0;142.0;128.0;128.0;1;1;1;1;1;1;1;1;1;1;1;1;1;1;1;1;1;1;1;1;1;1;1;1;1;1;1;1;1;1;1
60130000;2;01/1953;1;1;158.0;120.0;129.871;25;22;1;1;1;0.0;0;134.0;138.0;148.0;138.0;148.0;134.0;132.0;128.0;128.0;132.0;128.0;128.0;126.0;126.0;126.0;124.0;124.0;124.0;122.0;122.0;122.0;120.0;120.0;120.0;158.0;130.0;132.0;128.0;126.0;130.0;130.0;1;1;1;1;1;1;1;1;1;1;1;1;1;1;1;1;1;1;1;1;1;1;1;1;1;1;1;1;1;1;1
60130000;1;01/1953;1;1;158.0;120.0;130.0;25;22;1;1;1;128.0;1;134.0;138.0;148.0;138.0;148.0;134.0;132.0;128.0;128.0;132.0;128.0;128.0;126.0;126.0;126.0;124.0;124.0;124.0;122.0;122.0;122.0;120.0;120.0;120.0;158.0;130.0;132.0;128.0;126.0;130.0;130.0;1;1;1;1;1;1;1;1;1;1;1;1;1;1;1;1;1;1;1;1;1;1;1;1;1;1;1;1;1;1;1
60130000;2;02/1953;1;1;128.0;118.0;122.0;3;18;1;1;1;0.0;0;124.0;124.0;128.0;124.0;124.0;124.0;122.0;122.0;122.0;124.0;122.0;120.0;120.0;120.0;120.0;120.0;120.0;118.0;118.0;126.0;128.0;120.0;118.0;118.0;128.0;118.0;120.0;124.0;;;;1;1;1;1;1;1;1;1;1;1;1;1;1;1;1;1;1;1;1;1;1;1;1;1;1;1;1;1;;;
60130000;1;02/1953;1;1;128.0;118.0;122.0;3;18;1;1;1;128.0;1;124.0;124.0;128.0;124.0;124.0;124.0;122.0;122.0;122.0;124.0;122.0;120.0;120.0;120.0;120.0;120.0;120.0;118.0;118.0;126.0;128.0;120.0;118.0;118.0;128.0;118.0;120.0;124.0;;;;1;1;1;1;1;1;1;1;1;1;1;1;1;1;1;1;1;1;1;1;1;1;1;1;1;1;1;1;0;0;0
60130000;2;03/1953;1;1;254.0;118.0;138.7742;22;8;1;1;1;0.0;0;150.0;126.0;122.0;122.0;122.0;120.0;120.0;118.0;118.0;136.0;124.0;120.0;122.0;150.0;126.0;128.0;150.0;136.0;130.0;136.0;140.0;254.0;178.0;152.0;144.0;140.0;146.0;140.0;150.0;144.0;138.0;1;1;1;1;1;1;1;1;1;1;1;1;1;1;1;1;1;1;1;1;1;1;1;1;1;1;1;1;1;1;1
60130000;1;03/1953;1;1;254.0;118.0;139.0;22;8;1;1;1;128.0;1;150.0;126.0;122.0;122.0;122.0;120.0;120.0;118.0;118.0;136.0;124.0;120.0;122.0;150.0;126.0;128.0;150.0;136.0;130.0;136.0;140.0;254.0;178.0;152.0;144.0;140.0;146.0;140.0;150.0;144.0;138.0;1;1;1;1;1;1;1;1;1;1;1;1;1;1;1;1;1;1;1;1;1;1;1;1;1;1;1;1;1;1;1
60130000;2;04/1953;1;1;160.0;134.0;142.0667;12;3;1;1;1;0.0;0;136.0;136.0;134.0;134.0;144.0;152.0;142.0;144.0;140.0;138.0;138.0;160.0;144.0;140.0;138.0;136.0;142.0;160.0;146.0;158.0;138.0;138.0;152.0;146.0;142.0;140.0;138.0;136.0;136.0;134.0;;1;1;1;1;1;1;1;1;1;1;1;1;1;1;1;1;1;1;1;1;1;1;1;1;1;1;1;1;1;1;
60130000;1;04/1953;1;1;160.0;134.0;142.0;12;3;1;1;1;128.0;1;136.0;136.0;134.0;134.0;144.0;152.0;142.0;144.0;140.0;138.0;138.0;160.0;144.0;140.0;138.0;136.0;142.0;160.0;146.0;158.0;138.0;138.0;152.0;146.0;142.0;140.0;138.0;136.0;136.0;134.0;;1;1;1;1;1;1;1;1;1;1;1;1;1;1;1;1;1;1;1;1;1;1;1;1;1;1;1;1;1;1;0
60130000;2;05/1953;1;1;138.0;128.0;131.9355;6;25;1;1;1;0.0;0;134.0;134.0;134.0;136.0;136.0;138.0;134.0;134.0;134.0;134.0;134.0;134.0;132.0;132.0;132.0;132.0;132.0;132.0;132.0;132.0;132.0;130.0;130.0;130.0;128.0;128.0;128.0;128.0;128.0;128.0;128.0;1;1;1;1;1;1;1;1;1;1;1;1;1;1;1;1;1;1;1;1;1;1;1;1;1;1;1;1;1;1;1
60130000;1;05/1953;1;1;138.0;128.0;132.0;6;25;1;1;1;128.0;1;134.0;134.0;134.0;136.0;136.0;138.0;134.0;134.0;134.0;134.0;134.0;134.0;132.0;132.0;132.0;132.0;132.0;132.0;132.0;132.0;132.0;130.0;130.0;130.0;128.0;128.0;128.0;128.0;128.0;128.0;128.0;1;1;1;1;1;1;1;1;1;1;1;1;1;1;1;1;1;1;1;1;1;1;1;1;1;1;1;1;1;1;1
60130000;2;06/1953;1;1;128.0;122.0;125.0667;1;30;1;1;1;0.0;0;128.0;128.0;126.0;126.0;126.0;126.0;126.0;126.0;126.0;126.0;126.0;126.0;126.0;126.0;126.0;124.0;124.0;124.0;124.0;124.0;124.0;124.0;124.0;124.0;124.0;124.0;124.0;124.0;124.0;122.0;;1;1;1;1;1;1;1;1;1;1;1;1;1;1;1;1;1;1;1;1;1;1;1;1;1;1;1;1;1;1;
60130000;1;06/1953;1;1;128.0;122.0;125.0;1;30;1;1;1;128.0;1;128.0;128.0;126.0;126.0;126.0;126.0;126.0;126.0;126.0;126.0;126.0;126.0;126.0;126.0;126.0;124.0;124.0;124.0;124.0;124.0;124.0;124.0;124.0;124.0;124.0;124.0;124.0;124.0;124.0;122.0;;1;1;1;1;1;1;1;1;1;1;1;1;1;1;1;1;1;1;1;1;1;1;1;1;1;1;1;1;1;1;0
60130000;2;07/1953;1;1;122.0;118.0;120.129;1;23;1;1;1;0.0;0;122.0;122.0;122.0;122.0;122.0;122.0;122.0;122.0;122.0;122.0;122.0;120.0;120.0;120.0;120.0;120.0;120.0;120.0;120.0;120.0;120.0;120.0;118.0;118.0;118.0;118.0;118.0;118.0;118.0;118.0;118.0;1;1;1;1;1;1;1;1;1;1;1;1;1;1;1;1;1;1;1;1;1;1;1;1;1;1;1;1;1;1;1
60130000;1;07/1953;1;1;122.0;118.0;120.0;1;23;1;1;1;128.0;1;122.0;122.0;122.0;122.0;122.0;122.0;122.0;122.0;122.0;122.0;122.0;120.0;120.0;120.0;120.0;120.0;120.0;120.0;120.0;120.0;120.0;120.0;118.0;118.0;118.0;118.0;118.0;118.0;118.0;118.0;118.0;1;1;1;1;1;1;1;1;1;1;1;1;1;1;1;1;1;1;1;1;1;1;1;1;1;1;1;1;1;1;1
60130000;2;08/1953;1;1;118.0;114.0;115.6774;1;20;1;1;1;0.0;0;118.0;118.0;118.0;118.0;118.0;118.0;118.0;116.0;116.0;116.0;116.0;116.0;116.0;116.0;116.0;116.0;116.0;116.0;116.0;114.0;114.0;114.0;114.0;114.0;114.0;114.0;114.0;114.0;114.0;114.0;114.0;1;1;1;1;1;1;1;1;1;1;1;1;1;1;1;1;1;1;1;1;1;1;1;1;1;1;1;1;1;1;1
60130000;1;08/1953;1;1;118.0;114.0;116.0;1;20;1;1;1;128.0;1;118.0;118.0;118.0;118.0;118.0;118.0;118.0;116.0;116.0;116.0;116.0;116.0;116.0;116.0;116.0;116.0;116.0;116.0;116.0;114.0;114.0;114.0;114.0;114.0;114.0;114.0;114.0;114.0;114.0;114.0;114.0;1;1;1;1;1;1;1;1;1;1;1;1;1;1;1;1;1;1;1;1;1;1;1;1;1;1;1;1;1;1;1
60130000;2;09/1953;1;1;120.0;112.0;116.0;12;4;1;1;1;0.0;0;114.0;114.0;114.0;112.0;114.0;114.0;114.0;114.0;114.0;114.0;114.0;120.0;118.0;116.0;116.0;116.0;116.0;116.0;116.0;116.0;116.0;120.0;120.0;118.0;118.0;118.0;118.0;118.0;116.0;116.0;;1;1;1;1;1;1;1;1;1;1;1;1;1;1;1;1;1;1;1;1;1;1;1;1;1;1;1;1;1;1;
60130000;1;09/1953;1;1;120.0;112.0;116.0;12;4;1;1;1;128.0;1;114.0;114.0;114.0;112.0;114.0;114.0;114.0;114.0;114.0;114.0;114.0;120.0;118.0;116.0;116.0;116.0;116.0;116.0;116.0;116.0;116.0;120.0;120.0;118.0;118.0;118.0;118.0;118.0;116.0;116.0;;1;1;1;1;1;1;1;1;1;1;1;1;1;1;1;1;1;1;1;1;1;1;1;1;1;1;1;1;1;1;0
60130000;2;10/1953;1;1;240.0;114.0;134.1935;19;2;1;1;1;0.0;0;116.0;114.0;116.0;116.0;116.0;114.0;114.0;114.0;150.0;150.0;136.0;120.0;116.0;116.0;124.0;118.0;178.0;200.0;240.0;152.0;170.0;138.0;130.0;130.0;128.0;128.0;126.0;124.0;122.0;122.0;122.0;1;1;1;1;1;1;1;1;1;1;1;1;1;1;1;1;1;1;1;1;1;1;1;1;1;1;1;1;1;1;1
60130000;1;10/1953;1;1;240.0;114.0;134.0;19;2;1;1;1;128.0;1;116.0;114.0;116.0;116.0;116.0;114.0;114.0;114.0;150.0;150.0;136.0;120.0;116.0;116.0;124.0;118.0;178.0;200.0;240.0;152.0;170.0;138.0;130.0;130.0;128.0;128.0;126.0;124.0;122.0;122.0;122.0;1;1;1;1;1;1;1;1;1;1;1;1;1;1;1;1;1;1;1;1;1;1;1;1;1;1;1;1;1;1;1
60130000;2;11/1953;1;1;130.0;118.0;120.9333;19;13;1;1;1;0.0;0;122.0;122.0;120.0;120.0;120.0;120.0;120.0;126.0;124.0;122.0;120.0;120.0;118.0;118.0;120.0;128.0;124.0;120.0;130.0;120.0;120.0;120.0;120.0;120.0;120.0;120.0;118.0;118.0;118.0;120.0;;1;1;1;1;1;1;1;1;1;1;1;1;1;1;1;1;1;1;1;1;1;1;1;1;1;1;1;1;1;1;
60130000;1;11/1953;1;1;130.0;118.0;121.0;19;13;1;1;1;128.0;1;122.0;122.0;120.0;120.0;120.0;120.0;120.0;126.0;124.0;122.0;120.0;120.0;118.0;118.0;120.0;128.0;124.0;120.0;130.0;120.0;120.0;120.0;120.0;120.0;120.0;120.0;118.0;118.0;118.0;120.0;;1;1;1;1;1;1;1;1;1;1;1;1;1;1;1;1;1;1;1;1;1;1;1;1;1;1;1;1;1;1;0
60130000;2;12/1953;1;1;244.0;118.0;145.2903;17;1;1;1;1;0.0;0;118.0;120.0;150.0;158.0;130.0;146.0;132.0;138.0;124.0;122.0;120.0;130.0;168.0;188.0;146.0;136.0;244.0;166.0;140.0;140.0;138.0;138.0;136.0;142.0;158.0;150.0;142.0;150.0;138.0;140.0;156.0;1;1;1;1;1;1;1;1;1;1;1;1;1;1;1;1;1;1;1;1;1;1;1;1;1;1;1;1;1;1;1
60130000;1;12/1953;1;1;244.0;118.0;145.0;17;1;1;1;1;128.0;1;118.0;120.0;150.0;158.0;130.0;146.0;132.0;138.0;124.0;122.0;120.0;130.0;168.0;188.0;146.0;136.0;244.0;166.0;140.0;140.0;138.0;138.0;136.0;142.0;158.0;150.0;142.0;150.0;138.0;140.0;156.0;1;1;1;1;1;1;1;1;1;1;1;1;1;1;1;1;1;1;1;1;1;1;1;1;1;1;1;1;1;1;1
60130000;2;01/1954;1;1;174.0;126.0;133.8065;4;18;1;1;1;0.0;0;140.0;138.0;136.0;174.0;140.0;136.0;134.0;128.0;128.0;130.0;130.0;130.0;128.0;128.0;128.0;128.0;128.0;126.0;128.0;142.0;140.0;140.0;138.0;138.0;138.0;138.0;126.0;126.0;126.0;128.0;130.0;1;1;1;1;1;1;1;1;1;1;1;1;1;1;1;1;1;1;1;1;1;1;1;1;1;1;1;1;1;1;1
60130000;1;01/1954;1;1;174.0;126.0;134.0;4;18;1;1;1;131.0;1;140.0;138.0;136.0;174.0;140.0;136.0;134.0;128.0;128.0;130.0;130.0;130.0;128.0;128.0;128.0;128.0;128.0;126.0;128.0;142.0;140.0;140.0;138.0;138.0;138.0;138.0;126.0;126.0;126.0;128.0;130.0;1;1;1;1;1;1;1;1;1;1;1;1;1;1;1;1;1;1;1;1;1;1;1;1;1;1;1;1;1;1;1
60130000;2;02/1954;1;1;300.0;130.0;164.6429;18;2;1;1;1;0.0;0;138.0;130.0;170.0;142.0;162.0;142.0;166.0;152.0;142.0;138.0;200.0;190.0;158.0;152.0;142.0;160.0;142.0;300.0;238.0;190.0;164.0;164.0;160.0;158.0;156.0;154.0;150.0;150.0;;;;1;1;1;1;1;1;1;1;1;1;1;1;1;1;1;1;1;1;1;1;1;1;1;1;1;1;1;1;;;
60130000;1;02/1954;1;1;300.0;130.0;165.0;18;2;1;1;1;131.0;1;138.0;130.0;170.0;142.0;162.0;142.0;166.0;152.0;142.0;138.0;200.0;190.0;158.0;152.0;142.0;160.0;142.0;300.0;238.0;190.0;164.0;164.0;160.0;158.0;156.0;154.0;150.0;150.0;;;;1;1;1;1;1;1;1;1;1;1;1;1;1;1;1;1;1;1;1;1;1;1;1;1;1;1;1;1;0;0;0
60130000;2;03/1954;1;1;168.0;136.0;144.0645;31;28;1;1;1;0.0;0;150.0;148.0;148.0;150.0;148.0;148.0;146.0;146.0;146.0;146.0;144.0;144.0;144.0;142.0;142.0;142.0;140.0;138.0;138.0;138.0;142.0;140.0;140.0;140.0;138.0;138.0;138.0;136.0;140.0;158.0;168.0;1;1;1;1;1;1;1;1;1;1;1;1;1;1;1;1;1;1;1;1;1;1;1;1;1;1;1;1;1;1;1
60130000;1;03/1954;1;1;168.0;136.0;144.0;31;28;1;1;1;131.0;1;150.0;148.0;148.0;150.0;148.0;148.0;146.0;146.0;146.0;146.0;144.0;144.0;144.0;142.0;142.0;142.0;140.0;138.0;138.0;138.0;142.0;140.0;140.0;140.0;138.0;138.0;138.0;136.0;140.0;158.0;168.0;1;1;1;1;1;1;1;1;1;1;1;1;1;1;1;1;1;1;1;1;1;1;1;1;1;1;1;1;1;1;1
60130000;2;04/1954;1;1;200.0;136.0;141.2;1;19;1;1;1;0.0;0;200.0;150.0;144.0;142.0;142.0;142.0;142.0;142.0;140.0;140.0;140.0;140.0;140.0;138.0;138.0;138.0;138.0;138.0;136.0;136.0;138.0;138.0;138.0;138.0;138.0;136.0;136.0;136.0;136.0;136.0;;1;1;1;1;1;1;1;1;1;1;1;1;1;1;1;1;1;1;1;1;1;1;1;1;1;1;1;1;1;1;
60130000;1;04/1954;1;1;200.0;136.0;141.0;1;19;1;1;1;131.0;1;200.0;150.0;144.0;142.0;142.0;142.0;142.0;142.0;140.0;140.0;140.0;140.0;140.0;138.0;138.0;138.0;138.0;138.0;136.0;136.0;138.0;138.0;138.0;138.0;138.0;136.0;136.0;136.0;136.0;136.0;;1;1;1;1;1;1;1;1;1;1;1;1;1;1;1;1;1;1;1;1;1;1;1;1;1;1;1;1;1;1;0
60130000;2;05/1954;1;1;138.0;130.0;133.0968;7;21;1;1;1;0.0;0;136.0;136.0;134.0;134.0;134.0;134.0;138.0;138.0;136.0;136.0;136.0;134.0;134.0;134.0;134.0;132.0;132.0;132.0;132.0;132.0;130.0;130.0;130.0;134.0;134.0;130.0;130.0;130.0;130.0;130.0;130.0;1;1;1;1;1;1;1;1;1;1;1;1;1;1;1;1;1;1;1;1;1;1;1;1;1;1;1;1;1;1;1
60130000;1;05/1954;1;1;138.0;130.0;133.0;7;21;1;1;1;131.0;1;136.0;136.0;134.0;134.0;134.0;134.0;138.0;138.0;136.0;136.0;136.0;134.0;134.0;134.0;134.0;132.0;132.0;132.0;132.0;132.0;130.0;130.0;130.0;134.0;134.0;130.0;130.0;130.0;130.0;130.0;130.0;1;1;1;1;1;1;1;1;1;1;1;1;1;1;1;1;1;1;1;1;1;1;1;1;1;1;1;1;1;1;1
60130000;2;06/1954;1;1;130.0;122.0;125.2;1;27;1;1;1;0.0;0;130.0;130.0;128.0;128.0;128.0;126.0;126.0;126.0;126.0;126.0;126.0;126.0;126.0;126.0;126.0;124.0;124.0;124.0;124.0;124.0;124.0;124.0;124.0;124.0;124.0;124.0;122.0;122.0;122.0;122.0;;1;1;1;1;1;1;1;1;1;1;1;1;1;1;1;1;1;1;1;1;1;1;1;1;1;1;1;1;1;1;
60130000;1;06/1954;1;1;130.0;122.0;125.0;1;27;1;1;1;131.0;1;130.0;130.0;128.0;128.0;128.0;126.0;126.0;126.0;126.0;126.0;126.0;126.0;126.0;126.0;126.0;124.0;124.0;124.0;124.0;124.0;124.0;124.0;124.0;124.0;124.0;124.0;122.0;122.0;122.0;122.0;;1;1;1;1;1;1;1;1;1;1;1;1;1;1;1;1;1;1;1;1;1;1;1;1;1;1;1;1;1;1;0
60130000;2;07/1954;1;1;122.0;118.0;119.871;1;22;1;1;1;0.0;0;122.0;122.0;122.0;122.0;122.0;122.0;122.0;122.0;120.0;120.0;120.0;120.0;120.0;120.0;120.0;120.0;120.0;120.0;120.0;120.0;120.0;118.0;118.0;118.0;118.0;118.0;118.0;118.0;118.0;118.0;118.0;1;1;1;1;1;1;1;1;1;1;1;1;1;1;1;1;1;1;1;1;1;1;1;1;1;1;1;1;1;1;1
60130000;1;07/1954;1;1;122.0;118.0;120.0;1;22;1;1;1;131.0;1;122.0;122.0;122.0;122.0;122.0;122.0;122.0;122.0;120.0;120.0;120.0;120.0;120.0;120.0;120.0;120.0;120.0;120.0;120.0;120.0;120.0;118.0;118.0;118.0;118.0;118.0;118.0;118.0;118.0;118.0;118.0;1;1;1;1;1;1;1;1;1;1;1;1;1;1;1;1;1;1;1;1;1;1;1;1;1;1;1;1;1;1;1
60130000;2;08/1954;1;1;118.0;116.0;117.4194;1;23;1;1;1;0.0;0;118.0;118.0;118.0;118.0;118.0;118.0;118.0;118.0;118.0;118.0;118.0;118.0;118.0;118.0;118.0;118.0;118.0;118.0;118.0;118.0;118.0;118.0;116.0;116.0;116.0;116.0;116.0;116.0;116.0;116.0;116.0;1;1;1;1;1;1;1;1;1;1;1;1;1;1;1;1;1;1;1;1;1;1;1;1;1;1;1;1;1;1;1
60130000;1;08/1954;1;1;118.0;116.0;117.0;1;23;1;1;1;131.0;1;118.0;118.0;118.0;118.0;118.0;118.0;118.0;118.0;118.0;118.0;118.0;118.0;118.0;118.0;118.0;118.0;118.0;118.0;118.0;118.0;118.0;118.0;116.0;116.0;116.0;116.0;116.0;116.0;116.0;116.0;116.0;1;1;1;1;1;1;1;1;1;1;1;1;1;1;1;1;1;1;1;1;1;1;1;1;1;1;1;1;1;1;1
60130000;2;09/1954;1;1;116.0;114.0;115.6;1;23;1;1;1;0.0;0;116.0;116.0;116.0;116.0;116.0;116.0;116.0;116.0;116.0;116.0;116.0;116.0;116.0;116.0;116.0;116.0;116.0;116.0;116.0;116.0;116.0;116.0;114.0;114.0;114.0;114.0;115.0;115.0;115.0;115.0;;1;1;1;1;1;1;1;1;1;1;1;1;1;1;1;1;1;1;1;1;1;1;1;1;1;1;1;1;1;1;
60130000;1;09/1954;1;1;116.0;114.0;116.0;1;23;1;1;1;131.0;1;116.0;116.0;116.0;116.0;116.0;116.0;116.0;116.0;116.0;116.0;116.0;116.0;116.0;116.0;116.0;116.0;116.0;116.0;116.0;116.0;116.0;116.0;114.0;114.0;114.0;114.0;115.0;115.0;115.0;115.0;;1;1;1;1;1;1;1;1;1;1;1;1;1;1;1;1;1;1;1;1;1;1;1;1;1;1;1;1;1;1;0
60130000;2;10/1954;1;1;116.0;110.0;113.2258;17;31;1;1;1;0.0;0;114.0;114.0;114.0;114.0;114.0;114.0;114.0;114.0;114.0;114.0;113.0;113.0;112.0;112.0;112.0;112.0;116.0;116.0;114.0;114.0;112.0;114.0;114.0;114.0;112.0;112.0;112.0;112.0;112.0;112.0;110.0;1;1;1;1;1;1;1;1;1;1;1;1;1;1;1;1;1;1;1;1;1;1;1;1;1;1;1;1;1;1;1
60130000;1;10/1954;1;1;116.0;110.0;113.0;17;31;1;1;1;131.0;1;114.0;114.0;114.0;114.0;114.0;114.0;114.0;114.0;114.0;114.0;113.0;113.0;112.0;112.0;112.0;112.0;116.0;116.0;114.0;114.0;112.0;114.0;114.0;114.0;112.0;112.0;112.0;112.0;112.0;112.0;110.0;1;1;1;1;1;1;1;1;1;1;1;1;1;1;1;1;1;1;1;1;1;1;1;1;1;1;1;1;1;1;1
60130000;2;11/1954;1;1;200.0;110.0;130.8333;23;10;1;1;1;0.0;0;114.0;114.0;112.0;112.0;116.0;112.0;112.0;112.0;112.0;110.0;116.0;114.0;112.0;166.0;138.0;128.0;118.0;126.0;165.0;120.0;124.0;146.0;200.0;172.0;150.0;136.0;154.0;140.0;140.0;134.0;;1;1;1;1;1;1;1;1;1;1;1;1;1;1;1;1;1;1;1;1;1;1;1;1;1;1;1;1;1;1;
60130000;1;11/1954;1;1;200.0;110.0;131.0;23;10;1;1;1;131.0;1;114.0;114.0;112.0;112.0;116.0;112.0;112.0;112.0;112.0;110.0;116.0;114.0;112.0;166.0;138.0;128.0;118.0;126.0;165.0;120.0;124.0;146.0;200.0;172.0;150.0;136.0;154.0;140.0;140.0;134.0;;1;1;1;1;1;1;1;1;1;1;1;1;1;1;1;1;1;1;1;1;1;1;1;1;1;1;1;1;1;1;0
60130000;2;12/1954;1;1;166.0;124.0;134.7097;12;3;1;1;1;0.0;0;128.0;126.0;124.0;124.0;126.0;124.0;124.0;160.0;146.0;130.0;128.0;166.0;142.0;140.0;148.0;138.0;166.0;140.0;132.0;130.0;150.0;134.0;132.0;130.0;128.0;126.0;126.0;124.0;124.0;132.0;128.0;1;1;1;1;1;1;1;1;1;1;1;1;1;1;1;1;1;1;1;1;1;1;1;1;1;1;1;1;1;1;1
60130000;1;12/1954;1;1;166.0;124.0;135.0;12;3;1;1;1;131.0;1;128.0;126.0;124.0;124.0;126.0;124.0;124.0;160.0;146.0;130.0;128.0;166.0;142.0;140.0;148.0;138.0;166.0;140.0;132.0;130.0;150.0;134.0;132.0;130.0;128.0;126.0;126.0;124.0;124.0;132.0;128.0;1;1;1;1;1;1;1;1;1;1;1;1;1;1;1;1;1;1;1;1;1;1;1;1;1;1;1;1;1;1;1
60130000;2;01/1955;1;1;302.0;136.0;158.0645;4;15;1;1;1;0.0;0;140.0;150.0;202.0;302.0;172.0;154.0;148.0;142.0;140.0;148.0;150.0;140.0;146.0;138.0;136.0;138.0;142.0;178.0;184.0;150.0;144.0;186.0;152.0;156.0;172.0;158.0;154.0;148.0;144.0;144.0;142.0;1;1;1;1;1;1;1;1;1;1;1;1;1;1;1;1;1;1;1;1;1;1;1;1;1;1;1;1;1;1;1
60130000;1;01/1955;1;1;302.0;136.0;158.0;4;15;1;1;1;132.0;1;140.0;150.0;202.0;302.0;172.0;154.0;148.0;142.0;140.0;148.0;150.0;140.0;146.0;138.0;136.0;138.0;142.0;178.0;184.0;150.0;144.0;186.0;152.0;156.0;172.0;158.0;154.0;148.0;144.0;144.0;142.0;1;1;1;1;1;1;1;1;1;1;1;1;1;1;1;1;1;1;1;1;1;1;1;1;1;1;1;1;1;1;1
60130000;2;02/1955;1;1;218.0;130.0;146.6429;25;22;1;1;1;0.0;0;142.0;142.0;142.0;206.0;150.0;144.0;142.0;140.0;138.0;138.0;138.0;138.0;162.0;140.0;138.0;136.0;134.0;134.0;134.0;132.0;132.0;130.0;130.0;140.0;218.0;146.0;148.0;192.0;;;;1;1;1;1;1;1;1;1;1;1;1;1;1;1;1;1;1;1;1;1;1;1;1;1;1;1;1;1;;;
60130000;1;02/1955;1;1;218.0;130.0;147.0;25;22;1;1;1;132.0;1;142.0;142.0;142.0;206.0;150.0;144.0;142.0;140.0;138.0;138.0;138.0;138.0;162.0;140.0;138.0;136.0;134.0;134.0;134.0;132.0;132.0;130.0;130.0;140.0;218.0;146.0;148.0;192.0;;;;1;1;1;1;1;1;1;1;1;1;1;1;1;1;1;1;1;1;1;1;1;1;1;1;1;1;1;1;0;0;0
60130000;2;03/1955;1;1;258.0;136.0;155.3548;3;29;1;1;1;0.0;0;154.0;250.0;258.0;170.0;162.0;156.0;154.0;178.0;152.0;150.0;148.0;148.0;146.0;146.0;144.0;154.0;174.0;146.0;144.0;144.0;142.0;142.0;140.0;140.0;138.0;138.0;138.0;138.0;136.0;144.0;142.0;1;1;1;1;1;1;1;1;1;1;1;1;1;1;1;1;1;1;1;1;1;1;1;1;1;1;1;1;1;1;1
60130000;1;03/1955;1;1;258.0;136.0;155.0;3;29;1;1;1;132.0;1;154.0;250.0;258.0;170.0;162.0;156.0;154.0;178.0;152.0;150.0;148.0;148.0;146.0;146.0;144.0;154.0;174.0;146.0;144.0;144.0;142.0;142.0;140.0;140.0;138.0;138.0;138.0;138.0;136.0;144.0;142.0;1;1;1;1;1;1;1;1;1;1;1;1;1;1;1;1;1;1;1;1;1;1;1;1;1;1;1;1;1;1;1
60130000;2;04/1955;1;1;216.0;136.0;149.3333;5;29;1;1;1;0.0;0;152.0;154.0;148.0;196.0;216.0;166.0;156.0;154.0;150.0;148.0;146.0;144.0;144.0;144.0;142.0;146.0;144.0;142.0;146.0;144.0;142.0;140.0;140.0;140.0;138.0;138.0;138.0;138.0;136.0;148.0;;1;1;1;1;1;1;1;1;1;1;1;1;1;1;1;1;1;1;1;1;1;1;1;1;1;1;1;1;1;1;
60130000;1;04/1955;1;1;216.0;136.0;149.0;5;29;1;1;1;132.0;1;152.0;154.0;148.0;196.0;216.0;166.0;156.0;154.0;150.0;148.0;146.0;144.0;144.0;144.0;142.0;146.0;144.0;142.0;146.0;144.0;142.0;140.0;140.0;140.0;138.0;138.0;138.0;138.0;136.0;148.0;;1;1;1;1;1;1;1;1;1;1;1;1;1;1;1;1;1;1;1;1;1;1;1;1;1;1;1;1;1;1;0
60130000;2;05/1955;1;1;138.0;128.0;131.4194;1;14;1;1;1;0.0;0;138.0;136.0;136.0;136.0;134.0;134.0;136.0;136.0;134.0;132.0;132.0;130.0;130.0;128.0;128.0;130.0;130.0;130.0;130.0;130.0;132.0;130.0;130.0;132.0;130.0;130.0;128.0;128.0;128.0;128.0;128.0;1;1;1;1;1;1;1;1;1;1;1;1;1;1;1;1;1;1;1;1;1;1;1;1;1;1;1;1;1;1;1
60130000;1;05/1955;1;1;138.0;128.0;131.0;1;14;1;1;1;132.0;1;138.0;136.0;136.0;136.0;134.0;134.0;136.0;136.0;134.0;132.0;132.0;130.0;130.0;128.0;128.0;130.0;130.0;130.0;130.0;130.0;132.0;130.0;130.0;132.0;130.0;130.0;128.0;128.0;128.0;128.0;128.0;1;1;1;1;1;1;1;1;1;1;1;1;1;1;1;1;1;1;1;1;1;1;1;1;1;1;1;1;1;1;1
60130000;2;06/1955;1;1;128.0;118.0;122.9333;1;28;1;1;1;0.0;0;128.0;126.0;126.0;126.0;126.0;126.0;124.0;124.0;124.0;124.0;124.0;124.0;124.0;124.0;124.0;124.0;122.0;122.0;122.0;122.0;122.0;122.0;122.0;122.0;120.0;120.0;120.0;118.0;118.0;118.0;;1;1;1;1;1;1;1;1;1;1;1;1;1;1;1;1;1;1;1;1;1;1;1;1;1;1;1;1;1;1;
60130000;1;06/1955;1;1;128.0;118.0;123.0;1;28;1;1;1;132.0;1;128.0;126.0;126.0;126.0;126.0;126.0;124.0;124.0;124.0;124.0;124.0;124.0;124.0;124.0;124.0;124.0;122.0;122.0;122.0;122.0;122.0;122.0;122.0;122.0;120.0;120.0;120.0;118.0;118.0;118.0;;1;1;1;1;1;1;1;1;1;1;1;1;1;1;1;1;1;1;1;1;1;1;1;1;1;1;1;1;1;1;0
60130000;2;07/1955;1;1;118.0;108.0;112.2581;1;27;1;1;1;0.0;0;118.0;118.0;116.0;116.0;116.0;116.0;116.0;116.0;114.0;114.0;114.0;114.0;112.0;112.0;112.0;112.0;112.0;112.0;110.0;110.0;110.0;110.0;110.0;110.0;110.0;110.0;108.0;108.0;108.0;108.0;108.0;1;1;1;1;1;1;1;1;1;1;1;1;1;1;1;1;1;1;1;1;1;1;1;1;1;1;1;1;1;1;1
60130000;1;07/1955;1;1;118.0;108.0;112.0;1;27;1;1;1;132.0;1;118.0;118.0;116.0;116.0;116.0;116.0;116.0;116.0;114.0;114.0;114.0;114.0;112.0;112.0;112.0;112.0;112.0;112.0;110.0;110.0;110.0;110.0;110.0;110.0;110.0;110.0;108.0;108.0;108.0;108.0;108.0;1;1;1;1;1;1;1;1;1;1;1;1;1;1;1;1;1;1;1;1;1;1;1;1;1;1;1;1;1;1;1
60130000;2;08/1955;1;1;108.0;102.0;104.129;1;21;1;1;1;0.0;0;108.0;108.0;108.0;106.0;106.0;106.0;106.0;106.0;106.0;106.0;104.0;104.0;104.0;104.0;104.0;104.0;104.0;104.0;104.0;104.0;102.0;102.0;102.0;102.0;102.0;102.0;102.0;102.0;102.0;102.0;102.0;1;1;1;1;1;1;1;1;1;1;1;1;1;1;1;1;1;1;1;1;1;1;1;1;1;1;1;1;1;1;1
60130000;1;08/1955;1;1;108.0;102.0;104.0;1;21;1;1;1;132.0;1;108.0;108.0;108.0;106.0;106.0;106.0;106.0;106.0;106.0;106.0;104.0;104.0;104.0;104.0;104.0;104.0;104.0;104.0;104.0;104.0;102.0;102.0;102.0;102.0;102.0;102.0;102.0;102.0;102.0;102.0;102.0;1;1;1;1;1;1;1;1;1;1;1;1;1;1;1;1;1;1;1;1;1;1;1;1;1;1;1;1;1;1;1
60130000;2;09/1955;1;1;108.0;102.0;104.8;26;1;1;1;1;0.0;0;102.0;102.0;102.0;102.0;102.0;102.0;104.0;104.0;104.0;104.0;104.0;104.0;104.0;104.0;104.0;104.0;104.0;106.0;106.0;106.0;106.0;106.0;106.0;106.0;106.0;108.0;108.0;108.0;108.0;108.0;;1;1;1;1;1;1;1;1;1;1;1;1;1;1;1;1;1;1;1;1;1;1;1;1;1;1;1;1;1;1;
60130000;1;09/1955;1;1;108.0;102.0;105.0;26;1;1;1;1;132.0;1;102.0;102.0;102.0;102.0;102.0;102.0;104.0;104.0;104.0;104.0;104.0;104.0;104.0;104.0;104.0;104.0;104.0;106.0;106.0;106.0;106.0;106.0;106.0;106.0;106.0;108.0;108.0;108.0;108.0;108.0;;1;1;1;1;1;1;1;1;1;1;1;1;1;1;1;1;1;1;1;1;1;1;1;1;1;1;1;1;1;1;0
60130000;2;10/1955;1;1;112.0;102.0;104.4839;8;9;1;1;1;0.0;0;108.0;108.0;108.0;108.0;108.0;108.0;107.0;112.0;102.0;102.0;102.0;104.0;106.0;104.0;104.0;106.0;108.0;106.0;104.0;102.0;102.0;102.0;102.0;102.0;102.0;102.0;102.0;102.0;102.0;102.0;102.0;1;1;1;1;1;1;1;1;1;1;1;1;1;1;1;1;1;1;1;1;1;1;1;1;1;1;1;1;1;1;1
60130000;1;10/1955;1;1;112.0;102.0;104.0;8;9;1;1;1;132.0;1;108.0;108.0;108.0;108.0;108.0;108.0;107.0;112.0;102.0;102.0;102.0;104.0;106.0;104.0;104.0;106.0;108.0;106.0;104.0;102.0;102.0;102.0;102.0;102.0;102.0;102.0;102.0;102.0;102.0;102.0;102.0;1;1;1;1;1;1;1;1;1;1;1;1;1;1;1;1;1;1;1;1;1;1;1;1;1;1;1;1;1;1;1
60130000;2;11/1955;1;1;140.0;102.0;105.6667;21;4;1;1;1;0.0;0;104.0;104.0;104.0;102.0;102.0;102.0;102.0;106.0;104.0;106.0;104.0;102.0;102.0;102.0;102.0;104.0;104.0;104.0;104.0;110.0;140.0;120.0;110.0;106.0;106.0;104.0;104.0;102.0;102.0;102.0;;1;1;1;1;1;1;1;1;1;1;1;1;1;1;1;1;1;1;1;1;1;1;1;1;1;1;1;1;1;1;
60130000;1;11/1955;1;1;140.0;102.0;106.0;21;4;1;1;1;132.0;1;104.0;104.0;104.0;102.0;102.0;102.0;102.0;106.0;104.0;106.0;104.0;102.0;102.0;102.0;102.0;104.0;104.0;104.0;104.0;110.0;140.0;120.0;110.0;106.0;106.0;104.0;104.0;102.0;102.0;102.0;;1;1;1;1;1;1;1;1;1;1;1;1;1;1;1;1;1;1;1;1;1;1;1;1;1;1;1;1;1;1;0
60130000;2;12/1955;1;1;300.0;102.0;193.871;14;1;1;1;1;0.0;0;102.0;106.0;192.0;250.0;210.0;170.0;200.0;200.0;222.0;148.0;144.0;140.0;200.0;300.0;180.0;174.0;220.0;244.0;218.0;212.0;156.0;176.0;198.0;238.0;200.0;180.0;188.0;212.0;168.0;220.0;242.0;1;1;1;1;1;1;1;1;1;1;1;1;1;1;1;1;1;1;1;1;1;1;1;1;1;1;1;1;1;1;1
60130000;1;12/1955;1;1;300.0;102.0;194.0;14;1;1;1;1;132.0;1;102.0;106.0;192.0;250.0;210.0;170.0;200.0;200.0;222.0;148.0;144.0;140.0;200.0;300.0;180.0;174.0;220.0;244.0;218.0;212.0;156.0;176.0;198.0;238.0;200.0;180.0;188.0;212.0;168.0;220.0;242.0;1;1;1;1;1;1;1;1;1;1;1;1;1;1;1;1;1;1;1;1;1;1;1;1;1;1;1;1;1;1;1
60130000;2;01/1956;1;1;224.0;142.0;162.7097;4;30;1;1;1;0.0;0;178.0;186.0;188.0;224.0;196.0;186.0;178.0;172.0;168.0;168.0;166.0;162.0;160.0;156.0;156.0;164.0;156.0;154.0;156.0;160.0;154.0;152.0;150.0;148.0;146.0;144.0;144.0;144.0;144.0;142.0;142.0;1;1;1;1;1;1;1;1;1;1;1;1;1;1;1;1;1;1;1;1;1;1;1;1;1;1;1;1;1;1;1
60130000;1;01/1956;1;1;224.0;142.0;163.0;4;30;1;1;1;139.0;1;178.0;186.0;188.0;224.0;196.0;186.0;178.0;172.0;168.0;168.0;166.0;162.0;160.0;156.0;156.0;164.0;156.0;154.0;156.0;160.0;154.0;152.0;150.0;148.0;146.0;144.0;144.0;144.0;144.0;142.0;142.0;1;1;1;1;1;1;1;1;1;1;1;1;1;1;1;1;1;1;1;1;1;1;1;1;1;1;1;1;1;1;1
60130000;2;02/1956;1;1;186.0;134.0;148.5517;16;8;1;1;1;0.0;0;140.0;140.0;138.0;138.0;138.0;136.0;136.0;134.0;134.0;134.0;134.0;140.0;136.0;184.0;156.0;186.0;146.0;140.0;186.0;158.0;160.0;154.0;148.0;148.0;144.0;154.0;150.0;146.0;170.0;;;1;1;1;1;1;1;1;1;1;1;1;1;1;1;1;1;1;1;1;1;1;1;1;1;1;1;1;1;1;;
60130000;1;02/1956;1;1;186.0;134.0;149.0;16;8;1;1;1;139.0;1;140.0;140.0;138.0;138.0;138.0;136.0;136.0;134.0;134.0;134.0;134.0;140.0;136.0;184.0;156.0;186.0;146.0;140.0;186.0;158.0;160.0;154.0;148.0;148.0;144.0;154.0;150.0;146.0;170.0;;;1;1;1;1;1;1;1;1;1;1;1;1;1;1;1;1;1;1;1;1;1;1;1;1;1;1;1;1;1;0;0
60130000;2;03/1956;1;1;264.0;146.0;170.0;1;30;1;1;1;0.0;0;264.0;198.0;226.0;186.0;196.0;198.0;226.0;174.0;168.0;164.0;166.0;164.0;170.0;160.0;158.0;158.0;156.0;154.0;154.0;158.0;156.0;158.0;160.0;154.0;154.0;152.0;150.0;148.0;148.0;146.0;146.0;1;1;1;1;1;1;1;1;1;1;1;1;1;1;1;1;1;1;1;1;1;1;1;1;1;1;1;1;1;1;1
60130000;1;03/1956;1;1;264.0;146.0;170.0;1;30;1;1;1;139.0;1;264.0;198.0;226.0;186.0;196.0;198.0;226.0;174.0;168.0;164.0;166.0;164.0;170.0;160.0;158.0;158.0;156.0;154.0;154.0;158.0;156.0;158.0;160.0;154.0;154.0;152.0;150.0;148.0;148.0;146.0;146.0;1;1;1;1;1;1;1;1;1;1;1;1;1;1;1;1;1;1;1;1;1;1;1;1;1;1;1;1;1;1;1
60130000;2;04/1956;1;1;178.0;138.0;144.26669;18;25;1;1;1;0.0;0;146.0;174.0;146.0;146.0;144.0;144.0;142.0;142.0;144.0;142.0;140.0;146.0;144.0;140.0;140.0;140.0;142.0;178.0;142.0;148.0;144.0;144.0;140.0;140.0;138.0;138.0;138.0;138.0;140.0;138.0;;1;1;1;1;1;1;1;1;1;1;1;1;1;1;1;1;1;1;1;1;1;1;1;1;1;1;1;1;1;1;
60130000;1;04/1956;1;1;178.0;138.0;144.0;18;25;1;1;1;139.0;1;146.0;174.0;146.0;146.0;144.0;144.0;142.0;142.0;144.0;142.0;140.0;146.0;144.0;140.0;140.0;140.0;142.0;178.0;142.0;148.0;144.0;144.0;140.0;140.0;138.0;138.0;138.0;138.0;140.0;138.0;;1;1;1;1;1;1;1;1;1;1;1;1;1;1;1;1;1;1;1;1;1;1;1;1;1;1;1;1;1;1;0
60130000;2;05/1956;1;1;168.0;132.0;139.6774;27;20;1;1;1;0.0;0;136.0;140.0;138.0;138.0;136.0;142.0;164.0;138.0;144.0;140.0;136.0;136.0;134.0;160.0;138.0;136.0;136.0;134.0;134.0;132.0;132.0;134.0;134.0;132.0;132.0;144.0;168.0;138.0;138.0;136.0;150.0;1;1;1;1;1;1;1;1;1;1;1;1;1;1;1;1;1;1;1;1;1;1;1;1;1;1;1;1;1;1;1
60130000;1;05/1956;1;1;168.0;132.0;140.0;27;20;1;1;1;139.0;1;136.0;140.0;138.0;138.0;136.0;142.0;164.0;138.0;144.0;140.0;136.0;136.0;134.0;160.0;138.0;136.0;136.0;134.0;134.0;132.0;132.0;134.0;134.0;132.0;132.0;144.0;168.0;138.0;138.0;136.0;150.0;1;1;1;1;1;1;1;1;1;1;1;1;1;1;1;1;1;1;1;1;1;1;1;1;1;1;1;1;1;1;1
60130000;2;06/1956;1;1;160.0;132.0;138.9333;13;8;1;1;1;0.0;0;138.0;136.0;138.0;136.0;136.0;134.0;154.0;132.0;132.0;132.0;134.0;152.0;160.0;146.0;152.0;148.0;142.0;140.0;138.0;138.0;138.0;136.0;136.0;136.0;136.0;136.0;134.0;134.0;132.0;132.0;;1;1;1;1;1;1;1;1;1;1;1;1;1;1;1;1;1;1;1;1;1;1;1;1;1;1;1;1;1;1;
60130000;1;06/1956;1;1;160.0;132.0;139.0;13;8;1;1;1;139.0;1;138.0;136.0;138.0;136.0;136.0;134.0;154.0;132.0;132.0;132.0;134.0;152.0;160.0;146.0;152.0;148.0;142.0;140.0;138.0;138.0;138.0;136.0;136.0;136.0;136.0;136.0;134.0;134.0;132.0;132.0;;1;1;1;1;1;1;1;1;1;1;1;1;1;1;1;1;1;1;1;1;1;1;1;1;1;1;1;1;1;1;0
60130000;2;07/1956;1;1;134.0;124.0;128.8387;28;31;1;1;1;0.0;0;132.0;132.0;132.0;132.0;132.0;132.0;132.0;132.0;130.0;130.0;130.0;130.0;130.0;128.0;128.0;128.0;128.0;128.0;126.0;126.0;126.0;126.0;126.0;126.0;126.0;126.0;126.0;134.0;130.0;126.0;124.0;1;1;1;1;1;1;1;1;1;1;1;1;1;1;1;1;1;1;1;1;1;1;1;1;1;1;1;1;1;1;1
60130000;1;07/1956;1;1;134.0;124.0;129.0;28;31;1;1;1;139.0;1;132.0;132.0;132.0;132.0;132.0;132.0;132.0;132.0;130.0;130.0;130.0;130.0;130.0;128.0;128.0;128.0;128.0;128.0;126.0;126.0;126.0;126.0;126.0;126.0;126.0;126.0;126.0;134.0;130.0;126.0;124.0;1;1;1;1;1;1;1;1;1;1;1;1;1;1;1;1;1;1;1;1;1;1;1;1;1;1;1;1;1;1;1
60130000;2;08/1956;1;1;142.0;116.0;121.5484;28;22;1;1;1;0.0;0;132.0;130.0;126.0;126.0;124.0;124.0;124.0;124.0;122.0;122.0;122.0;120.0;120.0;120.0;120.0;120.0;118.0;118.0;118.0;118.0;118.0;116.0;116.0;116.0;116.0;130.0;116.0;142.0;118.0;116.0;116.0;1;1;1;1;1;1;1;1;1;1;1;1;1;1;1;1;1;1;1;1;1;1;1;1;1;1;1;1;1;1;1
60130000;1;08/1956;1;1;142.0;116.0;122.0;28;22;1;1;1;139.0;1;132.0;130.0;126.0;126.0;124.0;124.0;124.0;124.0;122.0;122.0;122.0;120.0;120.0;120.0;120.0;120.0;118.0;118.0;118.0;118.0;118.0;116.0;116.0;116.0;116.0;130.0;116.0;142.0;118.0;116.0;116.0;1;1;1;1;1;1;1;1;1;1;1;1;1;1;1;1;1;1;1;1;1;1;1;1;1;1;1;1;1;1;1
60130000;2;09/1956;1;1;116.0;104.0;110.8;14;28;1;1;1;0.0;0;114.0;114.0;114.0;114.0;114.0;112.0;112.0;112.0;112.0;112.0;112.0;114.0;114.0;116.0;112.0;110.0;110.0;110.0;110.0;108.0;108.0;108.0;108.0;106.0;106.0;106.0;106.0;104.0;114.0;112.0;;1;1;1;1;1;1;1;1;1;1;1;1;1;1;1;1;1;1;1;1;1;1;1;1;1;1;1;1;1;1;
60130000;1;09/1956;1;1;116.0;104.0;111.0;14;28;1;1;1;139.0;1;114.0;114.0;114.0;114.0;114.0;112.0;112.0;112.0;112.0;112.0;112.0;114.0;114.0;116.0;112.0;110.0;110.0;110.0;110.0;108.0;108.0;108.0;108.0;106.0;106.0;106.0;106.0;104.0;114.0;112.0;;1;1;1;1;1;1;1;1;1;1;1;1;1;1;1;1;1;1;1;1;1;1;1;1;1;1;1;1;1;1;0
60130000;2;10/1956;1;1;178.0;102.0;107.7419;31;11;1;1;1;0.0;0;118.0;110.0;110.0;108.0;106.0;106.0;106.0;106.0;104.0;104.0;102.0;104.0;104.0;102.0;102.0;102.0;102.0;106.0;108.0;106.0;106.0;104.0;102.0;102.0;102.0;102.0;102.0;112.0;106.0;108.0;178.0;1;1;1;1;1;1;1;1;1;1;1;1;1;1;1;1;1;1;1;1;1;1;1;1;1;1;1;1;1;1;1
60130000;1;10/1956;1;1;178.0;102.0;108.0;31;11;1;1;1;139.0;1;118.0;110.0;110.0;108.0;106.0;106.0;106.0;106.0;104.0;104.0;102.0;104.0;104.0;102.0;102.0;102.0;102.0;106.0;108.0;106.0;106.0;104.0;102.0;102.0;102.0;102.0;102.0;112.0;106.0;108.0;178.0;1;1;1;1;1;1;1;1;1;1;1;1;1;1;1;1;1;1;1;1;1;1;1;1;1;1;1;1;1;1;1
60130000;2;11/1956;1;1;298.0;102.0;131.60001;27;8;1;1;1;0.0;0;108.0;106.0;106.0;160.0;108.0;106.0;104.0;102.0;102.0;104.0;184.0;128.0;118.0;108.0;110.0;108.0;106.0;106.0;104.0;104.0;102.0;120.0;200.0;140.0;230.0;130.0;298.0;160.0;146.0;140.0;;1;1;1;1;1;1;1;1;1;1;1;1;1;1;1;1;1;1;1;1;1;1;1;1;1;1;1;1;1;1;
60130000;1;11/1956;1;1;298.0;102.0;132.0;27;8;1;1;1;139.0;1;108.0;106.0;106.0;160.0;108.0;106.0;104.0;102.0;102.0;104.0;184.0;128.0;118.0;108.0;110.0;108.0;106.0;106.0;104.0;104.0;102.0;120.0;200.0;140.0;230.0;130.0;298.0;160.0;146.0;140.0;;1;1;1;1;1;1;1;1;1;1;1;1;1;1;1;1;1;1;1;1;1;1;1;1;1;1;1;1;1;1;0
60130000;2;12/1956;1;1;310.0;130.0;161.4194;26;5;1;1;1;0.0;0;134.0;132.0;132.0;132.0;130.0;134.0;136.0;130.0;156.0;138.0;136.0;132.0;130.0;134.0;132.0;154.0;156.0;140.0;136.0;142.0;140.0;158.0;144.0;188.0;292.0;310.0;254.0;216.0;194.0;184.0;178.0;1;1;1;1;1;1;1;1;1;1;1;1;1;1;1;1;1;1;1;1;1;1;1;1;1;1;1;1;1;1;1
60130000;1;12/1956;1;1;310.0;130.0;161.0;26;5;1;1;1;139.0;1;134.0;132.0;132.0;132.0;130.0;134.0;136.0;130.0;156.0;138.0;136.0;132.0;130.0;134.0;132.0;154.0;156.0;140.0;136.0;142.0;140.0;158.0;144.0;188.0;292.0;310.0;254.0;216.0;194.0;184.0;178.0;1;1;1;1;1;1;1;1;1;1;1;1;1;1;1;1;1;1;1;1;1;1;1;1;1;1;1;1;1;1;1
60130000;2;01/1957;1;1;302.0;156.0;196.9032;22;12;1;1;1;0.0;0;198.0;176.0;170.0;166.0;158.0;158.0;166.0;158.0;160.0;162.0;160.0;156.0;166.0;270.0;210.0;200.0;270.0;234.0;204.0;292.0;210.0;302.0;204.0;190.0;178.0;180.0;176.0;170.0;260.0;218.0;182.0;1;1;1;1;1;1;1;1;1;1;1;1;1;1;1;1;1;1;1;1;1;1;1;1;1;1;1;1;1;1;1
60130000;1;01/1957;1;1;302.0;156.0;197.0;22;12;1;1;1;161.0;1;198.0;176.0;170.0;166.0;158.0;158.0;166.0;158.0;160.0;162.0;160.0;156.0;166.0;270.0;210.0;200.0;270.0;234.0;204.0;292.0;210.0;302.0;204.0;190.0;178.0;180.0;176.0;170.0;260.0;218.0;182.0;1;1;1;1;1;1;1;1;1;1;1;1;1;1;1;1;1;1;1;1;1;1;1;1;1;1;1;1;1;1;1
60130000;2;02/1957;1;1;300.0;126.0;197.1429;26;5;1;1;1;0.0;0;180.0;168.0;210.0;182.0;126.0;184.0;180.0;174.0;186.0;218.0;180.0;186.0;206.0;174.0;182.0;218.0;190.0;178.0;174.0;180.0;236.0;208.0;200.0;190.0;184.0;300.0;280.0;246.0;;;;1;1;1;1;1;1;1;1;1;1;1;1;1;1;1;1;1;1;1;1;1;1;1;1;1;1;1;1;;;
60130000;1;02/1957;1;1;300.0;126.0;197.0;26;5;1;1;1;161.0;1;180.0;168.0;210.0;182.0;126.0;184.0;180.0;174.0;186.0;218.0;180.0;186.0;206.0;174.0;182.0;218.0;190.0;178.0;174.0;180.0;236.0;208.0;200.0;190.0;184.0;300.0;280.0;246.0;;;;1;1;1;1;1;1;1;1;1;1;1;1;1;1;1;1;1;1;1;1;1;1;1;1;1;1;1;1;0;0;0
60130000;2;03/1957;1;1;246.0;178.0;194.0;23;31;1;1;1;0.0;0;224.0;202.0;200.0;196.0;192.0;190.0;188.0;192.0;190.0;200.0;208.0;196.0;190.0;186.0;184.0;184.0;192.0;186.0;180.0;182.0;188.0;190.0;246.0;194.0;204.0;198.0;190.0;200.0;184.0;180.0;178.0;1;1;1;1;1;1;1;1;1;1;1;1;1;1;1;1;1;1;1;1;1;1;1;1;1;1;1;1;1;1;1
60130000;1;03/1957;1;1;246.0;178.0;194.0;23;31;1;1;1;161.0;1;224.0;202.0;200.0;196.0;192.0;190.0;188.0;192.0;190.0;200.0;208.0;196.0;190.0;186.0;184.0;184.0;192.0;186.0;180.0;182.0;188.0;190.0;246.0;194.0;204.0;198.0;190.0;200.0;184.0;180.0;178.0;1;1;1;1;1;1;1;1;1;1;1;1;1;1;1;1;1;1;1;1;1;1;1;1;1;1;1;1;1;1;1
60130000;2;04/1957;1;1;290.0;176.0;200.26669;7;1;1;1;1;0.0;0;176.0;204.0;180.0;184.0;242.0;254.0;290.0;210.0;190.0;204.0;192.0;240.0;194.0;206.0;190.0;276.0;192.0;190.0;190.0;188.0;186.0;184.0;184.0;182.0;182.0;180.0;180.0;180.0;180.0;178.0;;1;1;1;1;1;1;1;1;1;1;1;1;1;1;1;1;1;1;1;1;1;1;1;1;1;1;1;1;1;1;
60130000;1;04/1957;1;1;290.0;176.0;200.0;7;1;1;1;1;161.0;1;176.0;204.0;180.0;184.0;242.0;254.0;290.0;210.0;190.0;204.0;192.0;240.0;194.0;206.0;190.0;276.0;192.0;190.0;190.0;188.0;186.0;184.0;184.0;182.0;182.0;180.0;180.0;180.0;180.0;178.0;;1;1;1;1;1;1;1;1;1;1;1;1;1;1;1;1;1;1;1;1;1;1;1;1;1;1;1;1;1;1;0
60130000;2;05/1957;1;1;210.0;162.0;172.0;8;29;1;1;1;0.0;0;178.0;176.0;176.0;174.0;174.0;174.0;174.0;210.0;176.0;174.0;178.0;174.0;174.0;174.0;174.0;174.0;176.0;174.0;172.0;170.0;168.0;166.0;166.0;164.0;164.0;164.0;164.0;164.0;162.0;162.0;162.0;1;1;1;1;1;1;1;1;1;1;1;1;1;1;1;1;1;1;1;1;1;1;1;1;1;1;1;1;1;1;1
60130000;1;05/1957;1;1;210.0;162.0;172.0;8;29;1;1;1;161.0;1;178.0;176.0;176.0;174.0;174.0;174.0;174.0;210.0;176.0;174.0;178.0;174.0;174.0;174.0;174.0;174.0;176.0;174.0;172.0;170.0;168.0;166.0;166.0;164.0;164.0;164.0;164.0;164.0;162.0;162.0;162.0;1;1;1;1;1;1;1;1;1;1;1;1;1;1;1;1;1;1;1;1;1;1;1;1;1;1;1;1;1;1;1
60130000;2;06/1957;1;1;162.0;148.0;153.9333;1;28;1;1;1;0.0;0;162.0;160.0;160.0;160.0;160.0;158.0;158.0;156.0;156.0;156.0;154.0;154.0;154.0;154.0;154.0;154.0;154.0;152.0;152.0;152.0;152.0;152.0;150.0;150.0;150.0;150.0;150.0;148.0;148.0;148.0;;1;1;1;1;1;1;1;1;1;1;1;1;1;1;1;1;1;1;1;1;1;1;1;1;1;1;1;1;1;1;
60130000;1;06/1957;1;1;162.0;148.0;154.0;1;28;1;1;1;161.0;1;162.0;160.0;160.0;160.0;160.0;158.0;158.0;156.0;156.0;156.0;154.0;154.0;154.0;154.0;154.0;154.0;154.0;152.0;152.0;152.0;152.0;152.0;150.0;150.0;150.0;150.0;150.0;148.0;148.0;148.0;;1;1;1;1;1;1;1;1;1;1;1;1;1;1;1;1;1;1;1;1;1;1;1;1;1;1;1;1;1;1;0
60130000;2;07/1957;1;1;148.0;138.0;142.5806;1;27;1;1;1;0.0;0;148.0;148.0;146.0;146.0;146.0;146.0;148.0;148.0;146.0;144.0;144.0;144.0;144.0;144.0;144.0;142.0;142.0;140.0;140.0;140.0;140.0;140.0;140.0;140.0;140.0;140.0;138.0;138.0;138.0;138.0;138.0;1;1;1;1;1;1;1;1;1;1;1;1;1;1;1;1;1;1;1;1;1;1;1;1;1;1;1;1;1;1;1
60130000;1;07/1957;1;1;148.0;138.0;143.0;1;27;1;1;1;161.0;1;148.0;148.0;146.0;146.0;146.0;146.0;148.0;148.0;146.0;144.0;144.0;144.0;144.0;144.0;144.0;142.0;142.0;140.0;140.0;140.0;140.0;140.0;140.0;140.0;140.0;140.0;138.0;138.0;138.0;138.0;138.0;1;1;1;1;1;1;1;1;1;1;1;1;1;1;1;1;1;1;1;1;1;1;1;1;1;1;1;1;1;1;1
60130000;2;08/1957;1;1;138.0;126.0;132.0;1;29;1;1;1;0.0;0;138.0;138.0;138.0;138.0;138.0;138.0;138.0;136.0;136.0;134.0;132.0;132.0;132.0;130.0;130.0;130.0;130.0;132.0;132.0;130.0;130.0;130.0;130.0;130.0;128.0;128.0;128.0;128.0;126.0;126.0;126.0;1;1;1;1;1;1;1;1;1;1;1;1;1;1;1;1;1;1;1;1;1;1;1;1;1;1;1;1;1;1;1
60130000;1;08/1957;1;1;138.0;126.0;132.0;1;29;1;1;1;161.0;1;138.0;138.0;138.0;138.0;138.0;138.0;138.0;136.0;136.0;134.0;132.0;132.0;132.0;130.0;130.0;130.0;130.0;132.0;132.0;130.0;130.0;130.0;130.0;130.0;128.0;128.0;128.0;128.0;126.0;126.0;126.0;1;1;1;1;1;1;1;1;1;1;1;1;1;1;1;1;1;1;1;1;1;1;1;1;1;1;1;1;1;1;1
60130000;2;09/1957;1;1;150.0;118.0;123.5333;23;10;1;1;1;0.0;0;126.0;126.0;126.0;126.0;126.0;126.0;126.0;124.0;124.0;118.0;122.0;122.0;120.0;120.0;120.0;120.0;120.0;120.0;118.0;118.0;118.0;118.0;150.0;148.0;126.0;122.0;120.0;118.0;118.0;120.0;;1;1;1;1;1;1;1;1;1;1;1;1;1;1;1;1;1;1;1;1;1;1;1;1;1;1;1;1;1;1;
60130000;1;09/1957;1;1;150.0;118.0;124.0;23;10;1;1;1;161.0;1;126.0;126.0;126.0;126.0;126.0;126.0;126.0;124.0;124.0;118.0;122.0;122.0;120.0;120.0;120.0;120.0;120.0;120.0;118.0;118.0;118.0;118.0;150.0;148.0;126.0;122.0;120.0;118.0;118.0;120.0;;1;1;1;1;1;1;1;1;1;1;1;1;1;1;1;1;1;1;1;1;1;1;1;1;1;1;1;1;1;1;0
60130000;2;10/1957;1;1;194.0;114.0;119.7419;26;15;1;1;1;0.0;0;118.0;118.0;118.0;118.0;118.0;118.0;116.0;116.0;116.0;116.0;116.0;116.0;116.0;116.0;114.0;114.0;114.0;114.0;114.0;114.0;114.0;114.0;114.0;116.0;116.0;194.0;140.0;122.0;126.0;118.0;118.0;1;1;1;1;1;1;1;1;1;1;1;1;1;1;1;1;1;1;1;1;1;1;1;1;1;1;1;1;1;1;1
60130000;1;10/1957;1;1;194.0;114.0;120.0;26;15;1;1;1;161.0;1;118.0;118.0;118.0;118.0;118.0;118.0;116.0;116.0;116.0;116.0;116.0;116.0;116.0;116.0;114.0;114.0;114.0;114.0;114.0;114.0;114.0;114.0;114.0;116.0;116.0;194.0;140.0;122.0;126.0;118.0;118.0;1;1;1;1;1;1;1;1;1;1;1;1;1;1;1;1;1;1;1;1;1;1;1;1;1;1;1;1;1;1;1
60130000;2;11/1957;1;1;198.0;116.0;136.73331;9;2;1;1;1;0.0;0;118.0;116.0;116.0;116.0;118.0;118.0;118.0;118.0;198.0;142.0;124.0;120.0;118.0;150.0;134.0;126.0;124.0;130.0;128.0;150.0;142.0;142.0;154.0;190.0;154.0;148.0;144.0;140.0;150.0;156.0;;1;1;1;1;1;1;1;1;1;1;1;1;1;1;1;1;1;1;1;1;1;1;1;1;1;1;1;1;1;1;
60130000;1;11/1957;1;1;198.0;116.0;137.0;9;2;1;1;1;161.0;1;118.0;116.0;116.0;116.0;118.0;118.0;118.0;118.0;198.0;142.0;124.0;120.0;118.0;150.0;134.0;126.0;124.0;130.0;128.0;150.0;142.0;142.0;154.0;190.0;154.0;148.0;144.0;140.0;150.0;156.0;;1;1;1;1;1;1;1;1;1;1;1;1;1;1;1;1;1;1;1;1;1;1;1;1;1;1;1;1;1;1;0
60130000;2;12/1957;1;1;200.0;142.0;158.5806;3;31;1;1;1;0.0;0;148.0;148.0;200.0;164.0;190.0;160.0;156.0;182.0;156.0;150.0;160.0;180.0;168.0;154.0;162.0;150.0;146.0;148.0;150.0;190.0;160.0;150.0;158.0;150.0;154.0;150.0;150.0;148.0;148.0;144.0;142.0;1;1;1;1;1;1;1;1;1;1;1;1;1;1;1;1;1;1;1;1;1;1;1;1;1;1;1;1;1;1;1
60130000;1;12/1957;1;1;200.0;142.0;159.0;3;31;1;1;1;161.0;1;148.0;148.0;200.0;164.0;190.0;160.0;156.0;182.0;156.0;150.0;160.0;180.0;168.0;154.0;162.0;150.0;146.0;148.0;150.0;190.0;160.0;150.0;158.0;150.0;154.0;150.0;150.0;148.0;148.0;144.0;142.0;1;1;1;1;1;1;1;1;1;1;1;1;1;1;1;1;1;1;1;1;1;1;1;1;1;1;1;1;1;1;1
60130000;2;01/1958;1;1;305.0;138.0;165.129;24;8;1;1;1;0.0;0;140.0;140.0;140.0;140.0;142.0;140.0;140.0;138.0;138.0;140.0;140.0;142.0;142.0;142.0;150.0;152.0;156.0;146.0;160.0;154.0;154.0;150.0;300.0;305.0;220.0;208.0;180.0;166.0;178.0;192.0;184.0;1;1;1;1;1;1;1;1;1;1;1;1;1;1;1;1;1;1;1;1;1;1;1;1;1;1;1;1;1;1;1
60130000;1;01/1958;1;1;305.0;138.0;165.0;24;8;1;1;1;141.0;1;140.0;140.0;140.0;140.0;142.0;140.0;140.0;138.0;138.0;140.0;140.0;142.0;142.0;142.0;150.0;152.0;156.0;146.0;160.0;154.0;154.0;150.0;300.0;305.0;220.0;208.0;180.0;166.0;178.0;192.0;184.0;1;1;1;1;1;1;1;1;1;1;1;1;1;1;1;1;1;1;1;1;1;1;1;1;1;1;1;1;1;1;1
60130000;2;02/1958;1;1;264.0;138.0;186.3571;7;25;1;1;1;0.0;0;180.0;234.0;188.0;186.0;182.0;184.0;264.0;214.0;186.0;178.0;186.0;190.0;180.0;184.0;180.0;178.0;176.0;176.0;178.0;170.0;168.0;168.0;166.0;166.0;138.0;190.0;238.0;190.0;;;;1;1;1;1;1;1;1;1;1;1;1;1;1;1;1;1;1;1;1;1;1;1;1;1;1;1;1;1;;;
60130000;1;02/1958;1;1;264.0;138.0;186.0;7;25;1;1;1;141.0;1;180.0;234.0;188.0;186.0;182.0;184.0;264.0;214.0;186.0;178.0;186.0;190.0;180.0;184.0;180.0;178.0;176.0;176.0;178.0;170.0;168.0;168.0;166.0;166.0;138.0;190.0;238.0;190.0;;;;1;1;1;1;1;1;1;1;1;1;1;1;1;1;1;1;1;1;1;1;1;1;1;1;1;1;1;1;0;0;0
60130000;2;03/1958;1;1;212.0;160.0;171.3548;3;17;1;1;1;0.0;0;210.0;210.0;212.0;178.0;172.0;170.0;168.0;170.0;170.0;170.0;168.0;168.0;166.0;164.0;162.0;162.0;160.0;178.0;172.0;164.0;166.0;170.0;168.0;170.0;168.0;168.0;166.0;162.0;160.0;160.0;160.0;1;1;1;1;1;1;1;1;1;1;1;1;1;1;1;1;1;1;1;1;1;1;1;1;1;1;1;1;1;1;1
60130000;1;03/1958;1;1;212.0;160.0;171.0;3;17;1;1;1;141.0;1;210.0;210.0;212.0;178.0;172.0;170.0;168.0;170.0;170.0;170.0;168.0;168.0;166.0;164.0;162.0;162.0;160.0;178.0;172.0;164.0;166.0;170.0;168.0;170.0;168.0;168.0;166.0;162.0;160.0;160.0;160.0;1;1;1;1;1;1;1;1;1;1;1;1;1;1;1;1;1;1;1;1;1;1;1;1;1;1;1;1;1;1;1
60130000;2;04/1958;1;1;170.0;152.0;159.9333;2;27;1;1;1;0.0;0;158.0;170.0;168.0;166.0;164.0;160.0;158.0;158.0;156.0;156.0;170.0;168.0;168.0;166.0;164.0;158.0;156.0;158.0;164.0;162.0;160.0;160.0;158.0;156.0;154.0;154.0;152.0;152.0;152.0;152.0;;1;1;1;1;1;1;1;1;1;1;1;1;1;1;1;1;1;1;1;1;1;1;1;1;1;1;1;1;1;1;
60130000;1;04/1958;1;1;170.0;152.0;160.0;2;27;1;1;1;141.0;1;158.0;170.0;168.0;166.0;164.0;160.0;158.0;158.0;156.0;156.0;170.0;168.0;168.0;166.0;164.0;158.0;156.0;158.0;164.0;162.0;160.0;160.0;158.0;156.0;154.0;154.0;152.0;152.0;152.0;152.0;;1;1;1;1;1;1;1;1;1;1;1;1;1;1;1;1;1;1;1;1;1;1;1;1;1;1;1;1;1;1;0
60130000;2;05/1958;1;1;156.0;144.0;149.4839;10;22;1;1;1;0.0;0;152.0;152.0;152.0;150.0;150.0;154.0;152.0;152.0;152.0;156.0;154.0;154.0;152.0;150.0;148.0;148.0;148.0;146.0;146.0;146.0;146.0;144.0;148.0;150.0;150.0;148.0;148.0;148.0;146.0;146.0;146.0;1;1;1;1;1;1;1;1;1;1;1;1;1;1;1;1;1;1;1;1;1;1;1;1;1;1;1;1;1;1;1
60130000;1;05/1958;1;1;156.0;144.0;149.0;10;22;1;1;1;141.0;1;152.0;152.0;152.0;150.0;150.0;154.0;152.0;152.0;152.0;156.0;154.0;154.0;152.0;150.0;148.0;148.0;148.0;146.0;146.0;146.0;146.0;144.0;148.0;150.0;150.0;148.0;148.0;148.0;146.0;146.0;146.0;1;1;1;1;1;1;1;1;1;1;1;1;1;1;1;1;1;1;1;1;1;1;1;1;1;1;1;1;1;1;1
60130000;2;06/1958;1;1;146.0;136.0;139.39999;1;23;1;1;1;0.0;0;146.0;146.0;144.0;144.0;142.0;142.0;140.0;140.0;140.0;140.0;140.0;140.0;140.0;138.0;138.0;138.0;138.0;138.0;138.0;138.0;138.0;138.0;136.0;136.0;136.0;136.0;138.0;138.0;138.0;138.0;;1;1;1;1;1;1;1;1;1;1;1;1;1;1;1;1;1;1;1;1;1;1;1;1;1;1;1;1;1;1;
60130000;1;06/1958;1;1;146.0;136.0;139.0;1;23;1;1;1;141.0;1;146.0;146.0;144.0;144.0;142.0;142.0;140.0;140.0;140.0;140.0;140.0;140.0;140.0;138.0;138.0;138.0;138.0;138.0;138.0;138.0;138.0;138.0;136.0;136.0;136.0;136.0;138.0;138.0;138.0;138.0;;1;1;1;1;1;1;1;1;1;1;1;1;1;1;1;1;1;1;1;1;1;1;1;1;1;1;1;1;1;1;0
60130000;2;07/1958;1;1;146.0;126.0;131.6129;16;31;1;1;1;0.0;0;136.0;136.0;134.0;134.0;134.0;134.0;134.0;132.0;132.0;132.0;132.0;132.0;132.0;130.0;130.0;146.0;138.0;132.0;130.0;130.0;128.0;128.0;128.0;128.0;130.0;130.0;128.0;128.0;128.0;128.0;126.0;1;1;1;1;1;1;1;1;1;1;1;1;1;1;1;1;1;1;1;1;1;1;1;1;1;1;1;1;1;1;1
60130000;1;07/1958;1;1;146.0;126.0;132.0;16;31;1;1;1;141.0;1;136.0;136.0;134.0;134.0;134.0;134.0;134.0;132.0;132.0;132.0;132.0;132.0;132.0;130.0;130.0;146.0;138.0;132.0;130.0;130.0;128.0;128.0;128.0;128.0;130.0;130.0;128.0;128.0;128.0;128.0;126.0;1;1;1;1;1;1;1;1;1;1;1;1;1;1;1;1;1;1;1;1;1;1;1;1;1;1;1;1;1;1;1
60130000;2;08/1958;1;1;128.0;116.0;121.5484;1;25;1;1;1;0.0;0;128.0;128.0;128.0;128.0;126.0;126.0;126.0;124.0;124.0;124.0;124.0;124.0;122.0;122.0;122.0;122.0;122.0;122.0;120.0;120.0;120.0;118.0;118.0;118.0;116.0;116.0;116.0;116.0;116.0;116.0;116.0;1;1;1;1;1;1;1;1;1;1;1;1;1;1;1;1;1;1;1;1;1;1;1;1;1;1;1;1;1;1;1
60130000;1;08/1958;1;1;128.0;116.0;122.0;1;25;1;1;1;141.0;1;128.0;128.0;128.0;128.0;126.0;126.0;126.0;124.0;124.0;124.0;124.0;124.0;122.0;122.0;122.0;122.0;122.0;122.0;120.0;120.0;120.0;118.0;118.0;118.0;116.0;116.0;116.0;116.0;116.0;116.0;116.0;1;1;1;1;1;1;1;1;1;1;1;1;1;1;1;1;1;1;1;1;1;1;1;1;1;1;1;1;1;1;1
60130000;2;09/1958;1;1;150.0;110.0;115.4;14;28;1;1;1;0.0;0;116.0;116.0;114.0;114.0;114.0;114.0;114.0;112.0;112.0;112.0;112.0;112.0;116.0;150.0;136.0;120.0;116.0;114.0;114.0;114.0;114.0;114.0;114.0;112.0;112.0;112.0;112.0;110.0;110.0;110.0;;1;1;1;1;1;1;1;1;1;1;1;1;1;1;1;1;1;1;1;1;1;1;1;1;1;1;1;1;1;1;
60130000;1;09/1958;1;1;150.0;110.0;115.0;14;28;1;1;1;141.0;1;116.0;116.0;114.0;114.0;114.0;114.0;114.0;112.0;112.0;112.0;112.0;112.0;116.0;150.0;136.0;120.0;116.0;114.0;114.0;114.0;114.0;114.0;114.0;112.0;112.0;112.0;112.0;110.0;110.0;110.0;;1;1;1;1;1;1;1;1;1;1;1;1;1;1;1;1;1;1;1;1;1;1;1;1;1;1;1;1;1;1;0
60130000;2;10/1958;1;1;130.0;108.0;115.3871;27;1;1;1;1;0.0;0;108.0;116.0;116.0;116.0;116.0;114.0;112.0;114.0;112.0;112.0;114.0;112.0;112.0;112.0;112.0;126.0;118.0;114.0;114.0;114.0;112.0;112.0;112.0;112.0;112.0;113.0;130.0;125.0;125.0;118.0;122.0;1;1;1;1;1;1;1;1;1;1;1;1;1;1;1;1;1;1;1;1;1;1;1;1;1;1;1;1;1;1;1
60130000;1;10/1958;1;1;130.0;108.0;115.0;27;1;1;1;1;141.0;1;108.0;116.0;116.0;116.0;116.0;114.0;112.0;114.0;112.0;112.0;114.0;112.0;112.0;112.0;112.0;126.0;118.0;114.0;114.0;114.0;112.0;112.0;112.0;112.0;112.0;113.0;130.0;125.0;125.0;118.0;122.0;1;1;1;1;1;1;1;1;1;1;1;1;1;1;1;1;1;1;1;1;1;1;1;1;1;1;1;1;1;1;1
60130000;2;11/1958;1;1;118.0;100.0;110.2;1;30;1;1;1;0.0;0;118.0;116.0;115.0;114.0;115.0;115.0;115.0;112.0;110.0;110.0;110.0;110.0;110.0;110.0;110.0;110.0;110.0;108.0;108.0;108.0;108.0;108.0;108.0;108.0;108.0;108.0;108.0;108.0;108.0;100.0;;1;1;1;1;1;1;1;1;1;1;1;1;1;1;1;1;1;1;1;1;1;1;1;1;1;1;1;1;1;1;
60130000;1;11/1958;1;1;118.0;100.0;110.0;1;30;1;1;1;141.0;1;118.0;116.0;115.0;114.0;115.0;115.0;115.0;112.0;110.0;110.0;110.0;110.0;110.0;110.0;110.0;110.0;110.0;108.0;108.0;108.0;108.0;108.0;108.0;108.0;108.0;108.0;108.0;108.0;108.0;100.0;;1;1;1;1;1;1;1;1;1;1;1;1;1;1;1;1;1;1;1;1;1;1;1;1;1;1;1;1;1;1;0
60130000;2;12/1958;1;1;190.0;105.0;121.2903;15;6;1;1;1;0.0;0;110.0;110.0;110.0;110.0;110.0;105.0;105.0;105.0;108.0;110.0;110.0;112.0;170.0;140.0;190.0;115.0;115.0;115.0;120.0;115.0;117.0;120.0;120.0;130.0;123.0;130.0;130.0;125.0;125.0;125.0;130.0;1;1;1;1;1;1;1;1;1;1;1;1;1;1;1;1;1;1;1;1;1;1;1;1;1;1;1;1;1;1;1
60130000;1;12/1958;1;1;190.0;105.0;121.0;15;6;1;1;1;141.0;1;110.0;110.0;110.0;110.0;110.0;105.0;105.0;105.0;108.0;110.0;110.0;112.0;170.0;140.0;190.0;115.0;115.0;115.0;120.0;115.0;117.0;120.0;120.0;130.0;123.0;130.0;130.0;125.0;125.0;125.0;130.0;1;1;1;1;1;1;1;1;1;1;1;1;1;1;1;1;1;1;1;1;1;1;1;1;1;1;1;1;1;1;1
60130000;2;01/1959;1;1;290.0;120.0;160.8065;10;1;1;1;1;0.0;0;120.0;120.0;120.0;120.0;120.0;120.0;130.0;140.0;140.0;290.0;220.0;170.0;160.0;150.0;150.0;130.0;130.0;130.0;230.0;180.0;170.0;160.0;180.0;180.0;180.0;175.0;150.0;170.0;190.0;160.0;200.0;1;1;1;1;1;1;1;1;1;1;1;1;1;1;1;1;1;1;1;1;1;1;1;1;1;1;1;1;1;1;1
60130000;1;01/1959;1;1;290.0;120.0;161.0;10;1;1;1;1;137.0;1;120.0;120.0;120.0;120.0;120.0;120.0;130.0;140.0;140.0;290.0;220.0;170.0;160.0;150.0;150.0;130.0;130.0;130.0;230.0;180.0;170.0;160.0;180.0;180.0;180.0;175.0;150.0;170.0;190.0;160.0;200.0;1;1;1;1;1;1;1;1;1;1;1;1;1;1;1;1;1;1;1;1;1;1;1;1;1;1;1;1;1;1;1
60130000;2;02/1959;1;1;300.0;135.0;157.9286;14;27;1;1;1;0.0;0;160.0;160.0;175.0;160.0;160.0;150.0;150.0;150.0;140.0;140.0;170.0;150.0;180.0;300.0;160.0;180.0;160.0;155.0;150.0;140.0;140.0;140.0;140.0;140.0;140.0;137.0;135.0;160.0;;;;1;1;1;1;1;1;1;1;1;1;1;1;1;1;1;1;1;1;1;1;1;1;1;1;1;1;1;1;;;
60130000;1;02/1959;1;1;300.0;135.0;158.0;14;27;1;1;1;137.0;1;160.0;160.0;175.0;160.0;160.0;150.0;150.0;150.0;140.0;140.0;170.0;150.0;180.0;300.0;160.0;180.0;160.0;155.0;150.0;140.0;140.0;140.0;140.0;140.0;140.0;137.0;135.0;160.0;;;;1;1;1;1;1;1;1;1;1;1;1;1;1;1;1;1;1;1;1;1;1;1;1;1;1;1;1;1;0;0;0
60130000;2;03/1959;1;1;330.0;140.0;177.9032;14;1;1;1;1;0.0;0;140.0;160.0;160.0;170.0;180.0;180.0;180.0;180.0;170.0;180.0;160.0;150.0;160.0;330.0;200.0;180.0;180.0;180.0;280.0;180.0;170.0;180.0;170.0;160.0;160.0;160.0;160.0;170.0;165.0;160.0;160.0;1;1;1;1;1;1;1;1;1;1;1;1;1;1;1;1;1;1;1;1;1;1;1;1;1;1;1;1;1;1;1
60130000;1;03/1959;1;1;330.0;140.0;178.0;14;1;1;1;1;137.0;1;140.0;160.0;160.0;170.0;180.0;180.0;180.0;180.0;170.0;180.0;160.0;150.0;160.0;330.0;200.0;180.0;180.0;180.0;280.0;180.0;170.0;180.0;170.0;160.0;160.0;160.0;160.0;170.0;165.0;160.0;160.0;1;1;1;1;1;1;1;1;1;1;1;1;1;1;1;1;1;1;1;1;1;1;1;1;1;1;1;1;1;1;1
60130000;2;04/1959;1;1;;;;;;0;0;0;0.0;0;150.0;150.0;140.0;140.0;;;;;;;;;;;;;;;;;;;;;;;;;;;;1;1;1;1;;;;;;;;;;;;;;;;;;;;;;;;;;;
60130000;1;04/1959;1;1;190.0;140.0;151.0;28;3;1;1;1;137.0;1;150.0;150.0;140.0;140.0;150.0;150.0;150.0;150.0;150.0;150.0;150.0;150.0;150.0;150.0;150.0;150.0;150.0;150.0;150.0;150.0;150.0;150.0;150.0;150.0;150.0;150.0;150.0;190.0;150.0;150.0;;1;1;1;1;1;1;1;1;1;1;1;1;1;1;1;1;1;1;1;1;1;1;1;1;1;1;1;1;1;1;0
60130000;2;05/1959;1;1;;;;;;0;0;0;0.0;0;;149.0;148.0;148.0;148.0;147.0;147.0;147.0;147.0;146.0;146.0;146.0;145.0;145.0;145.0;140.0;140.0;140.0;140.0;140.0;140.0;140.0;136.0;136.0;136.0;136.0;136.0;136.0;136.0;136.0;136.0;;1;1;1;1;1;1;1;1;1;1;1;1;1;1;1;1;1;1;1;1;1;1;1;1;1;1;1;1;1;1
60130000;1;05/1959;1;1;150.0;136.0;142.0;1;23;1;1;1;137.0;1;150.0;149.0;148.0;148.0;148.0;147.0;147.0;147.0;147.0;146.0;146.0;146.0;145.0;145.0;145.0;140.0;140.0;140.0;140.0;140.0;140.0;140.0;136.0;136.0;136.0;136.0;136.0;136.0;136.0;136.0;136.0;1;1;1;1;1;1;1;1;1;1;1;1;1;1;1;1;1;1;1;1;1;1;1;1;1;1;1;1;1;1;1
60130000;2;06/1959;1;1;136.0;125.0;131.10001;1;25;1;1;1;0.0;0;136.0;136.0;136.0;136.0;136.0;136.0;136.0;135.0;135.0;135.0;135.0;135.0;135.0;135.0;135.0;128.0;128.0;128.0;128.0;128.0;128.0;127.0;126.0;126.0;125.0;125.0;127.0;126.0;126.0;125.0;;1;1;1;1;1;1;1;1;1;1;1;1;1;1;1;1;1;1;1;1;1;1;1;1;1;1;1;1;1;1;
60130000;1;06/1959;1;1;136.0;125.0;131.0;1;25;1;1;1;137.0;1;136.0;136.0;136.0;136.0;136.0;136.0;136.0;135.0;135.0;135.0;135.0;135.0;135.0;135.0;135.0;128.0;128.0;128.0;128.0;128.0;128.0;127.0;126.0;126.0;125.0;125.0;127.0;126.0;126.0;125.0;;1;1;1;1;1;1;1;1;1;1;1;1;1;1;1;1;1;1;1;1;1;1;1;1;1;1;1;1;1;1;0
60130000;2;07/1959;1;1;123.0;118.0;119.9677;1;13;1;1;1;0.0;0;123.0;122.0;122.0;122.0;122.0;120.0;120.0;120.0;120.0;119.0;119.0;119.0;118.0;118.0;118.0;123.0;122.0;122.0;122.0;122.0;120.0;120.0;119.0;119.0;119.0;119.0;118.0;118.0;118.0;118.0;118.0;1;1;1;1;1;1;1;1;1;1;1;1;1;1;1;1;1;1;1;1;1;1;1;1;1;1;1;1;1;1;1
60130000;1;07/1959;1;1;123.0;118.0;120.0;1;13;1;1;1;137.0;1;123.0;122.0;122.0;122.0;122.0;120.0;120.0;120.0;120.0;119.0;119.0;119.0;118.0;118.0;118.0;123.0;122.0;122.0;122.0;122.0;120.0;120.0;119.0;119.0;119.0;119.0;118.0;118.0;118.0;118.0;118.0;1;1;1;1;1;1;1;1;1;1;1;1;1;1;1;1;1;1;1;1;1;1;1;1;1;1;1;1;1;1;1
60130000;2;08/1959;1;1;118.0;115.0;116.3871;1;24;1;1;1;0.0;0;118.0;118.0;118.0;118.0;117.0;117.0;117.0;117.0;117.0;117.0;117.0;117.0;117.0;117.0;117.0;117.0;116.0;116.0;116.0;116.0;116.0;116.0;116.0;115.0;115.0;115.0;115.0;115.0;115.0;115.0;115.0;1;1;1;1;1;1;1;1;1;1;1;1;1;1;1;1;1;1;1;1;1;1;1;1;1;1;1;1;1;1;1
60130000;1;08/1959;1;1;118.0;115.0;116.0;1;24;1;1;1;137.0;1;118.0;118.0;118.0;118.0;117.0;117.0;117.0;117.0;117.0;117.0;117.0;117.0;117.0;117.0;117.0;117.0;116.0;116.0;116.0;116.0;116.0;116.0;116.0;115.0;115.0;115.0;115.0;115.0;115.0;115.0;115.0;1;1;1;1;1;1;1;1;1;1;1;1;1;1;1;1;1;1;1;1;1;1;1;1;1;1;1;1;1;1;1
60130000;2;09/1959;1;1;110.0;104.0;106.4;1;26;1;1;1;0.0;0;110.0;110.0;108.0;108.0;108.0;108.0;108.0;108.0;108.0;108.0;108.0;108.0;108.0;107.0;107.0;105.0;105.0;105.0;105.0;105.0;105.0;105.0;105.0;105.0;105.0;104.0;104.0;104.0;104.0;104.0;;1;1;1;1;1;1;1;1;1;1;1;1;1;1;1;1;1;1;1;1;1;1;1;1;1;1;1;1;1;1;
60130000;1;09/1959;1;1;110.0;104.0;106.0;1;26;1;1;1;137.0;1;110.0;110.0;108.0;108.0;108.0;108.0;108.0;108.0;108.0;108.0;108.0;108.0;108.0;107.0;107.0;105.0;105.0;105.0;105.0;105.0;105.0;105.0;105.0;105.0;105.0;104.0;104.0;104.0;104.0;104.0;;1;1;1;1;1;1;1;1;1;1;1;1;1;1;1;1;1;1;1;1;1;1;1;1;1;1;1;1;1;1;0
60130000;2;10/1959;1;1;119.0;103.0;107.7419;23;3;1;1;1;0.0;0;104.0;104.0;103.0;103.0;103.0;103.0;104.0;104.0;104.0;104.0;104.0;104.0;105.0;105.0;105.0;105.0;105.0;105.0;107.0;110.0;115.0;118.0;119.0;119.0;119.0;118.0;110.0;108.0;108.0;108.0;107.0;1;1;1;1;1;1;1;1;1;1;1;1;1;1;1;1;1;1;1;1;1;1;1;1;1;1;1;1;1;1;1
60130000;1;10/1959;1;1;119.0;103.0;108.0;23;3;1;1;1;137.0;1;104.0;104.0;103.0;103.0;103.0;103.0;104.0;104.0;104.0;104.0;104.0;104.0;105.0;105.0;105.0;105.0;105.0;105.0;107.0;110.0;115.0;118.0;119.0;119.0;119.0;118.0;110.0;108.0;108.0;108.0;107.0;1;1;1;1;1;1;1;1;1;1;1;1;1;1;1;1;1;1;1;1;1;1;1;1;1;1;1;1;1;1;1
60130000;2;11/1959;1;1;210.0;110.0;134.03329;25;5;1;1;1;0.0;0;115.0;114.0;113.0;113.0;110.0;110.0;110.0;112.0;113.0;114.0;115.0;115.0;117.0;120.0;120.0;112.0;111.0;110.0;150.0;140.0;130.0;175.0;180.0;190.0;210.0;180.0;170.0;160.0;150.0;142.0;;1;1;1;1;1;1;1;1;1;1;1;1;1;1;1;1;1;1;1;1;1;1;1;1;1;1;1;1;1;1;
60130000;1;11/1959;1;1;210.0;110.0;134.0;25;5;1;1;1;137.0;1;115.0;114.0;113.0;113.0;110.0;110.0;110.0;112.0;113.0;114.0;115.0;115.0;117.0;120.0;120.0;112.0;111.0;110.0;150.0;140.0;130.0;175.0;180.0;190.0;210.0;180.0;170.0;160.0;150.0;142.0;;1;1;1;1;1;1;1;1;1;1;1;1;1;1;1;1;1;1;1;1;1;1;1;1;1;1;1;1;1;1;0
60130000;2;12/1959;1;1;200.0;120.0;134.0645;10;4;1;1;1;0.0;0;128.0;126.0;124.0;120.0;122.0;123.0;125.0;130.0;140.0;200.0;160.0;150.0;145.0;140.0;137.0;137.0;134.0;130.0;128.0;130.0;129.0;128.0;130.0;134.0;133.0;132.0;130.0;129.0;128.0;127.0;127.0;1;1;1;1;1;1;1;1;1;1;1;1;1;1;1;1;1;1;1;1;1;1;1;1;1;1;1;1;1;1;1
60130000;1;12/1959;1;1;200.0;120.0;134.0;10;4;1;1;1;137.0;1;128.0;126.0;124.0;120.0;122.0;123.0;125.0;130.0;140.0;200.0;160.0;150.0;145.0;140.0;137.0;137.0;134.0;130.0;128.0;130.0;129.0;128.0;130.0;134.0;133.0;132.0;130.0;129.0;128.0;127.0;127.0;1;1;1;1;1;1;1;1;1;1;1;1;1;1;1;1;1;1;1;1;1;1;1;1;1;1;1;1;1;1;1
60130000;2;01/1960;1;1;250.0;135.0;170.129;2;4;1;1;1;0.0;0;145.0;250.0;180.0;135.0;135.0;135.0;136.0;140.0;145.0;155.0;160.0;150.0;148.0;145.0;210.0;150.0;150.0;210.0;200.0;200.0;160.0;155.0;230.0;200.0;180.0;200.0;190.0;160.0;160.0;160.0;200.0;1;1;1;1;1;1;1;1;1;1;1;1;1;1;1;1;1;1;1;1;1;1;1;1;1;1;1;1;1;1;1
60130000;1;01/1960;1;1;250.0;135.0;170.0;2;4;1;1;1;145.0;1;145.0;250.0;180.0;135.0;135.0;135.0;136.0;140.0;145.0;155.0;160.0;150.0;148.0;145.0;210.0;150.0;150.0;210.0;200.0;200.0;160.0;155.0;230.0;200.0;180.0;200.0;190.0;160.0;160.0;160.0;200.0;1;1;1;1;1;1;1;1;1;1;1;1;1;1;1;1;1;1;1;1;1;1;1;1;1;1;1;1;1;1;1
60130000;2;02/1960;1;1;265.0;140.0;172.24139;7;16;1;1;1;0.0;0;160.0;180.0;190.0;190.0;180.0;220.0;265.0;180.0;170.0;170.0;170.0;165.0;160.0;150.0;145.0;140.0;154.0;156.0;154.0;153.0;157.0;156.0;155.0;175.0;175.0;176.0;180.0;185.0;184.0;;;1;1;1;1;1;1;1;1;1;1;1;1;1;1;1;1;1;1;1;1;1;1;1;1;1;1;1;1;1;;
60130000;1;02/1960;1;1;265.0;140.0;172.0;7;16;1;1;1;145.0;1;160.0;180.0;190.0;190.0;180.0;220.0;265.0;180.0;170.0;170.0;170.0;165.0;160.0;150.0;145.0;140.0;154.0;156.0;154.0;153.0;157.0;156.0;155.0;175.0;175.0;176.0;180.0;185.0;184.0;;;1;1;1;1;1;1;1;1;1;1;1;1;1;1;1;1;1;1;1;1;1;1;1;1;1;1;1;1;1;0;0
60130000;2;03/1960;1;1;250.0;146.0;174.129;22;10;1;1;1;0.0;0;175.0;164.0;163.0;160.0;160.0;165.0;155.0;150.0;148.0;146.0;167.0;176.0;180.0;180.0;180.0;165.0;164.0;200.0;180.0;180.0;175.0;250.0;180.0;180.0;200.0;190.0;180.0;175.0;174.0;170.0;166.0;1;1;1;1;1;1;1;1;1;1;1;1;1;1;1;1;1;1;1;1;1;1;1;1;1;1;1;1;1;1;1
60130000;1;03/1960;1;1;250.0;146.0;174.0;22;10;1;1;1;145.0;1;175.0;164.0;163.0;160.0;160.0;165.0;155.0;150.0;148.0;146.0;167.0;176.0;180.0;180.0;180.0;165.0;164.0;200.0;180.0;180.0;175.0;250.0;180.0;180.0;200.0;190.0;180.0;175.0;174.0;170.0;166.0;1;1;1;1;1;1;1;1;1;1;1;1;1;1;1;1;1;1;1;1;1;1;1;1;1;1;1;1;1;1;1
60130000;2;04/1960;1;1;167.0;150.0;156.5;16;4;1;1;1;0.0;0;160.0;157.0;154.0;150.0;155.0;156.0;157.0;160.0;158.0;157.0;158.0;158.0;159.0;158.0;157.0;167.0;165.0;164.0;163.0;150.0;154.0;156.0;154.0;154.0;153.0;153.0;153.0;152.0;152.0;151.0;;1;1;1;1;1;1;1;1;1;1;1;1;1;1;1;1;1;1;1;1;1;1;1;1;1;1;1;1;1;1;
60130000;1;04/1960;1;1;167.0;150.0;157.0;16;4;1;1;1;145.0;1;160.0;157.0;154.0;150.0;155.0;156.0;157.0;160.0;158.0;157.0;158.0;158.0;159.0;158.0;157.0;167.0;165.0;164.0;163.0;150.0;154.0;156.0;154.0;154.0;153.0;153.0;153.0;152.0;152.0;151.0;;1;1;1;1;1;1;1;1;1;1;1;1;1;1;1;1;1;1;1;1;1;1;1;1;1;1;1;1;1;1;0
60130000;2;05/1960;1;1;160.0;143.0;147.9032;12;31;1;1;1;0.0;0;152.0;152.0;151.0;150.0;150.0;148.0;147.0;146.0;145.0;150.0;158.0;160.0;155.0;152.0;145.0;146.0;145.0;147.0;147.0;147.0;146.0;146.0;145.0;145.0;145.0;144.0;145.0;145.0;144.0;144.0;143.0;1;1;1;1;1;1;1;1;1;1;1;1;1;1;1;1;1;1;1;1;1;1;1;1;1;1;1;1;1;1;1
60130000;1;05/1960;1;1;160.0;143.0;148.0;12;31;1;1;1;145.0;1;152.0;152.0;151.0;150.0;150.0;148.0;147.0;146.0;145.0;150.0;158.0;160.0;155.0;152.0;145.0;146.0;145.0;147.0;147.0;147.0;146.0;146.0;145.0;145.0;145.0;144.0;145.0;145.0;144.0;144.0;143.0;1;1;1;1;1;1;1;1;1;1;1;1;1;1;1;1;1;1;1;1;1;1;1;1;1;1;1;1;1;1;1
60130000;2;06/1960;1;1;150.0;135.0;143.26669;15;25;1;1;1;0.0;0;145.0;145.0;143.0;143.0;143.0;144.0;144.0;145.0;145.0;145.0;146.0;147.0;147.0;149.0;150.0;150.0;148.0;147.0;146.0;146.0;146.0;143.0;137.0;136.0;135.0;137.0;137.0;136.0;136.0;137.0;;1;1;1;1;1;1;1;1;1;1;1;1;1;1;1;1;1;1;1;1;1;1;1;1;1;1;1;1;1;1;
60130000;1;06/1960;1;1;150.0;135.0;143.0;15;25;1;1;1;145.0;1;145.0;145.0;143.0;143.0;143.0;144.0;144.0;145.0;145.0;145.0;146.0;147.0;147.0;149.0;150.0;150.0;148.0;147.0;146.0;146.0;146.0;143.0;137.0;136.0;135.0;137.0;137.0;136.0;136.0;137.0;;1;1;1;1;1;1;1;1;1;1;1;1;1;1;1;1;1;1;1;1;1;1;1;1;1;1;1;1;1;1;0
60130000;2;07/1960;1;1;135.0;122.0;129.9355;1;21;1;1;1;0.0;0;135.0;135.0;134.0;134.0;134.0;133.0;133.0;133.0;132.0;132.0;132.0;132.0;134.0;134.0;133.0;129.0;128.0;128.0;128.0;125.0;122.0;128.0;127.0;127.0;127.0;128.0;128.0;125.0;126.0;126.0;126.0;1;1;1;1;1;1;1;1;1;1;1;1;1;1;1;1;1;1;1;1;1;1;1;1;1;1;1;1;1;1;1
60130000;1;07/1960;1;1;135.0;122.0;130.0;1;21;1;1;1;145.0;1;135.0;135.0;134.0;134.0;134.0;133.0;133.0;133.0;132.0;132.0;132.0;132.0;134.0;134.0;133.0;129.0;128.0;128.0;128.0;125.0;122.0;128.0;127.0;127.0;127.0;128.0;128.0;125.0;126.0;126.0;126.0;1;1;1;1;1;1;1;1;1;1;1;1;1;1;1;1;1;1;1;1;1;1;1;1;1;1;1;1;1;1;1
60130000;2;08/1960;1;1;125.0;116.0;119.1613;1;20;1;1;1;0.0;0;125.0;124.0;124.0;124.0;124.0;124.0;124.0;124.0;119.0;119.0;119.0;119.0;118.0;118.0;118.0;117.0;117.0;117.0;117.0;116.0;116.0;116.0;116.0;118.0;118.0;118.0;117.0;117.0;117.0;117.0;117.0;1;1;1;1;1;1;1;1;1;1;1;1;1;1;1;1;1;1;1;1;1;1;1;1;1;1;1;1;1;1;1
60130000;1;08/1960;1;1;125.0;116.0;119.0;1;20;1;1;1;145.0;1;125.0;124.0;124.0;124.0;124.0;124.0;124.0;124.0;119.0;119.0;119.0;119.0;118.0;118.0;118.0;117.0;117.0;117.0;117.0;116.0;116.0;116.0;116.0;118.0;118.0;118.0;117.0;117.0;117.0;117.0;117.0;1;1;1;1;1;1;1;1;1;1;1;1;1;1;1;1;1;1;1;1;1;1;1;1;1;1;1;1;1;1;1
60130000;2;09/1960;1;1;120.0;106.0;112.5667;27;25;1;1;1;0.0;0;117.0;116.0;116.0;116.0;115.0;115.0;115.0;114.0;114.0;114.0;113.0;113.0;112.0;112.0;111.0;110.0;110.0;109.0;109.0;109.0;108.0;108.0;107.0;107.0;106.0;106.0;120.0;120.0;120.0;115.0;;1;1;1;1;1;1;1;1;1;1;1;1;1;1;1;1;1;1;1;1;1;1;1;1;1;1;1;1;1;1;
60130000;1;09/1960;1;1;120.0;106.0;113.0;27;25;1;1;1;145.0;1;117.0;116.0;116.0;116.0;115.0;115.0;115.0;114.0;114.0;114.0;113.0;113.0;112.0;112.0;111.0;110.0;110.0;109.0;109.0;109.0;108.0;108.0;107.0;107.0;106.0;106.0;120.0;120.0;120.0;115.0;;1;1;1;1;1;1;1;1;1;1;1;1;1;1;1;1;1;1;1;1;1;1;1;1;1;1;1;1;1;1;0
60130000;2;10/1960;1;1;120.0;100.0;107.7097;28;21;1;1;1;0.0;0;108.0;110.0;109.0;109.0;108.0;108.0;107.0;107.0;107.0;106.0;106.0;106.0;105.0;105.0;105.0;105.0;105.0;105.0;105.0;105.0;100.0;108.0;107.0;109.0;109.0;109.0;112.0;120.0;115.0;110.0;109.0;1;1;1;1;1;1;1;1;1;1;1;1;1;1;1;1;1;1;1;1;1;1;1;1;1;1;1;1;1;1;1
60130000;1;10/1960;1;1;120.0;100.0;108.0;28;21;1;1;1;145.0;1;108.0;110.0;109.0;109.0;108.0;108.0;107.0;107.0;107.0;106.0;106.0;106.0;105.0;105.0;105.0;105.0;105.0;105.0;105.0;105.0;100.0;108.0;107.0;109.0;109.0;109.0;112.0;120.0;115.0;110.0;109.0;1;1;1;1;1;1;1;1;1;1;1;1;1;1;1;1;1;1;1;1;1;1;1;1;1;1;1;1;1;1;1
60130000;2;11/1960;1;1;350.0;110.0;138.6667;28;3;1;1;1;0.0;0;112.0;111.0;110.0;110.0;110.0;110.0;114.0;115.0;113.0;112.0;111.0;120.0;120.0;120.0;120.0;120.0;122.0;125.0;130.0;140.0;130.0;130.0;125.0;150.0;180.0;190.0;220.0;350.0;180.0;160.0;;1;1;1;1;1;1;1;1;1;1;1;1;1;1;1;1;1;1;1;1;1;1;1;1;1;1;1;1;1;1;
60130000;1;11/1960;1;1;350.0;110.0;139.0;28;3;1;1;1;145.0;1;112.0;111.0;110.0;110.0;110.0;110.0;114.0;115.0;113.0;112.0;111.0;120.0;120.0;120.0;120.0;120.0;122.0;125.0;130.0;140.0;130.0;130.0;125.0;150.0;180.0;190.0;220.0;350.0;180.0;160.0;;1;1;1;1;1;1;1;1;1;1;1;1;1;1;1;1;1;1;1;1;1;1;1;1;1;1;1;1;1;1;0
60130000;2;12/1960;1;1;350.0;115.0;161.9355;22;5;1;1;1;0.0;0;150.0;130.0;120.0;120.0;115.0;115.0;140.0;135.0;125.0;125.0;124.0;123.0;128.0;150.0;140.0;150.0;160.0;180.0;200.0;250.0;300.0;350.0;250.0;200.0;170.0;160.0;150.0;150.0;145.0;135.0;130.0;1;1;1;1;1;1;1;1;1;1;1;1;1;1;1;1;1;1;1;1;1;1;1;1;1;1;1;1;1;1;1
60130000;1;12/1960;1;1;350.0;115.0;162.0;22;5;1;1;1;145.0;1;150.0;130.0;120.0;120.0;115.0;115.0;140.0;135.0;125.0;125.0;124.0;123.0;128.0;150.0;140.0;150.0;160.0;180.0;200.0;250.0;300.0;350.0;250.0;200.0;170.0;160.0;150.0;150.0;145.0;135.0;130.0;1;1;1;1;1;1;1;1;1;1;1;1;1;1;1;1;1;1;1;1;1;1;1;1;1;1;1;1;1;1;1
60130000;2;01/1961;1;1;330.0;170.0;213.2258;5;18;1;1;1;0.0;0;190.0;200.0;200.0;190.0;330.0;290.0;180.0;190.0;200.0;190.0;270.0;260.0;195.0;185.0;195.0;180.0;175.0;170.0;175.0;178.0;179.0;180.0;170.0;178.0;288.0;278.0;278.0;278.0;278.0;180.0;180.0;1;1;1;1;1;1;1;1;1;1;1;1;1;1;1;1;1;1;1;1;1;1;1;1;1;1;1;1;1;1;1
60130000;1;01/1961;1;1;330.0;170.0;213.0;5;18;1;1;1;152.0;1;190.0;200.0;200.0;190.0;330.0;290.0;180.0;190.0;200.0;190.0;270.0;260.0;195.0;185.0;195.0;180.0;175.0;170.0;175.0;178.0;179.0;180.0;170.0;178.0;288.0;278.0;278.0;278.0;278.0;180.0;180.0;1;1;1;1;1;1;1;1;1;1;1;1;1;1;1;1;1;1;1;1;1;1;1;1;1;1;1;1;1;1;1
60130000;2;02/1961;1;1;310.0;140.0;207.1429;17;1;1;1;1;0.0;0;140.0;140.0;145.0;150.0;150.0;155.0;155.0;160.0;170.0;180.0;170.0;175.0;180.0;250.0;230.0;280.0;310.0;270.0;270.0;280.0;280.0;260.0;260.0;240.0;230.0;190.0;190.0;190.0;;;;1;1;1;1;1;1;1;1;1;1;1;1;1;1;1;1;1;1;1;1;1;1;1;1;1;1;1;1;;;
60130000;1;02/1961;1;1;310.0;140.0;207.0;17;1;1;1;1;152.0;1;140.0;140.0;145.0;150.0;150.0;155.0;155.0;160.0;170.0;180.0;170.0;175.0;180.0;250.0;230.0;280.0;310.0;270.0;270.0;280.0;280.0;260.0;260.0;240.0;230.0;190.0;190.0;190.0;;;;1;1;1;1;1;1;1;1;1;1;1;1;1;1;1;1;1;1;1;1;1;1;1;1;1;1;1;1;0;0;0
60130000;2;03/1961;1;1;340.0;160.0;206.8065;13;21;1;1;1;0.0;0;280.0;270.0;260.0;250.0;255.0;280.0;300.0;290.0;200.0;190.0;180.0;180.0;340.0;250.0;200.0;180.0;170.0;165.0;164.0;162.0;160.0;175.0;172.0;171.0;170.0;170.0;168.0;167.0;165.0;164.0;163.0;1;1;1;1;1;1;1;1;1;1;1;1;1;1;1;1;1;1;1;1;1;1;1;1;1;1;1;1;1;1;1
60130000;1;03/1961;1;1;340.0;160.0;207.0;13;21;1;1;1;152.0;1;280.0;270.0;260.0;250.0;255.0;280.0;300.0;290.0;200.0;190.0;180.0;180.0;340.0;250.0;200.0;180.0;170.0;165.0;164.0;162.0;160.0;175.0;172.0;171.0;170.0;170.0;168.0;167.0;165.0;164.0;163.0;1;1;1;1;1;1;1;1;1;1;1;1;1;1;1;1;1;1;1;1;1;1;1;1;1;1;1;1;1;1;1
60130000;2;04/1961;1;1;170.0;140.0;159.1333;1;15;1;1;1;0.0;0;170.0;170.0;169.0;168.0;167.0;167.0;167.0;160.0;160.0;160.0;155.0;150.0;150.0;150.0;140.0;170.0;168.0;163.0;160.0;160.0;160.0;159.0;158.0;157.0;156.0;155.0;153.0;152.0;150.0;150.0;;1;1;1;1;1;1;1;1;1;1;1;1;1;1;1;1;1;1;1;1;1;1;1;1;1;1;1;1;1;1;
60130000;1;04/1961;1;1;170.0;140.0;159.0;1;15;1;1;1;152.0;1;170.0;170.0;169.0;168.0;167.0;167.0;167.0;160.0;160.0;160.0;155.0;150.0;150.0;150.0;140.0;170.0;168.0;163.0;160.0;160.0;160.0;159.0;158.0;157.0;156.0;155.0;153.0;152.0;150.0;150.0;;1;1;1;1;1;1;1;1;1;1;1;1;1;1;1;1;1;1;1;1;1;1;1;1;1;1;1;1;1;1;0
60130000;2;05/1961;1;1;162.0;144.0;153.1935;18;7;1;1;1;0.0;0;150.0;152.0;151.0;148.0;147.0;145.0;144.0;146.0;145.0;147.0;148.0;149.0;150.0;155.0;158.0;160.0;160.0;162.0;161.0;160.0;159.0;158.0;156.0;155.0;154.0;154.0;153.0;155.0;156.0;154.0;157.0;1;1;1;1;1;1;1;1;1;1;1;1;1;1;1;1;1;1;1;1;1;1;1;1;1;1;1;1;1;1;1
60130000;1;05/1961;1;1;162.0;144.0;153.0;18;7;1;1;1;152.0;1;150.0;152.0;151.0;148.0;147.0;145.0;144.0;146.0;145.0;147.0;148.0;149.0;150.0;155.0;158.0;160.0;160.0;162.0;161.0;160.0;159.0;158.0;156.0;155.0;154.0;154.0;153.0;155.0;156.0;154.0;157.0;1;1;1;1;1;1;1;1;1;1;1;1;1;1;1;1;1;1;1;1;1;1;1;1;1;1;1;1;1;1;1
60130000;2;06/1961;1;1;156.0;143.0;148.0667;1;27;1;1;1;0.0;0;156.0;155.0;154.0;153.0;152.0;152.0;152.0;152.0;150.0;150.0;149.0;148.0;148.0;147.0;146.0;145.0;145.0;145.0;146.0;147.0;148.0;146.0;147.0;146.0;145.0;144.0;143.0;143.0;143.0;145.0;;1;1;1;1;1;1;1;1;1;1;1;1;1;1;1;1;1;1;1;1;1;1;1;1;1;1;1;1;1;1;
60130000;1;06/1961;1;1;156.0;143.0;148.0;1;27;1;1;1;152.0;1;156.0;155.0;154.0;153.0;152.0;152.0;152.0;152.0;150.0;150.0;149.0;148.0;148.0;147.0;146.0;145.0;145.0;145.0;146.0;147.0;148.0;146.0;147.0;146.0;145.0;144.0;143.0;143.0;143.0;145.0;;1;1;1;1;1;1;1;1;1;1;1;1;1;1;1;1;1;1;1;1;1;1;1;1;1;1;1;1;1;1;0
60130000;2;07/1961;1;1;;;;;;0;0;0;0.0;0;138.0;138.0;130.0;;;;;;;;;;;;;;;;;;;;;;;;;;;;;1;1;1;;;;;;;;;;;;;;;;;;;;;;;;;;;;
60130000;1;07/1961;1;1;138.0;130.0;135.0;1;3;1;1;1;152.0;1;138.0;138.0;130.0;130.0;130.0;130.0;130.0;130.0;138.0;138.0;138.0;138.0;138.0;135.0;135.0;135.0;135.0;135.0;138.0;138.0;138.0;138.0;138.0;135.0;135.0;135.0;135.0;135.0;135.0;135.0;135.0;1;1;1;1;1;1;1;1;1;1;1;1;1;1;1;1;1;1;1;1;1;1;1;1;1;1;1;1;1;1;1
60130000;2;08/1961;1;1;;;;;;0;0;0;0.0;0;;;;;;;;;;132.0;130.0;129.0;128.0;128.0;127.0;125.0;124.0;124.0;123.0;123.0;122.0;122.0;122.0;121.0;120.0;120.0;120.0;120.0;119.0;118.0;121.0;;;;;;;;;;1;1;1;1;1;1;1;1;1;1;1;1;1;1;1;1;1;1;1;1;1;1
60130000;1;08/1961;1;1;135.0;118.0;127.0;1;30;1;1;1;152.0;1;135.0;135.0;135.0;135.0;135.0;135.0;135.0;135.0;135.0;132.0;130.0;129.0;128.0;128.0;127.0;125.0;124.0;124.0;123.0;123.0;122.0;122.0;122.0;121.0;120.0;120.0;120.0;120.0;119.0;118.0;121.0;1;1;1;1;1;1;1;1;1;1;1;1;1;1;1;1;1;1;1;1;1;1;1;1;1;1;1;1;1;1;1
60130000;2;09/1961;1;1;125.0;115.0;119.4667;1;28;1;1;1;0.0;0;125.0;124.0;123.0;123.0;122.0;122.0;122.0;121.0;121.0;121.0;121.0;120.0;120.0;120.0;120.0;120.0;120.0;119.0;119.0;118.0;118.0;117.0;117.0;117.0;117.0;116.0;116.0;115.0;115.0;115.0;;1;1;1;1;1;1;1;1;1;1;1;1;1;1;1;1;1;1;1;1;1;1;1;1;1;1;1;1;1;1;
60130000;1;09/1961;1;1;125.0;115.0;119.0;1;28;1;1;1;152.0;1;125.0;124.0;123.0;123.0;122.0;122.0;122.0;121.0;121.0;121.0;121.0;120.0;120.0;120.0;120.0;120.0;120.0;119.0;119.0;118.0;118.0;117.0;117.0;117.0;117.0;116.0;116.0;115.0;115.0;115.0;;1;1;1;1;1;1;1;1;1;1;1;1;1;1;1;1;1;1;1;1;1;1;1;1;1;1;1;1;1;1;0
60130000;2;10/1961;1;1;125.0;111.0;115.7742;29;27;1;1;1;0.0;0;115.0;115.0;115.0;115.0;114.0;114.0;114.0;114.0;114.0;115.0;115.0;115.0;116.0;116.0;120.0;120.0;118.0;117.0;116.0;116.0;115.0;115.0;114.0;113.0;113.0;112.0;111.0;120.0;125.0;118.0;119.0;1;1;1;1;1;1;1;1;1;1;1;1;1;1;1;1;1;1;1;1;1;1;1;1;1;1;1;1;1;1;1
60130000;1;10/1961;1;1;125.0;111.0;116.0;29;27;1;1;1;152.0;1;115.0;115.0;115.0;115.0;114.0;114.0;114.0;114.0;114.0;115.0;115.0;115.0;116.0;116.0;120.0;120.0;118.0;117.0;116.0;116.0;115.0;115.0;114.0;113.0;113.0;112.0;111.0;120.0;125.0;118.0;119.0;1;1;1;1;1;1;1;1;1;1;1;1;1;1;1;1;1;1;1;1;1;1;1;1;1;1;1;1;1;1;1
60130000;2;11/1961;1;1;117.0;106.0;111.1667;1;28;1;1;1;0.0;0;117.0;117.0;116.0;115.0;114.0;114.0;113.0;113.0;112.0;112.0;110.0;110.0;110.0;112.0;115.0;112.0;112.0;111.0;111.0;110.0;110.0;110.0;109.0;109.0;108.0;108.0;107.0;106.0;106.0;106.0;;1;1;1;1;1;1;1;1;1;1;1;1;1;1;1;1;1;1;1;1;1;1;1;1;1;1;1;1;1;1;
60130000;1;11/1961;1;1;117.0;106.0;111.0;1;28;1;1;1;152.0;1;117.0;117.0;116.0;115.0;114.0;114.0;113.0;113.0;112.0;112.0;110.0;110.0;110.0;112.0;115.0;112.0;112.0;111.0;111.0;110.0;110.0;110.0;109.0;109.0;108.0;108.0;107.0;106.0;106.0;106.0;;1;1;1;1;1;1;1;1;1;1;1;1;1;1;1;1;1;1;1;1;1;1;1;1;1;1;1;1;1;1;0
60130000;2;12/1961;1;1;140.0;109.0;122.129;15;3;1;1;1;0.0;0;110.0;110.0;109.0;110.0;110.0;112.0;112.0;113.0;113.0;114.0;114.0;115.0;125.0;130.0;140.0;113.0;114.0;118.0;116.0;120.0;120.0;130.0;130.0;130.0;135.0;135.0;137.0;139.0;138.0;137.0;137.0;1;1;1;1;1;1;1;1;1;1;1;1;1;1;1;1;1;1;1;1;1;1;1;1;1;1;1;1;1;1;1
60130000;1;12/1961;1;1;140.0;109.0;122.0;15;3;1;1;1;152.0;1;110.0;110.0;109.0;110.0;110.0;112.0;112.0;113.0;113.0;114.0;114.0;115.0;125.0;130.0;140.0;113.0;114.0;118.0;116.0;120.0;120.0;130.0;130.0;130.0;135.0;135.0;137.0;139.0;138.0;137.0;137.0;1;1;1;1;1;1;1;1;1;1;1;1;1;1;1;1;1;1;1;1;1;1;1;1;1;1;1;1;1;1;1
60130000;2;01/1962;1;1;250.0;134.0;150.8065;30;15;1;1;1;0.0;0;135.0;136.0;138.0;139.0;137.0;136.0;138.0;140.0;140.0;142.0;145.0;137.0;136.0;135.0;134.0;136.0;139.0;140.0;140.0;140.0;153.0;157.0;158.0;156.0;155.0;160.0;163.0;180.0;200.0;250.0;180.0;1;1;1;1;1;1;1;1;1;1;1;1;1;1;1;1;1;1;1;1;1;1;1;1;1;1;1;1;1;1;1
60130000;1;01/1962;1;1;250.0;134.0;151.0;30;15;1;1;1;144.0;1;135.0;136.0;138.0;139.0;137.0;136.0;138.0;140.0;140.0;142.0;145.0;137.0;136.0;135.0;134.0;136.0;139.0;140.0;140.0;140.0;153.0;157.0;158.0;156.0;155.0;160.0;163.0;180.0;200.0;250.0;180.0;1;1;1;1;1;1;1;1;1;1;1;1;1;1;1;1;1;1;1;1;1;1;1;1;1;1;1;1;1;1;1
60130000;2;02/1962;1;1;250.0;143.0;172.8214;14;25;1;1;1;0.0;0;180.0;185.0;195.0;190.0;187.0;175.0;168.0;166.0;164.0;175.0;180.0;195.0;200.0;250.0;196.0;180.0;155.0;170.0;166.0;164.0;162.0;150.0;148.0;145.0;143.0;148.0;150.0;152.0;;;;1;1;1;1;1;1;1;1;1;1;1;1;1;1;1;1;1;1;1;1;1;1;1;1;1;1;1;1;;;
60130000;1;02/1962;1;1;250.0;143.0;173.0;14;25;1;1;1;144.0;1;180.0;185.0;195.0;190.0;187.0;175.0;168.0;166.0;164.0;175.0;180.0;195.0;200.0;250.0;196.0;180.0;155.0;170.0;166.0;164.0;162.0;150.0;148.0;145.0;143.0;148.0;150.0;152.0;;;;1;1;1;1;1;1;1;1;1;1;1;1;1;1;1;1;1;1;1;1;1;1;1;1;1;1;1;1;0;0;0
60130000;2;03/1962;1;1;300.0;122.0;190.8065;12;16;1;1;1;0.0;0;135.0;140.0;150.0;160.0;170.0;185.0;190.0;195.0;200.0;250.0;250.0;300.0;300.0;300.0;300.0;122.0;130.0;140.0;150.0;160.0;188.0;188.0;195.0;195.0;200.0;200.0;168.0;165.0;163.0;163.0;163.0;1;1;1;1;1;1;1;1;1;1;1;1;1;1;1;1;1;1;1;1;1;1;1;1;1;1;1;1;1;1;1
60130000;1;03/1962;1;1;300.0;122.0;191.0;12;16;1;1;1;144.0;1;135.0;140.0;150.0;160.0;170.0;185.0;190.0;195.0;200.0;250.0;250.0;300.0;300.0;300.0;300.0;122.0;130.0;140.0;150.0;160.0;188.0;188.0;195.0;195.0;200.0;200.0;168.0;165.0;163.0;163.0;163.0;1;1;1;1;1;1;1;1;1;1;1;1;1;1;1;1;1;1;1;1;1;1;1;1;1;1;1;1;1;1;1
60130000;2;04/1962;1;1;195.0;120.0;156.60001;1;29;1;1;1;0.0;0;195.0;190.0;195.0;195.0;195.0;195.0;195.0;195.0;195.0;170.0;170.0;170.0;170.0;180.0;190.0;132.0;131.0;130.0;128.0;127.0;125.0;125.0;124.0;123.0;124.0;125.0;126.0;128.0;120.0;130.0;;1;1;1;1;1;1;1;1;1;1;1;1;1;1;1;1;1;1;1;1;1;1;1;1;1;1;1;1;1;1;
60130000;1;04/1962;1;1;195.0;120.0;157.0;1;29;1;1;1;144.0;1;195.0;190.0;195.0;195.0;195.0;195.0;195.0;195.0;195.0;170.0;170.0;170.0;170.0;180.0;190.0;132.0;131.0;130.0;128.0;127.0;125.0;125.0;124.0;123.0;124.0;125.0;126.0;128.0;120.0;130.0;;1;1;1;1;1;1;1;1;1;1;1;1;1;1;1;1;1;1;1;1;1;1;1;1;1;1;1;1;1;1;0
60130000;2;05/1962;1;1;134.0;118.0;125.0;3;31;1;1;1;0.0;0;130.0;132.0;134.0;133.0;131.0;130.0;129.0;128.0;127.0;126.0;125.0;124.0;123.0;124.0;125.0;125.0;124.0;123.0;123.0;125.0;125.0;124.0;123.0;122.0;122.0;121.0;120.0;120.0;120.0;119.0;118.0;1;1;1;1;1;1;1;1;1;1;1;1;1;1;1;1;1;1;1;1;1;1;1;1;1;1;1;1;1;1;1
60130000;1;05/1962;1;1;134.0;118.0;125.0;3;31;1;1;1;144.0;1;130.0;132.0;134.0;133.0;131.0;130.0;129.0;128.0;127.0;126.0;125.0;124.0;123.0;124.0;125.0;125.0;124.0;123.0;123.0;125.0;125.0;124.0;123.0;122.0;122.0;121.0;120.0;120.0;120.0;119.0;118.0;1;1;1;1;1;1;1;1;1;1;1;1;1;1;1;1;1;1;1;1;1;1;1;1;1;1;1;1;1;1;1
60130000;2;06/1962;1;1;140.0;128.0;134.5667;8;1;1;1;1;0.0;0;128.0;129.0;130.0;130.0;135.0;137.0;138.0;140.0;139.0;138.0;137.0;135.0;134.0;134.0;133.0;135.0;134.0;136.0;136.0;135.0;135.0;134.0;134.0;135.0;135.0;135.0;134.0;134.0;134.0;134.0;;1;1;1;1;1;1;1;1;1;1;1;1;1;1;1;1;1;1;1;1;1;1;1;1;1;1;1;1;1;1;
60130000;1;06/1962;1;1;140.0;128.0;135.0;8;1;1;1;1;144.0;1;128.0;129.0;130.0;130.0;135.0;137.0;138.0;140.0;139.0;138.0;137.0;135.0;134.0;134.0;133.0;135.0;134.0;136.0;136.0;135.0;135.0;134.0;134.0;135.0;135.0;135.0;134.0;134.0;134.0;134.0;;1;1;1;1;1;1;1;1;1;1;1;1;1;1;1;1;1;1;1;1;1;1;1;1;1;1;1;1;1;1;0
60130000;2;07/1962;1;1;129.0;118.0;122.7097;1;11;1;1;1;0.0;0;129.0;126.0;125.0;124.0;123.0;122.0;122.0;120.0;120.0;119.0;118.0;118.0;119.0;120.0;120.0;120.0;120.0;120.0;123.0;125.0;125.0;126.0;127.0;128.0;129.0;126.0;124.0;123.0;122.0;121.0;120.0;1;1;1;1;1;1;1;1;1;1;1;1;1;1;1;1;1;1;1;1;1;1;1;1;1;1;1;1;1;1;1
60130000;1;07/1962;1;1;129.0;118.0;123.0;1;11;1;1;1;144.0;1;129.0;126.0;125.0;124.0;123.0;122.0;122.0;120.0;120.0;119.0;118.0;118.0;119.0;120.0;120.0;120.0;120.0;120.0;123.0;125.0;125.0;126.0;127.0;128.0;129.0;126.0;124.0;123.0;122.0;121.0;120.0;1;1;1;1;1;1;1;1;1;1;1;1;1;1;1;1;1;1;1;1;1;1;1;1;1;1;1;1;1;1;1
60130000;2;08/1962;1;1;120.0;114.0;116.9032;1;25;1;1;1;0.0;0;120.0;119.0;119.0;118.0;117.0;116.0;116.0;115.0;116.0;116.0;117.0;118.0;118.0;118.0;119.0;118.0;117.0;117.0;117.0;116.0;116.0;115.0;115.0;115.0;114.0;117.0;118.0;119.0;117.0;116.0;115.0;1;1;1;1;1;1;1;1;1;1;1;1;1;1;1;1;1;1;1;1;1;1;1;1;1;1;1;1;1;1;1
60130000;1;08/1962;1;1;120.0;114.0;117.0;1;25;1;1;1;144.0;1;120.0;119.0;119.0;118.0;117.0;116.0;116.0;115.0;116.0;116.0;117.0;118.0;118.0;118.0;119.0;118.0;117.0;117.0;117.0;116.0;116.0;115.0;115.0;115.0;114.0;117.0;118.0;119.0;117.0;116.0;115.0;1;1;1;1;1;1;1;1;1;1;1;1;1;1;1;1;1;1;1;1;1;1;1;1;1;1;1;1;1;1;1
60130000;2;09/1962;1;1;120.0;95.0;109.5667;1;20;1;1;1;0.0;0;120.0;119.0;118.0;117.0;116.0;116.0;115.0;115.0;114.0;114.0;110.0;110.0;105.0;110.0;110.0;110.0;110.0;110.0;110.0;95.0;95.0;110.0;110.0;106.0;106.0;106.0;100.0;100.0;100.0;110.0;;1;1;1;1;1;1;1;1;1;1;1;1;1;1;1;1;1;1;1;1;1;1;1;1;1;1;1;1;1;1;
60130000;1;09/1962;1;1;120.0;95.0;110.0;1;20;1;1;1;144.0;1;120.0;119.0;118.0;117.0;116.0;116.0;115.0;115.0;114.0;114.0;110.0;110.0;105.0;110.0;110.0;110.0;110.0;110.0;110.0;95.0;95.0;110.0;110.0;106.0;106.0;106.0;100.0;100.0;100.0;110.0;;1;1;1;1;1;1;1;1;1;1;1;1;1;1;1;1;1;1;1;1;1;1;1;1;1;1;1;1;1;1;0
60130000;2;10/1962;1;1;150.0;100.0;125.8065;29;1;1;1;1;0.0;0;100.0;100.0;140.0;115.0;110.0;110.0;110.0;110.0;120.0;120.0;140.0;130.0;120.0;120.0;110.0;120.0;120.0;110.0;110.0;120.0;140.0;140.0;140.0;140.0;140.0;140.0;140.0;145.0;150.0;150.0;140.0;1;1;1;1;1;1;1;1;1;1;1;1;1;1;1;1;1;1;1;1;1;1;1;1;1;1;1;1;1;1;1
60130000;1;10/1962;1;1;150.0;100.0;126.0;29;1;1;1;1;144.0;1;100.0;100.0;140.0;115.0;110.0;110.0;110.0;110.0;120.0;120.0;140.0;130.0;120.0;120.0;110.0;120.0;120.0;110.0;110.0;120.0;140.0;140.0;140.0;140.0;140.0;140.0;140.0;145.0;150.0;150.0;140.0;1;1;1;1;1;1;1;1;1;1;1;1;1;1;1;1;1;1;1;1;1;1;1;1;1;1;1;1;1;1;1
60130000;2;11/1962;1;1;160.0;110.0;141.3333;22;16;1;1;1;0.0;0;150.0;150.0;150.0;150.0;140.0;140.0;140.0;140.0;145.0;145.0;140.0;140.0;130.0;130.0;130.0;110.0;110.0;110.0;130.0;140.0;150.0;160.0;160.0;160.0;160.0;150.0;110.0;150.0;160.0;160.0;;1;1;1;1;1;1;1;1;1;1;1;1;1;1;1;1;1;1;1;1;1;1;1;1;1;1;1;1;1;1;
60130000;1;11/1962;1;1;160.0;110.0;141.0;22;16;1;1;1;144.0;1;150.0;150.0;150.0;150.0;140.0;140.0;140.0;140.0;145.0;145.0;140.0;140.0;130.0;130.0;130.0;110.0;110.0;110.0;130.0;140.0;150.0;160.0;160.0;160.0;160.0;150.0;110.0;150.0;160.0;160.0;;1;1;1;1;1;1;1;1;1;1;1;1;1;1;1;1;1;1;1;1;1;1;1;1;1;1;1;1;1;1;0
60130000;2;12/1962;1;1;300.0;135.0;184.0968;13;3;1;1;1;0.0;0;150.0;140.0;135.0;135.0;140.0;140.0;150.0;140.0;160.0;180.0;200.0;222.0;300.0;250.0;240.0;140.0;140.0;160.0;170.0;180.0;190.0;200.0;190.0;180.0;190.0;170.0;190.0;195.0;200.0;250.0;280.0;1;1;1;1;1;1;1;1;1;1;1;1;1;1;1;1;1;1;1;1;1;1;1;1;1;1;1;1;1;1;1
60130000;1;12/1962;1;1;300.0;135.0;184.0;13;3;1;1;1;144.0;1;150.0;140.0;135.0;135.0;140.0;140.0;150.0;140.0;160.0;180.0;200.0;222.0;300.0;250.0;240.0;140.0;140.0;160.0;170.0;180.0;190.0;200.0;190.0;180.0;190.0;170.0;190.0;195.0;200.0;250.0;280.0;1;1;1;1;1;1;1;1;1;1;1;1;1;1;1;1;1;1;1;1;1;1;1;1;1;1;1;1;1;1;1
60130000;2;01/1963;1;1;220.0;140.0;183.2258;16;20;1;1;1;0.0;0;170.0;180.0;200.0;190.0;200.0;200.0;190.0;210.0;200.0;180.0;190.0;190.0;180.0;190.0;190.0;220.0;200.0;190.0;180.0;140.0;190.0;160.0;140.0;160.0;160.0;170.0;160.0;190.0;180.0;190.0;190.0;1;1;1;1;1;1;1;1;1;1;1;1;1;1;1;1;1;1;1;1;1;1;1;1;1;1;1;1;1;1;1
60130000;1;01/1963;1;1;220.0;140.0;183.0;16;20;1;1;1;123.0;1;170.0;180.0;200.0;190.0;200.0;200.0;190.0;210.0;200.0;180.0;190.0;190.0;180.0;190.0;190.0;220.0;200.0;190.0;180.0;140.0;190.0;160.0;140.0;160.0;160.0;170.0;160.0;190.0;180.0;190.0;190.0;1;1;1;1;1;1;1;1;1;1;1;1;1;1;1;1;1;1;1;1;1;1;1;1;1;1;1;1;1;1;1
60130000;2;02/1963;1;1;200.0;110.0;150.0;10;22;1;1;1;0.0;0;160.0;190.0;140.0;140.0;190.0;140.0;130.0;120.0;190.0;200.0;150.0;140.0;140.0;160.0;140.0;120.0;120.0;130.0;130.0;120.0;120.0;110.0;190.0;200.0;180.0;180.0;140.0;130.0;;;;1;1;1;1;1;1;1;1;1;1;1;1;1;1;1;1;1;1;1;1;1;1;1;1;1;1;1;1;;;
60130000;1;02/1963;1;1;200.0;110.0;150.0;10;22;1;1;1;123.0;1;160.0;190.0;140.0;140.0;190.0;140.0;130.0;120.0;190.0;200.0;150.0;140.0;140.0;160.0;140.0;120.0;120.0;130.0;130.0;120.0;120.0;110.0;190.0;200.0;180.0;180.0;140.0;130.0;;;;1;1;1;1;1;1;1;1;1;1;1;1;1;1;1;1;1;1;1;1;1;1;1;1;1;1;1;1;0;0;0
60130000;2;03/1963;1;1;;;;;;0;0;0;0.0;0;120.0;140.0;140.0;200.0;220.0;220.0;200.0;160.0;140.0;140.0;120.0;120.0;120.0;130.0;140.0;120.0;110.0;120.0;110.0;110.0;110.0;110.0;117.0;100.0;100.0;100.0;117.0;112.0;;;;1;1;1;1;1;1;1;1;1;1;1;1;1;1;1;1;1;1;1;1;1;1;1;1;1;1;1;1;;;
60130000;1;03/1963;1;1;220.0;100.0;131.0;5;24;1;1;1;123.0;1;120.0;140.0;140.0;200.0;220.0;220.0;200.0;160.0;140.0;140.0;120.0;120.0;120.0;130.0;140.0;120.0;110.0;120.0;110.0;110.0;110.0;110.0;117.0;100.0;100.0;100.0;117.0;112.0;110.0;110.0;110.0;1;1;1;1;1;1;1;1;1;1;1;1;1;1;1;1;1;1;1;1;1;1;1;1;1;1;1;1;1;1;1
60130000;2;04/1963;1;1;145.0;110.0;131.03329;1;16;1;1;1;0.0;0;145.0;145.0;144.0;144.0;145.0;144.0;144.0;130.0;130.0;130.0;140.0;140.0;140.0;140.0;140.0;110.0;110.0;110.0;110.0;110.0;110.0;110.0;110.0;110.0;140.0;140.0;140.0;140.0;140.0;140.0;;1;1;1;1;1;1;1;1;1;1;1;1;1;1;1;1;1;1;1;1;1;1;1;1;1;1;1;1;1;1;
60130000;1;04/1963;1;1;145.0;110.0;131.0;1;16;1;1;1;123.0;1;145.0;145.0;144.0;144.0;145.0;144.0;144.0;130.0;130.0;130.0;140.0;140.0;140.0;140.0;140.0;110.0;110.0;110.0;110.0;110.0;110.0;110.0;110.0;110.0;140.0;140.0;140.0;140.0;140.0;140.0;;1;1;1;1;1;1;1;1;1;1;1;1;1;1;1;1;1;1;1;1;1;1;1;1;1;1;1;1;1;1;0
60130000;2;05/1963;1;1;140.0;110.0;118.5806;25;6;1;1;1;0.0;0;120.0;120.0;125.0;120.0;120.0;110.0;111.0;110.0;110.0;110.0;110.0;110.0;110.0;110.0;110.0;110.0;110.0;110.0;110.0;110.0;110.0;110.0;110.0;110.0;140.0;140.0;140.0;140.0;140.0;140.0;140.0;1;1;1;1;1;1;1;1;1;1;1;1;1;1;1;1;1;1;1;1;1;1;1;1;1;1;1;1;1;1;1
60130000;1;05/1963;1;1;140.0;110.0;119.0;25;6;1;1;1;123.0;1;120.0;120.0;125.0;120.0;120.0;110.0;111.0;110.0;110.0;110.0;110.0;110.0;110.0;110.0;110.0;110.0;110.0;110.0;110.0;110.0;110.0;110.0;110.0;110.0;140.0;140.0;140.0;140.0;140.0;140.0;140.0;1;1;1;1;1;1;1;1;1;1;1;1;1;1;1;1;1;1;1;1;1;1;1;1;1;1;1;1;1;1;1
60130000;2;06/1963;1;1;140.0;120.0;122.0;1;6;1;1;1;0.0;0;140.0;130.0;130.0;130.0;130.0;120.0;120.0;120.0;120.0;120.0;120.0;120.0;120.0;120.0;120.0;120.0;120.0;120.0;120.0;120.0;120.0;120.0;120.0;120.0;120.0;120.0;120.0;120.0;120.0;120.0;;1;1;1;1;1;1;1;1;1;1;1;1;1;1;1;1;1;1;1;1;1;1;1;1;1;1;1;1;1;1;
60130000;1;06/1963;1;1;140.0;120.0;122.0;1;6;1;1;1;123.0;1;140.0;130.0;130.0;130.0;130.0;120.0;120.0;120.0;120.0;120.0;120.0;120.0;120.0;120.0;120.0;120.0;120.0;120.0;120.0;120.0;120.0;120.0;120.0;120.0;120.0;120.0;120.0;120.0;120.0;120.0;;1;1;1;1;1;1;1;1;1;1;1;1;1;1;1;1;1;1;1;1;1;1;1;1;1;1;1;1;1;1;0
60130000;2;07/1963;1;1;120.0;120.0;120.0;1;1;1;1;1;0.0;0;120.0;120.0;120.0;120.0;120.0;120.0;120.0;120.0;120.0;120.0;120.0;120.0;120.0;120.0;120.0;120.0;120.0;120.0;120.0;120.0;120.0;120.0;120.0;120.0;120.0;120.0;120.0;120.0;120.0;120.0;120.0;1;1;1;1;1;1;1;1;1;1;1;1;1;1;1;1;1;1;1;1;1;1;1;1;1;1;1;1;1;1;1
60130000;1;07/1963;1;1;120.0;120.0;120.0;1;1;1;1;1;123.0;1;120.0;120.0;120.0;120.0;120.0;120.0;120.0;120.0;120.0;120.0;120.0;120.0;120.0;120.0;120.0;120.0;120.0;120.0;120.0;120.0;120.0;120.0;120.0;120.0;120.0;120.0;120.0;120.0;120.0;120.0;120.0;1;1;1;1;1;1;1;1;1;1;1;1;1;1;1;1;1;1;1;1;1;1;1;1;1;1;1;1;1;1;1
60130000;2;08/1963;1;1;110.0;95.0;102.2581;9;24;1;1;1;0.0;0;100.0;100.0;100.0;100.0;108.0;108.0;108.0;108.0;110.0;110.0;110.0;110.0;110.0;110.0;108.0;100.0;100.0;100.0;100.0;100.0;110.0;100.0;100.0;95.0;95.0;95.0;95.0;95.0;95.0;95.0;95.0;1;1;1;1;1;1;1;1;1;1;1;1;1;1;1;1;1;1;1;1;1;1;1;1;1;1;1;1;1;1;1
60130000;1;08/1963;1;1;110.0;95.0;102.0;9;24;1;1;1;123.0;1;100.0;100.0;100.0;100.0;108.0;108.0;108.0;108.0;110.0;110.0;110.0;110.0;110.0;110.0;108.0;100.0;100.0;100.0;100.0;100.0;110.0;100.0;100.0;95.0;95.0;95.0;95.0;95.0;95.0;95.0;95.0;1;1;1;1;1;1;1;1;1;1;1;1;1;1;1;1;1;1;1;1;1;1;1;1;1;1;1;1;1;1;1
60130000;2;09/1963;1;1;102.0;95.0;97.866699;22;1;1;1;1;0.0;0;95.0;95.0;95.0;95.0;95.0;95.0;95.0;95.0;95.0;95.0;95.0;95.0;95.0;95.0;95.0;100.0;100.0;100.0;100.0;100.0;100.0;102.0;102.0;101.0;101.0;101.0;101.0;101.0;101.0;101.0;;1;1;1;1;1;1;1;1;1;1;1;1;1;1;1;1;1;1;1;1;1;1;1;1;1;1;1;1;1;1;
60130000;1;09/1963;1;1;102.0;95.0;98.0;22;1;1;1;1;123.0;1;95.0;95.0;95.0;95.0;95.0;95.0;95.0;95.0;95.0;95.0;95.0;95.0;95.0;95.0;95.0;100.0;100.0;100.0;100.0;100.0;100.0;102.0;102.0;101.0;101.0;101.0;101.0;101.0;101.0;101.0;;1;1;1;1;1;1;1;1;1;1;1;1;1;1;1;1;1;1;1;1;1;1;1;1;1;1;1;1;1;1;0
60130000;2;10/1963;1;1;133.0;100.0;105.7419;23;16;2;2;2;0.0;0;101.0;101.0;101.0;101.0;101.0;101.0;101.0;101.0;101.0;101.0;101.0;101.0;101.0;101.0;101.0;100.0;100.0;102.0;101.0;101.0;100.0;100.0;133.0;130.0;127.0;121.0;115.0;112.0;109.0;106.0;106.0;1;1;1;1;1;1;1;1;1;1;1;1;1;1;1;1;1;2;2;2;2;2;2;2;2;2;2;2;2;2;2
60130000;1;10/1963;1;1;155.0;100.0;104.0;21;16;1;1;1;123.0;1;101.0;101.0;101.0;101.0;101.0;101.0;101.0;101.0;101.0;101.0;101.0;101.0;101.0;101.0;101.0;100.0;100.0;100.0;100.0;100.0;155.0;130.0;105.0;105.0;105.0;102.0;102.0;100.0;100.0;100.0;100.0;1;1;1;1;1;1;1;1;1;1;1;1;1;1;1;1;1;1;1;1;1;1;1;1;1;1;1;1;1;1;1
60130000;2;11/1963;1;1;140.0;101.0;117.0333;19;30;2;2;2;0.0;0;106.0;117.0;118.0;115.0;113.0;112.0;111.0;109.0;108.0;115.0;115.0;115.0;113.0;112.0;119.0;123.0;129.0;138.0;140.0;134.0;132.0;129.0;124.0;122.0;116.0;111.0;105.0;106.0;103.0;101.0;;2;2;2;2;2;2;2;2;2;2;2;2;2;2;2;2;2;2;2;2;2;2;2;2;2;2;2;2;2;2;
60130000;1;11/1963;1;1;178.0;100.0;106.0;10;1;1;1;1;123.0;1;100.0;108.0;105.0;102.0;100.0;100.0;100.0;100.0;100.0;143.0;128.0;108.0;102.0;101.0;112.0;111.0;110.0;110.0;110.0;108.0;107.0;107.0;104.0;100.0;100.0;100.0;100.0;100.0;100.0;100.0;;1;1;1;1;1;1;1;1;1;1;1;1;1;1;1;1;1;1;1;1;1;1;1;1;1;1;1;1;1;1;0
60130000;2;12/1963;1;1;290.0;90.0;113.2903;21;12;2;2;2;0.0;0;100.0;99.0;99.0;98.0;97.0;96.0;95.0;94.0;94.0;93.0;91.0;90.0;98.0;109.0;108.0;106.0;105.0;102.0;100.0;210.0;290.0;140.0;116.0;112.0;110.0;110.0;110.0;110.0;110.0;110.0;110.0;2;1;1;2;2;2;2;2;2;2;2;2;2;2;2;2;1;1;1;1;1;1;1;1;1;1;1;1;1;1;1
60130000;1;12/1963;1;1;300.0;96.0;115.0;21;12;1;1;1;123.0;1;99.0;99.0;99.0;99.0;99.0;99.0;99.0;99.0;99.0;98.0;98.0;96.0;96.0;140.0;105.0;105.0;105.0;102.0;100.0;210.0;290.0;140.0;116.0;112.0;110.0;110.0;110.0;110.0;110.0;110.0;110.0;1;1;1;1;1;1;1;1;1;1;1;1;1;1;1;1;1;1;1;1;1;1;1;1;1;1;1;1;1;1;1
60130000;2;01/1964;1;1;194.0;112.0;139.0323;20;3;2;2;2;0.0;0;115.0;115.0;112.0;112.0;125.0;132.0;120.0;116.0;121.0;115.0;116.0;152.0;150.0;148.0;137.0;146.0;140.0;135.0;134.0;194.0;170.0;163.0;154.0;150.0;159.0;174.0;151.0;139.0;149.0;138.0;128.0;1;1;1;1;1;1;1;1;1;1;1;1;1;1;1;1;1;1;1;1;1;1;1;1;1;1;1;1;1;2;2
60130000;1;01/1964;1;1;200.0;112.0;140.0;20;3;1;1;1;;0;115.0;115.0;112.0;112.0;125.0;132.0;120.0;116.0;121.0;115.0;116.0;152.0;150.0;148.0;137.0;146.0;140.0;135.0;134.0;194.0;170.0;163.0;154.0;150.0;159.0;174.0;151.0;139.0;149.0;140.0;143.0;1;1;1;1;1;1;1;1;1;1;1;1;1;1;1;1;1;1;1;1;1;1;1;1;1;1;1;1;1;1;1
60130000;2;02/1964;1;1;172.0;120.0;139.3103;29;2;2;2;2;0.0;0;122.0;120.0;123.0;136.0;132.0;134.0;135.0;132.0;131.0;136.0;133.0;140.0;133.0;134.0;140.0;143.0;147.0;152.0;147.0;142.0;144.0;148.0;147.0;143.0;142.0;142.0;138.0;152.0;172.0;;;2;2;2;2;2;2;2;2;2;2;2;2;2;2;1;2;2;2;2;2;2;2;2;2;2;2;2;2;2;;
60130000;1;02/1964;1;1;150.0;130.0;141.0;24;12;1;1;1;;0;140.0;140.0;140.0;140.0;140.0;140.0;140.0;140.0;140.0;135.0;135.0;130.0;130.0;140.0;140.0;140.0;140.0;140.0;140.0;140.0;140.0;145.0;145.0;150.0;140.0;150.0;150.0;150.0;150.0;;;1;1;1;1;1;1;1;1;1;1;1;1;1;1;1;1;1;1;1;1;1;1;1;1;1;1;1;1;1;0;0
60130000;2;03/1964;1;1;169.0;111.0;129.4839;1;28;2;2;2;0.0;0;169.0;164.0;155.0;150.0;146.0;151.0;152.0;148.0;142.0;144.0;130.0;125.0;123.0;122.0;120.0;122.0;120.0;121.0;120.0;118.0;118.0;116.0;120.0;116.0;116.0;114.0;112.0;111.0;115.0;114.0;120.0;2;2;2;2;2;2;2;2;2;2;1;2;2;2;2;2;2;2;2;2;2;2;2;2;2;2;2;2;2;2;2
60130000;1;03/1964;1;1;170.0;130.0;138.0;29;7;1;1;1;;0;140.0;140.0;140.0;140.0;140.0;140.0;130.0;130.0;130.0;130.0;130.0;140.0;140.0;130.0;130.0;130.0;130.0;140.0;140.0;140.0;130.0;130.0;130.0;133.0;130.0;140.0;140.0;140.0;165.0;155.0;165.0;1;1;1;1;1;1;1;1;1;1;1;1;1;1;1;1;1;1;1;1;1;1;1;1;1;1;1;1;1;1;1
60130000;2;04/1964;1;1;180.0;130.0;141.3;3;11;2;2;2;0.0;0;139.0;169.0;180.0;177.0;168.0;158.0;148.0;142.0;135.0;133.0;130.0;130.0;130.0;130.0;130.0;130.0;130.0;130.0;135.0;135.0;135.0;130.0;130.0;135.0;140.0;140.0;140.0;150.0;140.0;140.0;;2;2;2;2;2;2;2;2;2;2;1;1;1;1;1;1;1;1;1;1;1;1;1;1;1;1;1;1;1;1;
60130000;1;04/1964;1;1;170.0;130.0;138.0;3;8;1;1;1;;0;155.0;160.0;170.0;150.0;140.0;140.0;133.0;130.0;130.0;130.0;130.0;130.0;130.0;130.0;130.0;130.0;130.0;130.0;135.0;135.0;135.0;130.0;130.0;135.0;140.0;140.0;140.0;150.0;140.0;140.0;;1;1;1;1;1;1;1;1;1;1;1;1;1;1;1;1;1;1;1;1;1;1;1;1;1;1;1;1;1;1;0
60130000;2;05/1964;1;1;150.0;125.0;132.9677;3;11;1;1;1;0.0;0;140.0;140.0;150.0;145.0;140.0;140.0;140.0;130.0;130.0;130.0;125.0;130.0;130.0;130.0;130.0;130.0;130.0;130.0;130.0;130.0;130.0;130.0;130.0;130.0;130.0;130.0;133.0;135.0;132.0;132.0;130.0;1;1;1;1;1;1;1;1;1;1;1;1;1;1;1;1;1;1;1;1;1;1;1;1;1;1;1;1;1;1;1
60130000;2;06/1964;1;1;140.0;124.0;131.8;22;13;2;2;2;0.0;0;130.0;130.0;130.0;125.0;125.0;125.0;125.0;130.0;130.0;130.0;130.0;130.0;124.0;125.0;125.0;130.0;130.0;130.0;130.0;130.0;130.0;140.0;140.0;140.0;140.0;140.0;140.0;140.0;140.0;140.0;;1;1;1;1;1;1;1;1;1;1;1;1;1;1;1;2;2;2;2;2;2;2;2;2;2;2;2;2;2;2;
60130000;2;07/1964;1;1;140.0;115.0;127.4194;1;14;2;2;2;0.0;0;140.0;140.0;140.0;140.0;140.0;140.0;135.0;130.0;130.0;130.0;120.0;120.0;120.0;115.0;115.0;120.0;120.0;120.0;120.0;120.0;120.0;130.0;130.0;130.0;130.0;130.0;125.0;125.0;125.0;125.0;125.0;2;2;2;2;2;2;2;2;2;2;2;2;2;2;2;2;2;2;2;2;2;2;2;2;2;2;2;2;2;2;2
60130000;2;08/1964;1;1;120.0;110.0;111.9355;1;7;2;2;2;0.0;0;120.0;120.0;120.0;120.0;120.0;120.0;110.0;110.0;110.0;110.0;110.0;110.0;110.0;110.0;110.0;110.0;110.0;110.0;110.0;110.0;110.0;110.0;110.0;110.0;110.0;110.0;110.0;110.0;110.0;110.0;110.0;2;2;2;2;2;2;2;2;2;2;2;2;2;2;2;2;2;2;2;2;2;2;2;2;2;2;2;2;2;2;2
60130000;2;09/1964;1;1;100.0;90.0;93.633301;28;1;2;2;2;0.0;0;90.0;90.0;90.0;90.0;90.0;90.0;96.0;96.0;96.0;95.0;95.0;94.0;94.0;94.0;93.0;93.0;93.0;93.0;93.0;93.0;93.0;93.0;92.0;92.0;92.0;91.0;98.0;100.0;100.0;100.0;;2;2;2;2;2;2;2;2;2;2;2;2;2;2;2;2;2;2;2;2;2;2;2;2;2;2;2;2;2;2;
60130000;2;10/1964;1;1;119.0;90.0;105.4516;24;7;2;2;2;0.0;0;100.0;100.0;100.0;100.0;100.0;100.0;90.0;90.0;100.0;100.0;100.0;100.0;100.0;100.0;100.0;100.0;100.0;110.0;110.0;110.0;110.0;114.0;115.0;119.0;118.0;115.0;114.0;113.0;111.0;114.0;116.0;2;2;2;2;2;2;2;2;2;2;2;2;2;2;2;2;2;2;2;2;2;2;2;2;2;2;2;2;2;2;2
60130000;2;11/1964;1;1;;;;;;0;0;0;0.0;0;;;;;140.0;150.0;150.0;150.0;140.0;130.0;130.0;130.0;140.0;140.0;140.0;170.0;160.0;160.0;170.0;160.0;150.0;150.0;150.0;140.0;140.0;140.0;150.0;140.0;150.0;160.0;;;;;;1;1;1;1;1;1;1;1;1;1;1;1;1;1;1;1;1;1;1;1;1;1;1;1;1;1;
60130000;1;11/1964;1;1;170.0;80.0;138.0;16;1;1;1;1;;0;80.0;80.0;80.0;80.0;140.0;150.0;150.0;150.0;140.0;130.0;130.0;130.0;140.0;140.0;140.0;170.0;160.0;160.0;170.0;160.0;150.0;150.0;150.0;140.0;140.0;140.0;150.0;140.0;150.0;160.0;;1;1;1;1;1;1;1;1;1;1;1;1;1;1;1;1;1;1;1;1;1;1;1;1;1;1;1;1;1;1;0
60130000;2;12/1964;1;1;180.0;130.0;159.3548;3;17;1;1;1;0.0;0;150.0;150.0;180.0;170.0;180.0;170.0;160.0;140.0;160.0;180.0;160.0;150.0;140.0;140.0;140.0;140.0;130.0;140.0;150.0;150.0;170.0;180.0;180.0;170.0;180.0;170.0;160.0;160.0;160.0;170.0;160.0;1;1;1;1;1;1;1;1;1;1;1;1;1;1;1;1;1;1;1;1;1;1;1;1;1;1;1;1;1;1;1
60130000;1;12/1964;1;1;180.0;130.0;159.0;3;17;1;1;1;;0;150.0;150.0;180.0;170.0;180.0;170.0;160.0;140.0;160.0;180.0;160.0;150.0;140.0;140.0;140.0;140.0;130.0;140.0;150.0;150.0;170.0;180.0;180.0;170.0;180.0;170.0;160.0;160.0;160.0;170.0;160.0;1;1;1;1;1;1;1;1;1;1;1;1;1;1;1;1;1;1;1;1;1;1;1;1;1;1;1;1;1;1;1
60130000;2;01/1965;1;1;210.0;150.0;173.871;10;17;1;1;1;0.0;0;200.0;190.0;180.0;170.0;170.0;180.0;170.0;160.0;190.0;210.0;190.0;180.0;180.0;160.0;160.0;160.0;150.0;150.0;170.0;180.0;190.0;180.0;170.0;160.0;160.0;170.0;160.0;160.0;170.0;190.0;180.0;1;1;1;1;1;1;1;1;1;1;1;1;1;1;1;1;1;1;1;1;1;1;1;1;1;1;1;1;1;1;1
60130000;1;01/1965;1;1;210.0;150.0;174.0;10;17;1;1;1;157.0;1;200.0;190.0;180.0;170.0;170.0;180.0;170.0;160.0;190.0;210.0;190.0;180.0;180.0;160.0;160.0;160.0;150.0;150.0;170.0;180.0;190.0;180.0;170.0;160.0;160.0;170.0;160.0;160.0;170.0;190.0;180.0;1;1;1;1;1;1;1;1;1;1;1;1;1;1;1;1;1;1;1;1;1;1;1;1;1;1;1;1;1;1;1
60130000;2;02/1965;1;1;300.0;160.0;223.75;26;3;1;1;1;0.0;0;180.0;170.0;160.0;160.0;170.0;180.0;190.0;190.0;190.0;200.0;200.0;210.0;225.0;225.0;180.0;180.0;200.0;250.0;270.0;270.0;275.0;280.0;270.0;280.0;280.0;300.0;300.0;280.0;;;;1;1;1;1;1;1;1;1;1;1;1;1;1;1;1;1;1;1;1;1;1;1;1;1;1;1;1;1;;;
60130000;1;02/1965;1;1;300.0;160.0;224.0;26;3;1;1;1;157.0;1;180.0;170.0;160.0;160.0;170.0;180.0;190.0;190.0;190.0;200.0;200.0;210.0;225.0;225.0;180.0;180.0;200.0;250.0;270.0;270.0;275.0;280.0;270.0;280.0;280.0;300.0;300.0;280.0;;;;1;1;1;1;1;1;1;1;1;1;1;1;1;1;1;1;1;1;1;1;1;1;1;1;1;1;1;1;0;0;0
60130000;2;03/1965;1;1;350.0;185.0;260.16129;13;3;1;1;1;0.0;0;200.0;190.0;185.0;285.0;280.0;260.0;285.0;290.0;330.0;300.0;290.0;300.0;350.0;300.0;280.0;280.0;285.0;250.0;240.0;260.0;280.0;250.0;240.0;225.0;200.0;230.0;280.0;280.0;240.0;200.0;200.0;1;1;1;1;1;1;1;1;1;1;1;1;1;1;1;1;1;1;1;1;1;1;1;1;1;1;1;1;1;1;1
60130000;1;03/1965;1;1;350.0;185.0;260.0;13;3;1;1;1;157.0;1;200.0;190.0;185.0;285.0;280.0;260.0;285.0;290.0;330.0;300.0;290.0;300.0;350.0;300.0;280.0;280.0;285.0;250.0;240.0;260.0;280.0;250.0;240.0;225.0;200.0;230.0;280.0;280.0;240.0;200.0;200.0;1;1;1;1;1;1;1;1;1;1;1;1;1;1;1;1;1;1;1;1;1;1;1;1;1;1;1;1;1;1;1
60130000;2;04/1965;1;1;198.0;174.0;180.5;3;21;1;1;1;0.0;0;185.0;195.0;198.0;180.0;195.0;185.0;180.0;180.0;182.0;185.0;182.0;180.0;178.0;176.0;176.0;178.0;178.0;176.0;175.0;175.0;174.0;176.0;185.0;182.0;180.0;175.0;175.0;174.0;175.0;180.0;;1;1;1;1;1;1;1;1;1;1;1;1;1;1;1;1;1;1;1;1;1;1;1;1;1;1;1;1;1;1;
60130000;1;04/1965;1;1;198.0;174.0;181.0;3;21;1;1;1;157.0;1;185.0;195.0;198.0;180.0;195.0;185.0;180.0;180.0;182.0;185.0;182.0;180.0;178.0;176.0;176.0;178.0;178.0;176.0;175.0;175.0;174.0;176.0;185.0;182.0;180.0;175.0;175.0;174.0;175.0;180.0;;1;1;1;1;1;1;1;1;1;1;1;1;1;1;1;1;1;1;1;1;1;1;1;1;1;1;1;1;1;1;0
60130000;2;05/1965;1;1;180.0;143.0;163.7097;1;31;1;1;1;0.0;0;180.0;175.0;175.0;174.0;173.0;173.0;172.0;172.0;172.0;172.0;172.0;172.0;170.0;168.0;167.0;166.0;165.0;164.0;170.0;170.0;168.0;166.0;160.0;150.0;145.0;145.0;144.0;144.0;144.0;144.0;143.0;1;1;1;1;1;1;1;1;1;1;1;1;1;1;1;1;1;1;1;1;1;1;1;1;1;1;1;1;1;1;1
60130000;1;05/1965;1;1;180.0;143.0;164.0;1;31;1;1;1;157.0;1;180.0;175.0;175.0;174.0;173.0;173.0;172.0;172.0;172.0;172.0;172.0;172.0;170.0;168.0;167.0;166.0;165.0;164.0;170.0;170.0;168.0;166.0;160.0;150.0;145.0;145.0;144.0;144.0;144.0;144.0;143.0;1;1;1;1;1;1;1;1;1;1;1;1;1;1;1;1;1;1;1;1;1;1;1;1;1;1;1;1;1;1;1
60130000;2;06/1965;1;1;158.0;142.0;146.76669;26;24;1;1;1;0.0;0;144.0;144.0;145.0;145.0;145.0;144.0;144.0;143.0;143.0;146.0;146.0;145.0;144.0;144.0;146.0;148.0;148.0;147.0;146.0;146.0;145.0;144.0;143.0;142.0;142.0;158.0;158.0;157.0;156.0;155.0;;1;1;1;1;1;1;1;1;1;1;1;1;1;1;1;1;1;1;1;1;1;1;1;1;1;1;1;1;1;1;
60130000;1;06/1965;1;1;158.0;142.0;147.0;26;24;1;1;1;157.0;1;144.0;144.0;145.0;145.0;145.0;144.0;144.0;143.0;143.0;146.0;146.0;145.0;144.0;144.0;146.0;148.0;148.0;147.0;146.0;146.0;145.0;144.0;143.0;142.0;142.0;158.0;158.0;157.0;156.0;155.0;;1;1;1;1;1;1;1;1;1;1;1;1;1;1;1;1;1;1;1;1;1;1;1;1;1;1;1;1;1;1;0
60130000;2;07/1965;1;1;154.0;112.0;121.2903;1;29;1;1;1;0.0;0;154.0;144.0;144.0;143.0;142.0;142.0;118.0;118.0;119.0;119.0;120.0;119.0;118.0;118.0;117.0;117.0;116.0;116.0;115.0;115.0;114.0;114.0;115.0;114.0;114.0;113.0;113.0;113.0;112.0;112.0;112.0;1;1;1;1;1;1;1;1;1;1;1;1;1;1;1;1;1;1;1;1;1;1;1;1;1;1;1;1;1;1;1
60130000;1;07/1965;1;1;154.0;112.0;121.0;1;29;1;1;1;157.0;1;154.0;144.0;144.0;143.0;142.0;142.0;118.0;118.0;119.0;119.0;120.0;119.0;118.0;118.0;117.0;117.0;116.0;116.0;115.0;115.0;114.0;114.0;115.0;114.0;114.0;113.0;113.0;113.0;112.0;112.0;112.0;1;1;1;1;1;1;1;1;1;1;1;1;1;1;1;1;1;1;1;1;1;1;1;1;1;1;1;1;1;1;1
60130000;2;08/1965;1;1;119.0;110.0;115.129;26;24;1;1;1;0.0;0;115.0;115.0;114.0;114.0;113.0;113.0;113.0;114.0;118.0;118.0;118.0;118.0;117.0;116.0;116.0;116.0;116.0;115.0;114.0;112.0;112.0;111.0;111.0;110.0;110.0;119.0;119.0;118.0;118.0;118.0;118.0;1;1;1;1;1;1;1;1;1;1;1;1;1;1;1;1;1;1;1;1;1;1;1;1;1;1;1;1;1;1;1
60130000;1;08/1965;1;1;119.0;110.0;115.0;26;24;1;1;1;157.0;1;115.0;115.0;114.0;114.0;113.0;113.0;113.0;114.0;118.0;118.0;118.0;118.0;117.0;116.0;116.0;116.0;116.0;115.0;114.0;112.0;112.0;111.0;111.0;110.0;110.0;119.0;119.0;118.0;118.0;118.0;118.0;1;1;1;1;1;1;1;1;1;1;1;1;1;1;1;1;1;1;1;1;1;1;1;1;1;1;1;1;1;1;1
60130000;2;09/1965;1;1;110.0;97.0;103.8667;24;20;1;1;1;0.0;0;109.0;109.0;108.0;108.0;107.0;106.0;105.0;104.0;104.0;103.0;103.0;103.0;102.0;102.0;101.0;100.0;100.0;99.0;98.0;97.0;99.0;98.0;100.0;110.0;108.0;109.0;100.0;109.0;108.0;107.0;;1;1;1;1;1;1;1;1;1;1;1;1;1;1;1;1;1;1;1;1;1;1;1;1;1;1;1;1;1;1;
60130000;1;09/1965;1;1;110.0;97.0;104.0;24;20;1;1;1;157.0;1;109.0;109.0;108.0;108.0;107.0;106.0;105.0;104.0;104.0;103.0;103.0;103.0;102.0;102.0;101.0;100.0;100.0;99.0;98.0;97.0;99.0;98.0;100.0;110.0;108.0;109.0;100.0;109.0;108.0;107.0;;1;1;1;1;1;1;1;1;1;1;1;1;1;1;1;1;1;1;1;1;1;1;1;1;1;1;1;1;1;1;0
60130000;2;10/1965;1;1;180.0;97.0;118.4194;2;10;1;1;1;0.0;0;170.0;180.0;170.0;160.0;120.0;100.0;100.0;99.0;98.0;97.0;98.0;99.0;100.0;120.0;180.0;160.0;100.0;102.0;105.0;103.0;100.0;99.0;110.0;105.0;104.0;120.0;110.0;104.0;120.0;120.0;118.0;1;1;1;1;1;1;1;1;1;1;1;1;1;1;1;1;1;1;1;1;1;1;1;1;1;1;1;1;1;1;1
60130000;1;10/1965;1;1;180.0;97.0;118.0;2;10;1;1;1;157.0;1;170.0;180.0;170.0;160.0;120.0;100.0;100.0;99.0;98.0;97.0;98.0;99.0;100.0;120.0;180.0;160.0;100.0;102.0;105.0;103.0;100.0;99.0;110.0;105.0;104.0;120.0;110.0;104.0;120.0;120.0;118.0;1;1;1;1;1;1;1;1;1;1;1;1;1;1;1;1;1;1;1;1;1;1;1;1;1;1;1;1;1;1;1
60130000;2;11/1965;1;1;160.0;96.0;111.2667;26;13;1;1;1;0.0;0;116.0;110.0;110.0;100.0;100.0;99.0;98.0;98.0;97.0;98.0;99.0;97.0;96.0;98.0;110.0;112.0;110.0;120.0;110.0;150.0;118.0;112.0;110.0;110.0;110.0;160.0;130.0;120.0;122.0;118.0;;1;1;1;1;1;1;1;1;1;1;1;1;1;1;1;1;1;1;1;1;1;1;1;1;1;1;1;1;1;1;
60130000;1;11/1965;1;1;160.0;96.0;111.0;26;13;1;1;1;157.0;1;116.0;110.0;110.0;100.0;100.0;99.0;98.0;98.0;97.0;98.0;99.0;97.0;96.0;98.0;110.0;112.0;110.0;120.0;110.0;150.0;118.0;112.0;110.0;110.0;110.0;160.0;130.0;120.0;122.0;118.0;;1;1;1;1;1;1;1;1;1;1;1;1;1;1;1;1;1;1;1;1;1;1;1;1;1;1;1;1;1;1;0
60130000;2;12/1965;1;1;320.0;118.0;160.3226;10;22;1;1;1;0.0;0;134.0;144.0;128.0;182.0;145.0;140.0;134.0;150.0;310.0;320.0;260.0;180.0;165.0;163.0;162.0;150.0;128.0;123.0;122.0;120.0;119.0;118.0;122.0;315.0;145.0;138.0;135.0;134.0;129.0;128.0;127.0;1;1;1;1;1;1;1;1;1;1;1;1;1;1;1;1;1;1;1;1;1;1;1;1;1;1;1;1;1;1;1
60130000;1;12/1965;1;1;320.0;118.0;160.0;10;22;1;1;1;157.0;1;134.0;144.0;128.0;182.0;145.0;140.0;134.0;150.0;310.0;320.0;260.0;180.0;165.0;163.0;162.0;150.0;128.0;123.0;122.0;120.0;119.0;118.0;122.0;315.0;145.0;138.0;135.0;134.0;129.0;128.0;127.0;1;1;1;1;1;1;1;1;1;1;1;1;1;1;1;1;1;1;1;1;1;1;1;1;1;1;1;1;1;1;1
60130000;2;01/1966;1;1;335.0;120.0;179.4516;12;1;1;1;1;0.0;0;120.0;135.0;148.0;145.0;150.0;160.0;149.0;138.0;165.0;270.0;178.0;335.0;330.0;310.0;260.0;225.0;218.0;175.0;170.0;143.0;140.0;145.0;150.0;148.0;148.0;149.0;149.0;148.0;150.0;152.0;160.0;1;1;1;1;1;1;1;1;1;1;1;1;1;1;1;1;1;1;1;1;1;1;1;1;1;1;1;1;1;1;1
60130000;1;01/1966;1;1;335.0;120.0;179.0;12;1;1;1;1;;0;120.0;135.0;148.0;145.0;150.0;160.0;149.0;138.0;165.0;270.0;178.0;335.0;330.0;310.0;260.0;225.0;218.0;175.0;170.0;143.0;140.0;145.0;150.0;148.0;148.0;149.0;149.0;148.0;150.0;152.0;160.0;1;1;1;1;1;1;1;1;1;1;1;1;1;1;1;1;1;1;1;1;1;1;1;1;1;1;1;1;1;1;1
60130000;2;02/1966;1;1;275.0;150.0;179.5;6;2;1;1;1;0.0;0;168.0;150.0;152.0;152.0;230.0;275.0;220.0;228.0;222.0;202.0;200.0;198.0;192.0;185.0;181.0;180.0;165.0;160.0;161.0;160.0;161.0;160.0;160.0;158.0;152.0;150.0;150.0;154.0;;;;1;1;1;1;1;1;1;1;1;1;1;1;1;1;1;1;1;1;1;1;1;1;1;1;1;1;1;1;;;
60130000;1;02/1966;1;1;275.0;150.0;180.0;6;2;1;1;1;;0;168.0;150.0;152.0;152.0;230.0;275.0;220.0;228.0;222.0;202.0;200.0;198.0;192.0;185.0;181.0;180.0;165.0;160.0;161.0;160.0;161.0;160.0;160.0;158.0;152.0;150.0;150.0;154.0;;;;1;1;1;1;1;1;1;1;1;1;1;1;1;1;1;1;1;1;1;1;1;1;1;1;1;1;1;1;0;0;0
60130000;2;03/1966;1;1;305.0;150.0;187.1935;10;3;1;1;1;0.0;0;152.0;151.0;150.0;165.0;200.0;250.0;178.0;285.0;300.0;305.0;220.0;210.0;200.0;195.0;194.0;190.0;180.0;175.0;170.0;168.0;165.0;162.0;160.0;158.0;155.0;153.0;164.0;165.0;164.0;164.0;155.0;1;1;1;1;1;1;1;1;1;1;1;1;1;1;1;1;1;1;1;1;1;1;1;1;1;1;1;1;1;1;1
60130000;1;03/1966;1;1;305.0;150.0;187.0;10;3;1;1;1;;0;152.0;151.0;150.0;165.0;200.0;250.0;178.0;285.0;300.0;305.0;220.0;210.0;200.0;195.0;194.0;190.0;180.0;175.0;170.0;168.0;165.0;162.0;160.0;158.0;155.0;153.0;164.0;165.0;164.0;164.0;155.0;1;1;1;1;1;1;1;1;1;1;1;1;1;1;1;1;1;1;1;1;1;1;1;1;1;1;1;1;1;1;1
60130000;2;04/1966;1;1;;;;;;0;0;0;0.0;0;160.0;160.0;152.0;150.0;145.0;210.0;199.0;175.0;163.0;158.0;155.0;151.0;150.0;145.0;144.0;;;;;;;;;;;;;;;;;1;1;1;1;1;1;1;1;1;1;1;1;1;1;1;;;;;;;;;;;;;;;;
60130000;1;04/1966;1;1;;;;;;0;0;0;;0;160.0;160.0;152.0;150.0;145.0;210.0;199.0;175.0;163.0;158.0;155.0;151.0;150.0;145.0;144.0;;;;;;;;;;;;;;;;;1;1;1;1;1;1;1;1;1;1;1;1;1;1;1;0;0;0;0;0;0;0;0;0;0;0;0;0;0;0;0
60130000;2;05/1966;1;1;172.0;125.0;139.5161;10;14;1;1;1;0.0;0;130.0;130.0;129.0;129.0;129.0;128.0;128.0;128.0;128.0;172.0;150.0;130.0;129.0;125.0;172.0;172.0;171.0;162.0;152.0;132.0;130.0;128.0;160.0;150.0;140.0;134.0;132.0;134.0;138.0;128.0;125.0;1;1;1;1;1;1;1;1;1;1;1;1;1;1;1;1;1;1;1;1;1;1;1;1;1;1;1;1;1;1;1
60130000;1;05/1966;1;1;172.0;125.0;140.0;10;14;1;1;1;;0;130.0;130.0;129.0;129.0;129.0;128.0;128.0;128.0;128.0;172.0;150.0;130.0;129.0;125.0;172.0;172.0;171.0;162.0;152.0;132.0;130.0;128.0;160.0;150.0;140.0;134.0;132.0;134.0;138.0;128.0;125.0;1;1;1;1;1;1;1;1;1;1;1;1;1;1;1;1;1;1;1;1;1;1;1;1;1;1;1;1;1;1;1
60130000;2;06/1966;1;1;154.0;111.0;128.2;21;20;1;1;1;0.0;0;120.0;120.0;120.0;119.0;119.0;119.0;118.0;118.0;117.0;117.0;117.0;116.0;116.0;115.0;114.0;113.0;112.0;112.0;112.0;111.0;154.0;154.0;153.0;152.0;151.0;152.0;152.0;151.0;151.0;151.0;;1;1;1;1;1;1;1;1;1;1;1;1;1;1;1;1;1;1;1;1;1;1;1;1;1;1;1;1;1;1;
60130000;1;06/1966;1;1;154.0;111.0;128.0;21;20;1;1;1;;0;120.0;120.0;120.0;119.0;119.0;119.0;118.0;118.0;117.0;117.0;117.0;116.0;116.0;115.0;114.0;113.0;112.0;112.0;112.0;111.0;154.0;154.0;153.0;152.0;151.0;152.0;152.0;151.0;151.0;151.0;;1;1;1;1;1;1;1;1;1;1;1;1;1;1;1;1;1;1;1;1;1;1;1;1;1;1;1;1;1;1;0
60130000;2;07/1966;1;1;152.0;139.0;145.1613;1;29;1;1;1;0.0;0;152.0;151.0;151.0;152.0;152.0;150.0;150.0;149.0;149.0;148.0;147.0;146.0;146.0;146.0;146.0;146.0;145.0;144.0;143.0;143.0;142.0;142.0;141.0;141.0;141.0;140.0;140.0;140.0;139.0;139.0;139.0;1;1;1;1;1;1;1;1;1;1;1;1;1;1;1;1;1;1;1;1;1;1;1;1;1;1;1;1;1;1;1
60130000;1;07/1966;1;1;152.0;139.0;145.0;1;29;1;1;1;;0;152.0;151.0;151.0;152.0;152.0;150.0;150.0;149.0;149.0;148.0;147.0;146.0;146.0;146.0;146.0;146.0;145.0;144.0;143.0;143.0;142.0;142.0;141.0;141.0;141.0;140.0;140.0;140.0;139.0;139.0;139.0;1;1;1;1;1;1;1;1;1;1;1;1;1;1;1;1;1;1;1;1;1;1;1;1;1;1;1;1;1;1;1
60130000;2;08/1966;1;1;139.0;126.0;132.3226;1;31;1;1;1;0.0;0;139.0;138.0;138.0;137.0;137.0;137.0;136.0;136.0;135.0;135.0;134.0;134.0;133.0;132.0;132.0;132.0;132.0;132.0;131.0;131.0;130.0;130.0;129.0;129.0;129.0;128.0;128.0;128.0;127.0;127.0;126.0;1;1;1;1;1;1;1;1;1;1;1;1;1;1;1;1;1;1;1;1;1;1;1;1;1;1;1;1;1;1;1
60130000;1;08/1966;1;1;152.0;126.0;132.0;1;31;1;1;1;;0;139.0;138.0;138.0;137.0;137.0;137.0;136.0;136.0;135.0;135.0;134.0;134.0;133.0;132.0;132.0;132.0;132.0;132.0;131.0;131.0;130.0;130.0;129.0;129.0;129.0;128.0;128.0;128.0;127.0;127.0;126.0;1;1;1;1;1;1;1;1;1;1;1;1;1;1;1;1;1;1;1;1;1;1;1;1;1;1;1;1;1;1;1
60130000;2;09/1966;1;1;126.0;117.0;120.9333;1;28;1;1;1;0.0;0;126.0;126.0;125.0;124.0;124.0;123.0;123.0;122.0;122.0;121.0;120.0;120.0;120.0;120.0;120.0;120.0;119.0;119.0;119.0;119.0;118.0;123.0;122.0;120.0;119.0;118.0;118.0;117.0;122.0;119.0;;1;1;1;1;1;1;1;1;1;1;1;1;1;1;1;1;1;1;1;1;1;1;1;1;1;1;1;1;1;1;
60130000;1;09/1966;1;1;126.0;117.0;121.0;1;28;1;1;1;;0;126.0;126.0;125.0;124.0;124.0;123.0;123.0;122.0;122.0;121.0;120.0;120.0;120.0;120.0;120.0;120.0;119.0;119.0;119.0;119.0;118.0;123.0;122.0;120.0;119.0;118.0;118.0;117.0;122.0;119.0;;1;1;1;1;1;1;1;1;1;1;1;1;1;1;1;1;1;1;1;1;1;1;1;1;1;1;1;1;1;1;0
60130000;2;10/1966;1;1;195.0;117.0;127.2258;31;26;1;1;1;0.0;0;158.0;150.0;135.0;130.0;125.0;122.0;120.0;120.0;120.0;120.0;120.0;120.0;135.0;138.0;130.0;122.0;120.0;120.0;119.0;118.0;118.0;122.0;125.0;120.0;118.0;117.0;117.0;124.0;125.0;121.0;195.0;1;1;1;1;1;1;1;1;1;1;1;1;1;1;1;1;1;1;1;1;1;1;1;1;1;1;1;1;1;1;1
60130000;1;10/1966;1;1;195.0;117.0;127.0;31;26;1;1;1;;0;158.0;150.0;135.0;130.0;125.0;122.0;120.0;120.0;120.0;120.0;120.0;120.0;135.0;138.0;130.0;122.0;120.0;120.0;119.0;118.0;118.0;122.0;125.0;120.0;118.0;117.0;117.0;124.0;125.0;121.0;195.0;1;1;1;1;1;1;1;1;1;1;1;1;1;1;1;1;1;1;1;1;1;1;1;1;1;1;1;1;1;1;1
60130000;2;11/1966;1;1;194.0;118.0;140.8;18;14;1;1;1;0.0;0;138.0;134.0;130.0;129.0;135.0;165.0;135.0;125.0;122.0;120.0;120.0;119.0;119.0;118.0;132.0;154.0;186.0;194.0;176.0;148.0;148.0;149.0;149.0;140.0;139.0;138.0;142.0;148.0;140.0;132.0;;1;1;1;1;1;1;1;1;1;1;1;1;1;1;1;1;1;1;1;1;1;1;1;1;1;1;1;1;1;1;
60130000;1;11/1966;1;1;194.0;118.0;141.0;18;14;1;1;1;;0;138.0;134.0;130.0;129.0;135.0;165.0;135.0;125.0;122.0;120.0;120.0;119.0;119.0;118.0;132.0;154.0;186.0;194.0;176.0;148.0;148.0;149.0;149.0;140.0;139.0;138.0;142.0;148.0;140.0;132.0;;1;1;1;1;1;1;1;1;1;1;1;1;1;1;1;1;1;1;1;1;1;1;1;1;1;1;1;1;1;1;0
60130000;2;12/1966;1;1;464.0;129.0;236.4839;23;11;1;1;1;0.0;0;132.0;132.0;132.0;135.0;140.0;163.0;156.0;134.0;130.0;130.0;129.0;130.0;142.0;320.0;184.0;146.0;163.0;172.0;312.0;398.0;310.0;380.0;464.0;428.0;385.0;374.0;360.0;342.0;310.0;300.0;198.0;1;1;1;1;1;1;1;1;1;1;1;1;1;1;1;1;1;1;1;1;1;1;1;1;1;1;1;1;1;1;1
60130000;1;12/1966;1;1;464.0;129.0;236.0;23;11;1;1;1;;0;132.0;132.0;132.0;135.0;140.0;163.0;156.0;134.0;130.0;130.0;129.0;130.0;142.0;320.0;184.0;146.0;163.0;172.0;312.0;398.0;310.0;380.0;464.0;428.0;385.0;374.0;360.0;342.0;310.0;300.0;198.0;1;1;1;1;1;1;1;1;1;1;1;1;1;1;1;1;1;1;1;1;1;1;1;1;1;1;1;1;1;1;1
60130000;2;01/1967;1;1;384.0;178.0;257.74191;28;9;1;1;1;0.0;0;308.0;300.0;196.0;184.0;183.0;182.0;190.0;182.0;178.0;301.0;348.0;370.0;345.0;382.0;301.0;192.0;190.0;189.0;300.0;340.0;184.0;182.0;181.0;348.0;190.0;182.0;310.0;384.0;328.0;350.0;190.0;1;1;1;1;1;1;1;1;1;1;1;1;1;1;1;1;1;1;1;1;1;1;1;1;1;1;1;1;1;1;1
60130000;1;01/1967;1;1;384.0;178.0;258.0;28;9;1;1;1;163.0;1;308.0;300.0;196.0;184.0;183.0;182.0;190.0;182.0;178.0;301.0;348.0;370.0;345.0;382.0;301.0;192.0;190.0;189.0;300.0;340.0;184.0;182.0;181.0;348.0;190.0;182.0;310.0;384.0;328.0;350.0;190.0;1;1;1;1;1;1;1;1;1;1;1;1;1;1;1;1;1;1;1;1;1;1;1;1;1;1;1;1;1;1;1
60130000;2;02/1967;1;1;520.0;182.0;303.35709;19;10;1;1;1;0.0;0;332.0;315.0;312.0;190.0;190.0;190.0;188.0;188.0;190.0;182.0;320.0;348.0;310.0;300.0;184.0;425.0;382.0;348.0;520.0;450.0;380.0;343.0;338.0;320.0;315.0;313.0;311.0;310.0;;;;1;1;1;1;1;1;1;1;1;1;1;1;1;1;1;1;1;1;1;1;1;1;1;1;1;1;1;1;;;
60130000;1;02/1967;1;1;520.0;182.0;303.0;19;10;1;1;1;163.0;1;332.0;315.0;312.0;190.0;190.0;190.0;188.0;188.0;190.0;182.0;320.0;348.0;310.0;300.0;184.0;425.0;382.0;348.0;520.0;450.0;380.0;343.0;338.0;320.0;315.0;313.0;311.0;310.0;;;;1;1;1;1;1;1;1;1;1;1;1;1;1;1;1;1;1;1;1;1;1;1;1;1;1;1;1;1;0;0;0
60130000;2;03/1967;1;1;300.0;192.0;207.2258;1;2;1;1;1;0.0;0;300.0;192.0;194.0;192.0;192.0;192.0;194.0;194.0;230.0;238.0;230.0;238.0;200.0;196.0;200.0;203.0;210.0;230.0;210.0;203.0;200.0;196.0;196.0;201.0;200.0;200.0;205.0;210.0;192.0;192.0;194.0;1;1;1;1;1;1;1;1;1;1;1;1;1;1;1;1;1;1;1;1;1;1;1;1;1;1;1;1;1;1;1
60130000;1;03/1967;1;1;300.0;192.0;207.0;1;2;1;1;1;163.0;1;300.0;192.0;194.0;192.0;192.0;192.0;194.0;194.0;230.0;238.0;230.0;238.0;200.0;196.0;200.0;203.0;210.0;230.0;210.0;203.0;200.0;196.0;196.0;201.0;200.0;200.0;205.0;210.0;192.0;192.0;194.0;1;1;1;1;1;1;1;1;1;1;1;1;1;1;1;1;1;1;1;1;1;1;1;1;1;1;1;1;1;1;1
60130000;2;04/1967;1;1;192.0;176.0;184.0;1;25;1;1;1;0.0;0;192.0;192.0;192.0;192.0;190.0;190.0;190.0;188.0;188.0;188.0;186.0;186.0;186.0;186.0;190.0;184.0;182.0;182.0;182.0;180.0;180.0;178.0;178.0;178.0;176.0;176.0;176.0;176.0;176.0;180.0;;1;1;1;1;1;1;1;1;1;1;1;1;1;1;1;1;1;1;1;1;1;1;1;1;1;1;1;1;1;1;
60130000;1;04/1967;1;1;192.0;176.0;184.0;1;25;1;1;1;163.0;1;192.0;192.0;192.0;192.0;190.0;190.0;190.0;188.0;188.0;188.0;186.0;186.0;186.0;186.0;190.0;184.0;182.0;182.0;182.0;180.0;180.0;178.0;178.0;178.0;176.0;176.0;176.0;176.0;176.0;180.0;;1;1;1;1;1;1;1;1;1;1;1;1;1;1;1;1;1;1;1;1;1;1;1;1;1;1;1;1;1;1;0
60130000;2;05/1967;1;1;209.0;148.0;159.9355;2;27;1;1;1;0.0;0;164.0;209.0;199.0;190.0;170.0;168.0;168.0;166.0;164.0;160.0;160.0;158.0;158.0;158.0;156.0;156.0;156.0;154.0;154.0;150.0;150.0;150.0;150.0;150.0;150.0;150.0;148.0;148.0;148.0;148.0;148.0;1;1;1;1;1;1;1;1;1;1;1;1;1;1;1;1;1;1;1;1;1;1;1;1;1;1;1;1;1;1;1
60130000;1;05/1967;1;1;209.0;148.0;160.0;2;27;1;1;1;163.0;1;164.0;209.0;199.0;190.0;170.0;168.0;168.0;166.0;164.0;160.0;160.0;158.0;158.0;158.0;156.0;156.0;156.0;154.0;154.0;150.0;150.0;150.0;150.0;150.0;150.0;150.0;148.0;148.0;148.0;148.0;148.0;1;1;1;1;1;1;1;1;1;1;1;1;1;1;1;1;1;1;1;1;1;1;1;1;1;1;1;1;1;1;1
60130000;2;06/1967;1;1;146.0;130.0;137.60001;1;24;1;1;1;0.0;0;146.0;144.0;144.0;140.0;140.0;140.0;140.0;142.0;142.0;142.0;142.0;140.0;140.0;140.0;140.0;140.0;140.0;138.0;138.0;136.0;136.0;134.0;132.0;130.0;130.0;130.0;132.0;130.0;130.0;130.0;;1;1;1;1;1;1;1;1;1;1;1;1;1;1;1;1;1;1;1;1;1;1;1;1;1;1;1;1;1;1;
60130000;1;06/1967;1;1;146.0;130.0;138.0;1;24;1;1;1;163.0;1;146.0;144.0;144.0;140.0;140.0;140.0;140.0;142.0;142.0;142.0;142.0;140.0;140.0;140.0;140.0;140.0;140.0;138.0;138.0;136.0;136.0;134.0;132.0;130.0;130.0;130.0;132.0;130.0;130.0;130.0;;1;1;1;1;1;1;1;1;1;1;1;1;1;1;1;1;1;1;1;1;1;1;1;1;1;1;1;1;1;1;0
60130000;2;07/1967;1;1;130.0;120.0;126.4516;1;26;1;1;1;0.0;0;130.0;130.0;130.0;130.0;130.0;130.0;128.0;128.0;128.0;128.0;128.0;128.0;128.0;128.0;128.0;128.0;128.0;128.0;128.0;128.0;128.0;126.0;126.0;124.0;124.0;120.0;120.0;120.0;120.0;120.0;120.0;1;1;1;1;1;1;1;1;1;1;1;1;1;1;1;1;1;1;1;1;1;1;1;1;1;1;1;1;1;1;1
60130000;1;07/1967;1;1;130.0;120.0;126.0;1;26;1;1;1;163.0;1;130.0;130.0;130.0;130.0;130.0;130.0;128.0;128.0;128.0;128.0;128.0;128.0;128.0;128.0;128.0;128.0;128.0;128.0;128.0;128.0;128.0;126.0;126.0;124.0;124.0;120.0;120.0;120.0;120.0;120.0;120.0;1;1;1;1;1;1;1;1;1;1;1;1;1;1;1;1;1;1;1;1;1;1;1;1;1;1;1;1;1;1;1
60130000;2;08/1967;1;1;118.0;108.0;112.6774;1;22;1;1;1;0.0;0;118.0;118.0;118.0;118.0;118.0;118.0;118.0;117.0;117.0;117.0;116.0;116.0;116.0;114.0;114.0;110.0;110.0;110.0;110.0;110.0;110.0;108.0;108.0;108.0;108.0;108.0;108.0;108.0;108.0;108.0;108.0;1;1;1;1;1;1;1;1;1;1;1;1;1;1;1;1;1;1;1;1;1;1;1;1;1;1;1;1;1;1;1
60130000;1;08/1967;1;1;118.0;108.0;113.0;1;22;1;1;1;163.0;1;118.0;118.0;118.0;118.0;118.0;118.0;118.0;117.0;117.0;117.0;116.0;116.0;116.0;114.0;114.0;110.0;110.0;110.0;110.0;110.0;110.0;108.0;108.0;108.0;108.0;108.0;108.0;108.0;108.0;108.0;108.0;1;1;1;1;1;1;1;1;1;1;1;1;1;1;1;1;1;1;1;1;1;1;1;1;1;1;1;1;1;1;1
60130000;2;09/1967;1;1;108.0;100.0;105.1333;1;28;1;1;1;0.0;0;108.0;108.0;108.0;108.0;108.0;108.0;108.0;108.0;108.0;108.0;106.0;106.0;106.0;106.0;104.0;104.0;104.0;104.0;104.0;104.0;104.0;104.0;104.0;104.0;104.0;104.0;102.0;100.0;100.0;100.0;;1;1;1;1;1;1;1;1;1;1;1;1;1;1;1;1;1;1;1;1;1;1;1;1;1;1;1;1;1;1;
60130000;1;09/1967;1;1;108.0;100.0;105.0;1;28;1;1;1;163.0;1;108.0;108.0;108.0;108.0;108.0;108.0;108.0;108.0;108.0;108.0;106.0;106.0;106.0;106.0;104.0;104.0;104.0;104.0;104.0;104.0;104.0;104.0;104.0;104.0;104.0;104.0;102.0;100.0;100.0;100.0;;1;1;1;1;1;1;1;1;1;1;1;1;1;1;1;1;1;1;1;1;1;1;1;1;1;1;1;1;1;1;0
60130000;2;10/1967;1;1;126.0;92.0;107.2258;29;22;1;1;1;0.0;0;108.0;108.0;108.0;108.0;108.0;110.0;110.0;110.0;110.0;110.0;110.0;112.0;112.0;112.0;112.0;112.0;107.0;102.0;97.0;93.0;93.0;92.0;100.0;106.0;100.0;106.0;100.0;120.0;126.0;122.0;100.0;1;1;1;1;1;1;1;1;1;1;1;1;1;1;1;1;1;1;1;1;1;1;1;1;1;1;1;1;1;1;1
60130000;1;10/1967;1;1;126.0;92.0;107.0;29;22;1;1;1;163.0;1;108.0;108.0;108.0;108.0;108.0;110.0;110.0;110.0;110.0;110.0;110.0;112.0;112.0;112.0;112.0;112.0;107.0;102.0;97.0;93.0;93.0;92.0;100.0;106.0;100.0;106.0;100.0;120.0;126.0;122.0;100.0;1;1;1;1;1;1;1;1;1;1;1;1;1;1;1;1;1;1;1;1;1;1;1;1;1;1;1;1;1;1;1
60130000;2;11/1967;1;1;170.0;90.0;108.1;29;21;1;1;1;0.0;0;96.0;96.0;98.0;106.0;100.0;100.0;106.0;108.0;100.0;96.0;103.0;100.0;150.0;160.0;108.0;120.0;110.0;100.0;96.0;94.0;90.0;90.0;92.0;94.0;100.0;100.0;100.0;135.0;170.0;125.0;;1;1;1;1;1;1;1;1;1;1;1;1;1;1;1;1;1;1;1;1;1;1;1;1;1;1;1;1;1;1;
60130000;1;11/1967;1;1;170.0;90.0;108.0;29;21;1;1;1;163.0;1;96.0;96.0;98.0;106.0;100.0;100.0;106.0;108.0;100.0;96.0;103.0;100.0;150.0;160.0;108.0;120.0;110.0;100.0;96.0;94.0;90.0;90.0;92.0;94.0;100.0;100.0;100.0;135.0;170.0;125.0;;1;1;1;1;1;1;1;1;1;1;1;1;1;1;1;1;1;1;1;1;1;1;1;1;1;1;1;1;1;1;0
60130000;2;12/1967;1;1;274.0;98.0;145.3871;26;3;1;1;1;0.0;0;100.0;100.0;98.0;100.0;108.0;120.0;100.0;98.0;99.0;130.0;140.0;130.0;120.0;100.0;100.0;116.0;154.0;120.0;120.0;128.0;130.0;119.0;133.0;260.0;264.0;274.0;268.0;239.0;200.0;180.0;159.0;1;1;1;1;1;1;1;1;1;1;1;1;1;1;1;1;1;1;1;1;1;1;1;1;1;1;1;1;1;1;1
60130000;1;12/1967;1;1;274.0;98.0;145.0;26;3;1;1;1;163.0;1;100.0;100.0;98.0;100.0;108.0;120.0;100.0;98.0;99.0;130.0;140.0;130.0;120.0;100.0;100.0;116.0;154.0;120.0;120.0;128.0;130.0;119.0;133.0;260.0;264.0;274.0;268.0;239.0;200.0;180.0;159.0;1;1;1;1;1;1;1;1;1;1;1;1;1;1;1;1;1;1;1;1;1;1;1;1;1;1;1;1;1;1;1
60130000;2;01/1968;1;1;199.0;126.0;142.4839;14;30;1;1;1;0.0;0;146.0;149.0;147.0;144.0;140.0;140.0;140.0;138.0;130.0;136.0;148.0;136.0;170.0;199.0;167.0;150.0;146.0;146.0;138.0;140.0;139.0;140.0;138.0;138.0;137.0;134.0;130.0;130.0;129.0;126.0;126.0;1;1;1;1;1;1;1;1;1;1;1;1;1;1;1;1;1;1;1;1;1;1;1;1;1;1;1;1;1;1;1
60130000;1;01/1968;1;1;200.0;126.0;142.0;14;30;1;1;1;;0;146.0;149.0;147.0;144.0;140.0;140.0;140.0;138.0;130.0;136.0;148.0;136.0;170.0;199.0;167.0;150.0;146.0;146.0;138.0;140.0;139.0;140.0;138.0;138.0;137.0;134.0;130.0;130.0;129.0;126.0;126.0;1;1;1;1;1;1;1;1;1;1;1;1;1;1;1;1;1;1;1;1;1;1;1;1;1;1;1;1;1;1;1
60130000;2;02/1968;1;1;;;;;;0;0;0;0.0;0;;;;;;;;;;;;;;;;;;;;;;191.0;170.0;175.0;182.0;180.0;172.0;191.0;185.0;;;;;;;;;;;;;;;;;;;;;;;;1;1;1;1;1;1;1;1;;
60130000;1;02/1968;1;1;191.0;;;22;;1;0;0;;0;;;;;;;;;;;;;;;;;;;;;;191.0;170.0;175.0;182.0;180.0;172.0;191.0;185.0;;;0;0;0;0;0;0;0;0;0;0;0;0;0;0;0;0;0;0;0;0;0;1;1;1;1;1;1;1;1;0;0
60130000;2;03/1968;1;1;237.0;137.0;151.2903;16;30;1;1;1;0.0;0;169.0;159.0;156.0;154.0;153.0;158.0;155.0;157.0;150.0;148.0;147.0;146.0;149.0;149.0;157.0;237.0;155.0;151.0;149.0;147.0;146.0;146.0;145.0;140.0;140.0;138.0;138.0;139.0;138.0;137.0;137.0;1;1;1;1;1;1;1;1;1;1;1;1;1;1;1;1;1;1;1;1;1;1;1;1;1;1;1;1;1;1;1
60130000;1;03/1968;1;1;237.0;137.0;151.0;16;30;1;1;1;;0;169.0;159.0;156.0;154.0;153.0;158.0;155.0;157.0;150.0;148.0;147.0;146.0;149.0;149.0;157.0;237.0;155.0;151.0;149.0;147.0;146.0;146.0;145.0;140.0;140.0;138.0;138.0;139.0;138.0;137.0;137.0;1;1;1;1;1;1;1;1;1;1;1;1;1;1;1;1;1;1;1;1;1;1;1;1;1;1;1;1;1;1;1
60130000;2;04/1968;1;1;149.0;121.0;133.1333;16;30;1;1;1;0.0;0;137.0;137.0;136.0;137.0;139.0;138.0;136.0;130.0;136.0;134.0;133.0;133.0;132.0;131.0;131.0;149.0;148.0;142.0;140.0;138.0;134.0;130.0;129.0;128.0;124.0;123.0;123.0;123.0;122.0;121.0;;1;1;1;1;1;1;1;1;1;1;1;1;1;1;1;1;1;1;1;1;1;1;1;1;1;1;1;1;1;1;
60130000;1;04/1968;1;1;149.0;121.0;133.0;16;30;1;1;1;;0;137.0;137.0;136.0;137.0;139.0;138.0;136.0;130.0;136.0;134.0;133.0;133.0;132.0;131.0;131.0;149.0;148.0;142.0;140.0;138.0;134.0;130.0;129.0;128.0;124.0;123.0;123.0;123.0;122.0;121.0;;1;1;1;1;1;1;1;1;1;1;1;1;1;1;1;1;1;1;1;1;1;1;1;1;1;1;1;1;1;1;0
60130000;2;05/1968;1;1;129.0;107.0;116.5161;11;31;1;1;1;0.0;0;120.0;120.0;120.0;120.0;119.0;119.0;119.0;118.0;118.0;117.0;129.0;124.0;120.0;119.0;118.0;123.0;119.0;119.0;119.0;115.0;114.0;114.0;112.0;111.0;111.0;110.0;110.0;110.0;110.0;108.0;107.0;1;1;1;1;1;1;1;1;1;1;1;1;1;1;1;1;1;1;1;1;1;1;1;1;1;1;1;1;1;1;1
60130000;1;05/1968;1;1;129.0;107.0;117.0;11;31;1;1;1;;0;120.0;120.0;120.0;120.0;119.0;119.0;119.0;118.0;118.0;117.0;129.0;124.0;120.0;119.0;118.0;123.0;119.0;119.0;119.0;115.0;114.0;114.0;112.0;111.0;111.0;110.0;110.0;110.0;110.0;108.0;107.0;1;1;1;1;1;1;1;1;1;1;1;1;1;1;1;1;1;1;1;1;1;1;1;1;1;1;1;1;1;1;1
60130000;2;06/1968;1;1;110.0;98.0;102.0;1;24;1;1;1;0.0;0;110.0;109.0;109.0;108.0;108.0;106.0;106.0;105.0;104.0;103.0;102.0;102.0;102.0;101.0;101.0;101.0;101.0;100.0;100.0;99.0;99.0;99.0;99.0;98.0;98.0;98.0;98.0;98.0;98.0;98.0;;1;1;1;1;1;1;1;1;1;1;1;1;1;1;1;1;1;1;1;1;1;1;1;1;1;1;1;1;1;1;
60130000;1;06/1968;1;1;110.0;98.0;102.0;1;24;1;1;1;;0;110.0;109.0;109.0;108.0;108.0;106.0;106.0;105.0;104.0;103.0;102.0;102.0;102.0;101.0;101.0;101.0;101.0;100.0;100.0;99.0;99.0;99.0;99.0;98.0;98.0;98.0;98.0;98.0;98.0;98.0;;1;1;1;1;1;1;1;1;1;1;1;1;1;1;1;1;1;1;1;1;1;1;1;1;1;1;1;1;1;1;0
60130000;2;07/1968;1;1;124.0;92.0;96.483902;12;24;1;1;1;0.0;0;97.0;96.0;95.0;95.0;96.0;95.0;94.0;94.0;94.0;94.0;94.0;124.0;122.0;118.0;99.0;94.0;94.0;94.0;94.0;93.0;93.0;93.0;93.0;92.0;92.0;92.0;92.0;92.0;92.0;92.0;92.0;1;1;1;1;1;1;1;1;1;1;1;1;1;1;1;1;1;1;1;1;1;1;1;1;1;1;1;1;1;1;1
60130000;1;07/1968;1;1;124.0;92.0;96.0;12;24;1;1;1;;0;97.0;96.0;95.0;95.0;96.0;95.0;94.0;94.0;94.0;94.0;94.0;124.0;122.0;118.0;99.0;94.0;94.0;94.0;94.0;93.0;93.0;93.0;93.0;92.0;92.0;92.0;92.0;92.0;92.0;92.0;92.0;1;1;1;1;1;1;1;1;1;1;1;1;1;1;1;1;1;1;1;1;1;1;1;1;1;1;1;1;1;1;1
60130000;2;08/1968;1;1;104.0;86.0;91.064499;9;29;1;1;1;0.0;0;91.0;91.0;91.0;90.0;100.0;98.0;97.0;96.0;104.0;102.0;100.0;94.0;90.0;90.0;89.0;88.0;88.0;88.0;88.0;88.0;88.0;88.0;88.0;88.0;87.0;87.0;87.0;87.0;86.0;87.0;87.0;1;1;1;1;1;1;1;1;1;1;1;1;1;1;1;1;1;1;1;1;1;1;1;1;1;1;1;1;1;1;1
60130000;1;08/1968;1;1;104.0;86.0;91.0;9;29;1;1;1;;0;91.0;91.0;91.0;90.0;100.0;98.0;97.0;96.0;104.0;102.0;100.0;94.0;90.0;90.0;89.0;88.0;88.0;88.0;88.0;88.0;88.0;88.0;88.0;88.0;87.0;87.0;87.0;87.0;86.0;87.0;87.0;1;1;1;1;1;1;1;1;1;1;1;1;1;1;1;1;1;1;1;1;1;1;1;1;1;1;1;1;1;1;1
60130000;2;09/1968;1;1;108.0;81.0;85.933296;1;27;1;1;1;0.0;0;108.0;100.0;92.0;89.0;88.0;87.0;87.0;87.0;86.0;86.0;86.0;85.0;85.0;84.0;84.0;84.0;84.0;84.0;84.0;84.0;84.0;84.0;83.0;83.0;82.0;82.0;81.0;81.0;82.0;82.0;;1;1;1;1;1;1;1;1;1;1;1;1;1;1;1;1;1;1;1;1;1;1;1;1;1;1;1;1;1;1;
60130000;1;09/1968;1;1;108.0;81.0;86.0;1;27;1;1;1;;0;108.0;100.0;92.0;89.0;88.0;87.0;87.0;87.0;86.0;86.0;86.0;85.0;85.0;84.0;84.0;84.0;84.0;84.0;84.0;84.0;84.0;84.0;83.0;83.0;82.0;82.0;81.0;81.0;82.0;82.0;;1;1;1;1;1;1;1;1;1;1;1;1;1;1;1;1;1;1;1;1;1;1;1;1;1;1;1;1;1;1;0
60130000;2;10/1968;1;1;118.0;80.0;86.451599;24;6;1;1;1;0.0;0;82.0;82.0;82.0;81.0;81.0;80.0;80.0;80.0;80.0;80.0;80.0;80.0;88.0;88.0;90.0;87.0;85.0;96.0;90.0;88.0;87.0;87.0;110.0;118.0;92.0;90.0;85.0;84.0;83.0;82.0;82.0;1;1;1;1;1;1;1;1;1;1;1;1;1;1;1;1;1;1;1;1;1;1;1;1;1;1;1;1;1;1;1
60130000;1;10/1968;1;1;118.0;80.0;86.0;24;6;1;1;1;;0;82.0;82.0;82.0;81.0;81.0;80.0;80.0;80.0;80.0;80.0;80.0;80.0;88.0;88.0;90.0;87.0;85.0;96.0;90.0;88.0;87.0;87.0;110.0;118.0;92.0;90.0;85.0;84.0;83.0;82.0;82.0;1;1;1;1;1;1;1;1;1;1;1;1;1;1;1;1;1;1;1;1;1;1;1;1;1;1;1;1;1;1;1
60130000;2;11/1968;1;1;198.0;79.0;93.533302;18;10;1;1;1;0.0;0;81.0;81.0;80.0;80.0;80.0;80.0;80.0;80.0;80.0;79.0;79.0;80.0;81.0;82.0;83.0;80.0;82.0;198.0;108.0;103.0;94.0;92.0;91.0;89.0;88.0;104.0;92.0;108.0;136.0;135.0;;1;1;1;1;1;1;1;1;1;1;1;1;1;1;1;1;1;1;1;1;1;1;1;1;1;1;1;1;1;1;
60130000;1;11/1968;1;1;228.0;79.0;94.0;18;10;1;1;1;;0;81.0;81.0;80.0;80.0;80.0;80.0;80.0;80.0;80.0;79.0;79.0;80.0;81.0;82.0;83.0;80.0;82.0;198.0;108.0;103.0;94.0;92.0;91.0;89.0;88.0;104.0;92.0;108.0;136.0;135.0;;1;1;1;1;1;1;1;1;1;1;1;1;1;1;1;1;1;1;1;1;1;1;1;1;1;1;1;1;1;1;0
60130000;2;12/1968;1;1;350.0;115.0;150.0323;4;30;1;1;1;0.0;0;121.0;176.0;293.0;350.0;227.0;190.0;161.0;162.0;173.0;186.0;143.0;141.0;135.0;130.0;128.0;126.0;124.0;125.0;125.0;125.0;125.0;123.0;122.0;120.0;120.0;119.0;118.0;117.0;116.0;115.0;115.0;1;1;1;1;1;1;1;1;1;1;1;1;1;1;1;1;1;1;1;1;1;1;1;1;1;1;1;1;1;1;1
60130000;1;12/1968;1;1;380.0;115.0;150.0;4;30;1;1;1;;0;121.0;176.0;293.0;350.0;227.0;190.0;161.0;162.0;173.0;186.0;143.0;141.0;135.0;130.0;128.0;126.0;124.0;125.0;125.0;125.0;125.0;123.0;122.0;120.0;120.0;119.0;118.0;117.0;116.0;115.0;115.0;1;1;1;1;1;1;1;1;1;1;1;1;1;1;1;1;1;1;1;1;1;1;1;1;1;1;1;1;1;1;1
60130000;2;01/1969;1;1;149.0;98.0;112.9355;23;11;1;1;1;0.0;0;112.0;110.0;108.0;107.0;106.0;105.0;106.0;103.0;100.0;99.0;98.0;105.0;117.0;111.0;100.0;100.0;111.0;129.0;128.0;147.0;114.0;113.0;149.0;124.0;121.0;119.0;118.0;115.0;112.0;108.0;106.0;1;1;1;1;1;1;1;1;1;1;1;1;1;1;1;1;1;1;1;1;1;1;1;1;1;1;1;1;1;1;1
60130000;1;01/1969;1;1;176.0;98.0;113.0;23;11;1;1;1;96.0;1;112.0;110.0;108.0;107.0;106.0;105.0;106.0;103.0;100.0;99.0;98.0;105.0;117.0;111.0;100.0;100.0;111.0;129.0;128.0;147.0;114.0;113.0;149.0;124.0;121.0;119.0;118.0;115.0;112.0;108.0;106.0;1;1;1;1;1;1;1;1;1;1;1;1;1;1;1;1;1;1;1;1;1;1;1;1;1;1;1;1;1;1;1
60130000;2;02/1969;1;1;236.0;101.0;125.6429;9;3;1;1;1;0.0;0;103.0;102.0;101.0;101.0;102.0;101.0;120.0;178.0;236.0;230.0;131.0;122.0;117.0;113.0;111.0;111.0;112.0;112.0;112.0;122.0;134.0;131.0;130.0;129.0;126.0;113.0;110.0;108.0;;;;1;1;1;1;1;1;1;1;1;1;1;1;1;1;1;1;1;1;1;1;1;1;1;1;1;1;1;1;;;
60130000;1;02/1969;1;1;312.0;101.0;126.0;9;3;1;1;1;96.0;1;103.0;102.0;101.0;101.0;102.0;101.0;120.0;178.0;236.0;230.0;131.0;122.0;117.0;113.0;111.0;111.0;112.0;112.0;112.0;122.0;134.0;131.0;130.0;129.0;126.0;113.0;110.0;108.0;;;;1;1;1;1;1;1;1;1;1;1;1;1;1;1;1;1;1;1;1;1;1;1;1;1;1;1;1;1;0;0;0
60130000;2;03/1969;1;1;142.0;88.0;105.8065;10;29;2;2;2;0.0;0;108.0;107.0;106.0;104.0;103.0;107.0;109.0;110.0;105.0;142.0;125.0;115.0;113.0;112.0;110.0;109.0;107.0;106.0;105.0;104.0;102.0;130.0;121.0;93.0;92.0;91.0;90.0;89.0;88.0;89.0;88.0;1;1;1;1;1;1;1;1;1;1;1;1;1;1;1;2;2;2;2;2;2;1;1;2;2;2;2;2;2;2;2
60130000;1;03/1969;1;1;150.0;68.0;98.0;10;29;1;1;1;96.0;1;108.0;107.0;106.0;104.0;103.0;107.0;109.0;110.0;105.0;142.0;125.0;115.0;113.0;112.0;110.0;105.0;100.0;94.0;87.0;83.0;78.0;130.0;121.0;73.0;72.0;71.0;70.0;69.0;68.0;69.0;68.0;1;1;1;1;1;1;1;1;1;1;1;1;1;1;1;1;1;1;1;1;1;1;1;1;1;1;1;1;1;1;1
60130000;2;04/1969;1;1;89.0;67.0;76.466698;1;24;2;2;2;0.0;0;89.0;85.0;84.0;83.0;82.0;82.0;81.0;80.0;79.0;79.0;78.0;77.0;76.0;75.0;76.0;75.0;74.0;73.0;72.0;71.0;70.0;69.0;68.0;67.0;74.0;74.0;76.0;76.0;75.0;74.0;;2;2;2;2;2;1;1;1;1;1;1;1;1;1;1;1;1;1;1;1;1;1;1;1;1;1;1;1;1;1;
60130000;1;04/1969;1;1;82.0;62.0;73.0;6;5;1;1;1;96.0;1;69.0;65.0;64.0;63.0;62.0;82.0;81.0;80.0;79.0;79.0;78.0;77.0;76.0;75.0;76.0;75.0;74.0;73.0;72.0;71.0;70.0;69.0;68.0;67.0;74.0;74.0;76.0;76.0;75.0;74.0;;1;1;1;1;1;1;1;1;1;1;1;1;1;1;1;1;1;1;1;1;1;1;1;1;1;1;1;1;1;1;0
60130000;2;05/1969;1;1;100.0;88.0;92.064499;1;31;1;1;1;0.0;0;100.0;99.0;98.0;98.0;97.0;96.0;95.0;93.0;92.0;92.0;92.0;92.0;91.0;91.0;91.0;91.0;91.0;90.0;90.0;90.0;90.0;90.0;90.0;90.0;90.0;90.0;90.0;89.0;89.0;89.0;88.0;1;1;1;1;1;1;1;1;1;1;1;1;1;1;1;1;1;1;1;1;1;1;1;1;1;1;1;1;1;1;1
60130000;1;05/1969;1;1;100.0;88.0;92.0;1;31;1;1;1;96.0;1;100.0;99.0;98.0;98.0;97.0;96.0;95.0;93.0;92.0;92.0;92.0;92.0;91.0;91.0;91.0;91.0;91.0;90.0;90.0;90.0;90.0;90.0;90.0;90.0;90.0;90.0;90.0;89.0;89.0;89.0;88.0;1;1;1;1;1;1;1;1;1;1;1;1;1;1;1;1;1;1;1;1;1;1;1;1;1;1;1;1;1;1;1
60130000;2;06/1969;1;1;89.0;83.0;85.633301;1;28;1;1;1;0.0;0;89.0;89.0;88.0;88.0;88.0;88.0;87.0;87.0;87.0;87.0;87.0;86.0;86.0;86.0;85.0;85.0;85.0;85.0;85.0;84.0;84.0;84.0;84.0;84.0;84.0;84.0;84.0;83.0;83.0;83.0;;1;1;1;1;1;1;1;1;1;1;1;1;1;1;1;1;1;1;1;1;1;1;1;1;1;1;1;1;1;1;
60130000;1;06/1969;1;1;89.0;83.0;86.0;1;28;1;1;1;96.0;1;89.0;89.0;88.0;88.0;88.0;88.0;87.0;87.0;87.0;87.0;87.0;86.0;86.0;86.0;85.0;85.0;85.0;85.0;85.0;84.0;84.0;84.0;84.0;84.0;84.0;84.0;84.0;83.0;83.0;83.0;;1;1;1;1;1;1;1;1;1;1;1;1;1;1;1;1;1;1;1;1;1;1;1;1;1;1;1;1;1;1;0
60130000;2;07/1969;1;1;82.0;80.0;81.096802;1;19;1;1;1;0.0;0;82.0;82.0;82.0;82.0;82.0;82.0;82.0;82.0;82.0;82.0;82.0;82.0;82.0;82.0;82.0;82.0;81.0;81.0;80.0;80.0;80.0;80.0;80.0;80.0;80.0;80.0;80.0;80.0;80.0;80.0;80.0;1;1;1;1;1;1;1;1;1;1;1;1;1;1;1;1;1;1;1;1;1;1;1;1;1;1;1;1;1;1;1
60130000;1;07/1969;1;1;82.0;80.0;81.0;1;19;1;1;1;96.0;1;82.0;82.0;82.0;82.0;82.0;82.0;82.0;82.0;82.0;82.0;82.0;82.0;82.0;82.0;82.0;82.0;81.0;81.0;80.0;80.0;80.0;80.0;80.0;80.0;80.0;80.0;80.0;80.0;80.0;80.0;80.0;1;1;1;1;1;1;1;1;1;1;1;1;1;1;1;1;1;1;1;1;1;1;1;1;1;1;1;1;1;1;1
60130000;2;08/1969;1;1;80.0;75.0;77.161301;1;21;1;1;1;0.0;0;80.0;80.0;80.0;80.0;80.0;80.0;79.0;79.0;78.0;78.0;78.0;78.0;78.0;78.0;77.0;77.0;77.0;77.0;77.0;76.0;75.0;75.0;75.0;75.0;75.0;75.0;75.0;75.0;75.0;75.0;75.0;1;1;1;1;1;1;1;1;1;1;1;1;1;1;1;1;1;1;1;1;1;1;1;1;1;1;1;1;1;1;1
60130000;1;08/1969;1;1;80.0;75.0;77.0;1;21;1;1;1;96.0;1;80.0;80.0;80.0;80.0;80.0;80.0;79.0;79.0;78.0;78.0;78.0;78.0;78.0;78.0;77.0;77.0;77.0;77.0;77.0;76.0;75.0;75.0;75.0;75.0;75.0;75.0;75.0;75.0;75.0;75.0;75.0;1;1;1;1;1;1;1;1;1;1;1;1;1;1;1;1;1;1;1;1;1;1;1;1;1;1;1;1;1;1;1
60130000;2;09/1969;1;1;75.0;73.0;74.400002;17;15;1;1;1;0.0;0;74.0;74.0;74.0;74.0;74.0;74.0;74.0;74.0;74.0;74.0;74.0;74.0;74.0;74.0;73.0;73.0;75.0;75.0;75.0;75.0;75.0;75.0;75.0;75.0;75.0;75.0;75.0;75.0;75.0;75.0;;1;1;1;1;1;1;1;1;1;1;1;1;1;1;1;1;1;1;1;1;1;1;1;1;1;1;1;1;1;1;
60130000;1;09/1969;1;1;75.0;73.0;74.0;17;15;1;1;1;96.0;1;74.0;74.0;74.0;74.0;74.0;74.0;74.0;74.0;74.0;74.0;74.0;74.0;74.0;74.0;73.0;73.0;75.0;75.0;75.0;75.0;75.0;75.0;75.0;75.0;75.0;75.0;75.0;75.0;75.0;75.0;;1;1;1;1;1;1;1;1;1;1;1;1;1;1;1;1;1;1;1;1;1;1;1;1;1;1;1;1;1;1;0
60130000;2;10/1969;1;1;134.0;73.0;84.290298;20;16;1;1;1;0.0;0;74.0;74.0;75.0;85.0;84.0;83.0;81.0;78.0;81.0;80.0;79.0;78.0;77.0;76.0;74.0;73.0;73.0;73.0;78.0;134.0;109.0;98.0;80.0;115.0;104.0;87.0;83.0;82.0;80.0;80.0;85.0;1;1;1;1;1;1;1;1;1;1;1;1;1;1;1;1;1;1;1;1;1;1;1;1;1;1;1;1;1;1;1
60130000;1;10/1969;1;1;134.0;73.0;84.0;20;16;1;1;1;96.0;1;74.0;74.0;75.0;85.0;84.0;83.0;81.0;78.0;81.0;80.0;79.0;78.0;77.0;76.0;74.0;73.0;73.0;73.0;78.0;134.0;109.0;98.0;80.0;115.0;104.0;87.0;83.0;82.0;80.0;80.0;85.0;1;1;1;1;1;1;1;1;1;1;1;1;1;1;1;1;1;1;1;1;1;1;1;1;1;1;1;1;1;1;1
60130000;2;11/1969;1;1;250.0;80.0;120.5;13;3;1;1;1;0.0;0;82.0;81.0;80.0;81.0;83.0;96.0;104.0;115.0;93.0;199.0;100.0;165.0;250.0;210.0;195.0;129.0;141.0;122.0;124.0;134.0;118.0;103.0;102.0;101.0;101.0;100.0;100.0;104.0;102.0;100.0;;1;1;1;1;1;1;1;1;1;1;1;1;1;1;1;1;1;1;1;1;1;1;1;1;1;1;1;1;1;1;
60130000;1;11/1969;1;1;250.0;80.0;120.0;13;3;1;1;1;96.0;1;82.0;81.0;80.0;81.0;83.0;96.0;104.0;115.0;93.0;199.0;100.0;165.0;250.0;210.0;195.0;129.0;141.0;122.0;124.0;134.0;118.0;103.0;102.0;101.0;101.0;100.0;100.0;104.0;102.0;100.0;;1;1;1;1;1;1;1;1;1;1;1;1;1;1;1;1;1;1;1;1;1;1;1;1;1;1;1;1;1;1;0
60130000;2;12/1969;1;1;245.0;96.0;128.5806;15;5;1;1;1;0.0;0;100.0;99.0;100.0;98.0;96.0;166.0;121.0;105.0;101.0;100.0;125.0;132.0;131.0;161.0;245.0;170.0;160.0;156.0;132.0;125.0;120.0;120.0;122.0;122.0;125.0;128.0;126.0;125.0;123.0;120.0;132.0;1;1;1;1;1;1;1;1;1;1;1;1;1;1;1;1;1;1;1;1;1;1;1;1;1;1;1;1;1;1;1
60130000;1;12/1969;1;1;245.0;96.0;129.0;15;5;1;1;1;96.0;1;100.0;99.0;100.0;98.0;96.0;166.0;121.0;105.0;101.0;100.0;125.0;132.0;131.0;161.0;245.0;170.0;160.0;156.0;132.0;125.0;120.0;120.0;122.0;122.0;125.0;128.0;126.0;125.0;123.0;120.0;132.0;1;1;1;1;1;1;1;1;1;1;1;1;1;1;1;1;1;1;1;1;1;1;1;1;1;1;1;1;1;1;1
60130000;2;01/1970;1;1;315.0;130.0;170.4516;17;15;1;1;1;0.0;0;260.0;215.0;148.0;138.0;138.0;165.0;150.0;135.0;134.0;137.0;144.0;152.0;150.0;135.0;130.0;239.0;315.0;244.0;176.0;170.0;165.0;160.0;186.0;171.0;158.0;155.0;160.0;163.0;152.0;169.0;170.0;1;1;1;1;1;1;1;1;1;1;1;1;1;1;1;1;1;1;1;1;1;1;1;1;1;1;1;1;1;1;1
60130000;1;01/1970;1;1;320.0;130.0;170.0;17;15;1;1;1;123.0;1;260.0;215.0;148.0;138.0;138.0;165.0;150.0;135.0;134.0;137.0;144.0;152.0;150.0;135.0;130.0;239.0;315.0;244.0;176.0;170.0;165.0;160.0;186.0;171.0;158.0;155.0;160.0;163.0;152.0;169.0;170.0;1;1;1;1;1;1;1;1;1;1;1;1;1;1;1;1;1;1;1;1;1;1;1;1;1;1;1;1;1;1;1
60130000;2;02/1970;1;1;270.0;134.0;176.0;18;17;1;1;1;0.0;0;161.0;159.0;150.0;148.0;148.0;158.0;150.0;150.0;149.0;158.0;144.0;142.0;141.0;139.0;137.0;135.0;134.0;270.0;233.0;233.0;241.0;230.0;228.0;225.0;213.0;185.0;187.0;180.0;;;;1;1;1;1;1;1;1;1;1;1;1;1;1;1;1;1;1;1;1;1;1;1;1;1;1;1;1;1;;;
60130000;1;02/1970;1;1;310.0;134.0;176.0;18;17;1;1;1;123.0;1;161.0;159.0;150.0;148.0;148.0;158.0;150.0;150.0;149.0;158.0;144.0;142.0;141.0;139.0;137.0;135.0;134.0;270.0;233.0;233.0;241.0;230.0;228.0;225.0;213.0;185.0;187.0;180.0;;;;1;1;1;1;1;1;1;1;1;1;1;1;1;1;1;1;1;1;1;1;1;1;1;1;1;1;1;1;0;0;0
60130000;2;03/1970;1;1;189.0;142.0;157.6774;2;25;1;1;1;0.0;0;183.0;189.0;182.0;180.0;175.0;170.0;169.0;168.0;167.0;166.0;165.0;165.0;150.0;156.0;154.0;154.0;153.0;153.0;152.0;152.0;151.0;149.0;145.0;143.0;142.0;142.0;143.0;143.0;143.0;142.0;142.0;1;1;1;1;1;1;1;1;1;1;1;1;1;1;1;1;1;1;1;1;1;1;1;1;1;1;1;1;1;1;1
60130000;1;03/1970;1;1;189.0;142.0;158.0;2;25;1;1;1;123.0;1;183.0;189.0;182.0;180.0;175.0;170.0;169.0;168.0;167.0;166.0;165.0;165.0;150.0;156.0;154.0;154.0;153.0;153.0;152.0;152.0;151.0;149.0;145.0;143.0;142.0;142.0;143.0;143.0;143.0;142.0;142.0;1;1;1;1;1;1;1;1;1;1;1;1;1;1;1;1;1;1;1;1;1;1;1;1;1;1;1;1;1;1;1
60130000;2;04/1970;1;1;150.0;120.0;135.4333;20;30;1;1;1;0.0;0;140.0;140.0;140.0;139.0;138.0;137.0;136.0;135.0;134.0;137.0;140.0;146.0;137.0;138.0;139.0;139.0;142.0;140.0;141.0;150.0;140.0;131.0;129.0;129.0;128.0;127.0;126.0;123.0;122.0;120.0;;1;1;1;1;1;1;1;1;1;1;1;1;1;1;1;1;1;1;1;1;1;1;1;1;1;1;1;1;1;1;
60130000;1;04/1970;1;1;150.0;120.0;135.0;20;30;1;1;1;123.0;1;140.0;140.0;140.0;139.0;138.0;137.0;136.0;135.0;134.0;137.0;140.0;146.0;137.0;138.0;139.0;139.0;142.0;140.0;141.0;150.0;140.0;131.0;129.0;129.0;128.0;127.0;126.0;123.0;122.0;120.0;;1;1;1;1;1;1;1;1;1;1;1;1;1;1;1;1;1;1;1;1;1;1;1;1;1;1;1;1;1;1;0
60130000;2;05/1970;1;1;120.0;111.0;115.0323;1;21;1;1;1;0.0;0;120.0;120.0;120.0;120.0;120.0;120.0;120.0;120.0;120.0;119.0;118.0;117.0;116.0;115.0;114.0;113.0;112.0;112.0;112.0;112.0;111.0;111.0;112.0;112.0;112.0;112.0;112.0;111.0;111.0;111.0;111.0;1;1;1;1;1;1;1;1;1;1;1;1;1;1;1;1;1;1;1;1;1;1;1;1;1;1;1;1;1;1;1
60130000;1;05/1970;1;1;120.0;111.0;115.0;1;21;1;1;1;123.0;1;120.0;120.0;120.0;120.0;120.0;120.0;120.0;120.0;120.0;119.0;118.0;117.0;116.0;115.0;114.0;113.0;112.0;112.0;112.0;112.0;111.0;111.0;112.0;112.0;112.0;112.0;112.0;111.0;111.0;111.0;111.0;1;1;1;1;1;1;1;1;1;1;1;1;1;1;1;1;1;1;1;1;1;1;1;1;1;1;1;1;1;1;1
60130000;2;06/1970;1;1;111.0;106.0;109.0;1;30;1;1;1;0.0;0;111.0;111.0;111.0;111.0;111.0;110.0;110.0;110.0;111.0;111.0;110.0;110.0;109.0;109.0;108.0;108.0;108.0;108.0;108.0;108.0;108.0;108.0;108.0;108.0;108.0;108.0;108.0;108.0;107.0;106.0;;1;1;1;1;1;1;1;1;1;1;1;1;1;1;1;1;1;1;1;1;1;1;1;1;1;1;1;1;1;1;
60130000;1;06/1970;1;1;111.0;106.0;109.0;1;30;1;1;1;123.0;1;111.0;111.0;111.0;111.0;111.0;110.0;110.0;110.0;111.0;111.0;110.0;110.0;109.0;109.0;108.0;108.0;108.0;108.0;108.0;108.0;108.0;108.0;108.0;108.0;108.0;108.0;108.0;108.0;107.0;106.0;;1;1;1;1;1;1;1;1;1;1;1;1;1;1;1;1;1;1;1;1;1;1;1;1;1;1;1;1;1;1;0
60130000;2;07/1970;1;1;106.0;97.0;99.580597;1;21;2;2;2;0.0;0;106.0;106.0;106.0;106.0;106.0;104.0;103.0;102.0;100.0;100.0;99.0;98.0;98.0;98.0;98.0;98.0;98.0;98.0;98.0;98.0;97.0;97.0;97.0;97.0;97.0;97.0;97.0;97.0;97.0;97.0;97.0;1;1;1;1;1;1;1;1;1;1;1;1;2;2;2;2;2;2;2;2;2;2;2;2;2;2;2;2;2;2;2
60130000;1;07/1970;1;1;106.0;77.0;88.0;1;21;1;1;1;123.0;1;106.0;106.0;106.0;106.0;106.0;104.0;103.0;102.0;100.0;100.0;99.0;98.0;88.0;78.0;78.0;78.0;78.0;78.0;78.0;78.0;77.0;77.0;77.0;77.0;77.0;77.0;77.0;77.0;77.0;77.0;77.0;1;1;1;1;1;1;1;1;1;1;1;1;1;1;1;1;1;1;1;1;1;1;1;1;1;1;1;1;1;1;1
60130000;2;08/1970;1;1;95.0;88.0;91.064499;1;23;1;1;1;0.0;0;95.0;94.0;93.0;93.0;93.0;93.0;93.0;93.0;93.0;93.0;93.0;93.0;92.0;92.0;92.0;92.0;92.0;92.0;91.0;90.0;89.0;89.0;88.0;88.0;88.0;88.0;88.0;88.0;88.0;88.0;89.0;1;1;1;1;1;1;1;1;1;1;1;1;1;1;1;1;1;1;1;1;1;1;1;1;1;1;1;1;1;1;1
60130000;1;08/1970;1;1;95.0;88.0;91.0;1;23;1;1;1;123.0;1;95.0;94.0;93.0;93.0;93.0;93.0;93.0;93.0;93.0;93.0;93.0;93.0;92.0;92.0;92.0;92.0;92.0;92.0;91.0;90.0;89.0;89.0;88.0;88.0;88.0;88.0;88.0;88.0;88.0;88.0;89.0;1;1;1;1;1;1;1;1;1;1;1;1;1;1;1;1;1;1;1;1;1;1;1;1;1;1;1;1;1;1;1
60130000;2;09/1970;1;1;173.0;89.0;121.4333;17;1;1;1;1;0.0;0;89.0;89.0;162.0;167.0;140.0;140.0;139.0;136.0;128.0;163.0;161.0;139.0;110.0;93.0;91.0;155.0;173.0;161.0;142.0;109.0;103.0;95.0;97.0;94.0;92.0;91.0;90.0;90.0;107.0;97.0;;1;1;1;1;1;1;1;1;1;1;1;1;1;1;1;1;1;1;1;1;1;1;1;1;1;1;1;1;1;1;
60130000;1;09/1970;1;1;180.0;89.0;121.0;17;1;1;1;1;123.0;1;89.0;89.0;162.0;167.0;140.0;140.0;139.0;136.0;128.0;163.0;161.0;139.0;110.0;93.0;91.0;155.0;173.0;161.0;142.0;109.0;103.0;95.0;97.0;94.0;92.0;91.0;90.0;90.0;107.0;97.0;;1;1;1;1;1;1;1;1;1;1;1;1;1;1;1;1;1;1;1;1;1;1;1;1;1;1;1;1;1;1;0
60130000;2;10/1970;1;1;165.0;90.0;104.6129;2;23;1;1;1;0.0;0;92.0;165.0;155.0;113.0;100.0;100.0;100.0;99.0;98.0;98.0;92.0;92.0;102.0;101.0;100.0;100.0;99.0;98.0;95.0;92.0;98.0;97.0;90.0;135.0;136.0;104.0;101.0;100.0;98.0;97.0;96.0;1;1;1;1;1;1;1;1;1;1;1;1;1;1;1;1;1;1;1;1;1;1;1;1;1;1;1;1;1;1;1
60130000;1;10/1970;1;1;220.0;90.0;105.0;2;23;1;1;1;123.0;1;92.0;165.0;155.0;113.0;100.0;100.0;100.0;99.0;98.0;98.0;92.0;92.0;102.0;101.0;100.0;100.0;99.0;98.0;95.0;92.0;98.0;97.0;90.0;135.0;136.0;104.0;101.0;100.0;98.0;97.0;96.0;1;1;1;1;1;1;1;1;1;1;1;1;1;1;1;1;1;1;1;1;1;1;1;1;1;1;1;1;1;1;1
60130000;2;11/1970;1;1;160.0;92.0;110.4333;22;5;1;1;1;0.0;0;95.0;94.0;93.0;93.0;92.0;92.0;139.0;140.0;125.0;115.0;105.0;100.0;99.0;99.0;97.0;97.0;96.0;96.0;96.0;95.0;97.0;160.0;118.0;129.0;125.0;123.0;122.0;121.0;120.0;140.0;;1;1;1;1;1;1;1;1;1;1;1;1;1;1;1;1;1;1;1;1;1;1;1;1;1;1;1;1;1;1;
60130000;1;11/1970;1;1;170.0;92.0;110.0;22;5;1;1;1;123.0;1;95.0;94.0;93.0;93.0;92.0;92.0;139.0;140.0;125.0;115.0;105.0;100.0;99.0;99.0;97.0;97.0;96.0;96.0;96.0;95.0;97.0;160.0;118.0;129.0;125.0;123.0;122.0;121.0;120.0;140.0;;1;1;1;1;1;1;1;1;1;1;1;1;1;1;1;1;1;1;1;1;1;1;1;1;1;1;1;1;1;1;0
60130000;2;12/1970;1;1;194.0;77.0;99.516098;16;31;1;1;1;0.0;0;113.0;99.0;98.0;98.0;97.0;96.0;95.0;94.0;94.0;93.0;93.0;92.0;97.0;90.0;89.0;194.0;180.0;124.0;130.0;104.0;97.0;93.0;91.0;80.0;80.0;80.0;80.0;80.0;79.0;78.0;77.0;1;1;1;1;1;1;1;1;1;1;1;1;1;1;1;1;1;1;1;1;1;1;1;1;1;1;1;1;1;1;1
60130000;1;12/1970;1;1;198.0;77.0;100.0;16;31;1;1;1;123.0;1;113.0;99.0;98.0;98.0;97.0;96.0;95.0;94.0;94.0;93.0;93.0;92.0;97.0;90.0;89.0;194.0;180.0;124.0;130.0;104.0;97.0;93.0;91.0;80.0;80.0;80.0;80.0;80.0;79.0;78.0;77.0;1;1;1;1;1;1;1;1;1;1;1;1;1;1;1;1;1;1;1;1;1;1;1;1;1;1;1;1;1;1;1
60130000;2;01/1971;1;1;210.0;82.0;92.0;18;31;1;1;1;0.0;0;88.0;87.0;87.0;87.0;86.0;86.0;85.0;84.0;84.0;83.0;85.0;85.0;85.0;85.0;84.0;83.0;90.0;210.0;120.0;92.0;92.0;92.0;91.0;91.0;90.0;90.0;89.0;88.0;87.0;84.0;82.0;1;1;1;1;1;1;1;1;1;1;1;1;1;1;1;1;1;1;1;1;1;1;1;1;1;1;1;1;1;1;1
60130000;1;01/1971;1;1;220.0;82.0;92.0;18;31;1;1;1;88.0;1;88.0;87.0;87.0;87.0;86.0;86.0;85.0;84.0;84.0;83.0;85.0;85.0;85.0;85.0;84.0;83.0;90.0;210.0;120.0;92.0;92.0;92.0;91.0;91.0;90.0;90.0;89.0;88.0;87.0;84.0;82.0;1;1;1;1;1;1;1;1;1;1;1;1;1;1;1;1;1;1;1;1;1;1;1;1;1;1;1;1;1;1;1
60130000;2;02/1971;1;1;93.0;80.0;82.75;25;20;1;1;1;0.0;0;82.0;82.0;82.0;82.0;82.0;81.0;81.0;86.0;85.0;84.0;81.0;82.0;81.0;82.0;82.0;82.0;82.0;81.0;81.0;80.0;80.0;80.0;80.0;84.0;93.0;92.0;87.0;80.0;;;;1;1;1;1;1;1;1;1;1;1;1;1;1;1;1;1;1;1;1;1;1;1;1;1;1;1;1;1;;;
60130000;1;02/1971;1;1;93.0;80.0;83.0;25;20;1;1;1;88.0;1;82.0;82.0;82.0;82.0;82.0;81.0;81.0;86.0;85.0;84.0;81.0;82.0;81.0;82.0;82.0;82.0;82.0;81.0;81.0;80.0;80.0;80.0;80.0;84.0;93.0;92.0;87.0;80.0;;;;1;1;1;1;1;1;1;1;1;1;1;1;1;1;1;1;1;1;1;1;1;1;1;1;1;1;1;1;0;0;0
60130000;2;03/1971;1;1;275.0;82.0;102.8065;30;5;1;1;1;0.0;0;85.0;85.0;83.0;83.0;82.0;90.0;95.0;96.0;98.0;99.0;98.0;97.0;90.0;88.0;87.0;86.0;86.0;85.0;84.0;100.0;99.0;99.0;99.0;98.0;98.0;97.0;98.0;100.0;105.0;275.0;222.0;1;1;1;1;1;1;1;1;1;1;1;1;1;1;1;1;1;1;1;1;1;1;1;1;1;1;1;1;1;1;1
60130000;1;03/1971;1;1;300.0;82.0;103.0;30;5;1;1;1;88.0;1;85.0;85.0;83.0;83.0;82.0;90.0;95.0;96.0;98.0;99.0;98.0;97.0;90.0;88.0;87.0;86.0;86.0;85.0;84.0;100.0;99.0;99.0;99.0;98.0;98.0;97.0;98.0;100.0;105.0;275.0;222.0;1;1;1;1;1;1;1;1;1;1;1;1;1;1;1;1;1;1;1;1;1;1;1;1;1;1;1;1;1;1;1
60130000;2;04/1971;1;1;110.0;80.0;95.199997;1;30;1;1;1;0.0;0;110.0;100.0;99.0;98.0;98.0;98.0;97.0;96.0;96.0;95.0;94.0;93.0;93.0;101.0;99.0;99.0;98.0;97.0;96.0;96.0;95.0;94.0;94.0;93.0;94.0;90.0;89.0;88.0;86.0;80.0;;1;1;1;1;1;1;1;1;1;1;1;1;1;1;1;1;1;1;1;1;1;1;1;1;1;1;1;1;1;1;
60130000;1;04/1971;1;1;120.0;80.0;95.0;1;30;1;1;1;88.0;1;110.0;100.0;99.0;98.0;98.0;98.0;97.0;96.0;96.0;95.0;94.0;93.0;93.0;101.0;99.0;99.0;98.0;97.0;96.0;96.0;95.0;94.0;94.0;93.0;94.0;90.0;89.0;88.0;86.0;80.0;;1;1;1;1;1;1;1;1;1;1;1;1;1;1;1;1;1;1;1;1;1;1;1;1;1;1;1;1;1;1;0
60130000;2;05/1971;1;1;85.0;76.0;78.6129;16;14;1;1;1;0.0;0;80.0;80.0;80.0;80.0;79.0;79.0;78.0;78.0;78.0;78.0;78.0;77.0;77.0;76.0;76.0;85.0;80.0;80.0;80.0;79.0;79.0;78.0;78.0;78.0;78.0;78.0;78.0;78.0;78.0;78.0;78.0;1;1;1;1;1;1;1;1;1;1;1;1;1;1;1;1;1;1;1;1;1;1;1;1;1;1;1;1;1;1;1
60130000;1;05/1971;1;1;85.0;76.0;79.0;16;14;1;1;1;88.0;1;80.0;80.0;80.0;80.0;79.0;79.0;78.0;78.0;78.0;78.0;78.0;77.0;77.0;76.0;76.0;85.0;80.0;80.0;80.0;79.0;79.0;78.0;78.0;78.0;78.0;78.0;78.0;78.0;78.0;78.0;78.0;1;1;1;1;1;1;1;1;1;1;1;1;1;1;1;1;1;1;1;1;1;1;1;1;1;1;1;1;1;1;1
60130000;2;06/1971;1;1;89.0;76.0;78.0;20;8;1;1;1;0.0;0;77.0;77.0;77.0;77.0;77.0;77.0;77.0;76.0;76.0;76.0;76.0;76.0;77.0;77.0;77.0;77.0;77.0;81.0;88.0;89.0;79.0;79.0;78.0;78.0;78.0;78.0;77.0;77.0;77.0;77.0;;1;1;1;1;1;1;1;1;1;1;1;1;1;1;1;1;1;1;1;1;1;1;1;1;1;1;1;1;1;1;
60130000;1;06/1971;1;1;94.0;76.0;78.0;20;8;1;1;1;88.0;1;77.0;77.0;77.0;77.0;77.0;77.0;77.0;76.0;76.0;76.0;76.0;76.0;77.0;77.0;77.0;77.0;77.0;81.0;88.0;89.0;79.0;79.0;78.0;78.0;78.0;78.0;77.0;77.0;77.0;77.0;;1;1;1;1;1;1;1;1;1;1;1;1;1;1;1;1;1;1;1;1;1;1;1;1;1;1;1;1;1;1;0
60130000;2;07/1971;1;1;85.0;74.0;75.451599;31;21;1;1;1;0.0;0;76.0;76.0;76.0;76.0;76.0;76.0;76.0;76.0;76.0;76.0;76.0;75.0;75.0;75.0;75.0;75.0;75.0;75.0;75.0;75.0;74.0;74.0;74.0;74.0;74.0;74.0;74.0;74.0;74.0;77.0;85.0;1;1;1;1;1;1;1;1;1;1;1;1;1;1;1;1;1;1;1;1;1;1;1;1;1;1;1;1;1;1;1
60130000;1;07/1971;1;1;85.0;74.0;75.0;31;21;1;1;1;88.0;1;76.0;76.0;76.0;76.0;76.0;76.0;76.0;76.0;76.0;76.0;76.0;75.0;75.0;75.0;75.0;75.0;75.0;75.0;75.0;75.0;74.0;74.0;74.0;74.0;74.0;74.0;74.0;74.0;74.0;77.0;85.0;1;1;1;1;1;1;1;1;1;1;1;1;1;1;1;1;1;1;1;1;1;1;1;1;1;1;1;1;1;1;1
60130000;2;08/1971;1;1;83.0;72.0;73.935501;1;27;1;1;1;0.0;0;83.0;79.0;76.0;75.0;75.0;74.0;74.0;74.0;75.0;77.0;74.0;74.0;73.0;73.0;73.0;73.0;73.0;73.0;73.0;73.0;73.0;73.0;73.0;73.0;73.0;73.0;72.0;72.0;72.0;72.0;72.0;1;1;1;1;1;1;1;1;1;1;1;1;1;1;1;1;1;1;1;1;1;1;1;1;1;1;1;1;1;1;1
60130000;1;08/1971;1;1;83.0;72.0;74.0;1;27;1;1;1;88.0;1;83.0;79.0;76.0;75.0;75.0;74.0;74.0;74.0;75.0;77.0;74.0;74.0;73.0;73.0;73.0;73.0;73.0;73.0;73.0;73.0;73.0;73.0;73.0;73.0;73.0;73.0;72.0;72.0;72.0;72.0;72.0;1;1;1;1;1;1;1;1;1;1;1;1;1;1;1;1;1;1;1;1;1;1;1;1;1;1;1;1;1;1;1
60130000;2;09/1971;1;1;81.0;72.0;73.566704;13;1;1;1;1;0.0;0;72.0;72.0;72.0;72.0;72.0;72.0;73.0;74.0;74.0;72.0;72.0;78.0;81.0;78.0;76.0;74.0;73.0;73.0;72.0;72.0;72.0;72.0;72.0;72.0;74.0;74.0;73.0;73.0;74.0;77.0;;1;1;1;1;1;1;1;1;1;1;1;1;1;1;1;1;1;1;1;1;1;1;1;1;1;1;1;1;1;1;
60130000;1;09/1971;1;1;81.0;72.0;74.0;13;1;1;1;1;88.0;1;72.0;72.0;72.0;72.0;72.0;72.0;73.0;74.0;74.0;72.0;72.0;78.0;81.0;78.0;76.0;74.0;73.0;73.0;72.0;72.0;72.0;72.0;72.0;72.0;74.0;74.0;73.0;73.0;74.0;77.0;;1;1;1;1;1;1;1;1;1;1;1;1;1;1;1;1;1;1;1;1;1;1;1;1;1;1;1;1;1;1;0
60130000;2;10/1971;1;1;114.0;74.0;79.193497;29;20;1;1;1;0.0;0;79.0;80.0;82.0;81.0;75.0;75.0;75.0;95.0;80.0;82.0;81.0;79.0;78.0;78.0;77.0;81.0;76.0;76.0;76.0;74.0;74.0;74.0;74.0;76.0;75.0;74.0;74.0;74.0;114.0;84.0;82.0;1;1;1;1;1;1;1;1;1;1;1;1;1;1;1;1;1;1;1;1;1;1;1;1;1;1;1;1;1;1;1
60130000;1;10/1971;1;1;114.0;74.0;79.0;29;20;1;1;1;88.0;1;79.0;80.0;82.0;81.0;75.0;75.0;75.0;95.0;80.0;82.0;81.0;79.0;78.0;78.0;77.0;81.0;76.0;76.0;76.0;74.0;74.0;74.0;74.0;76.0;75.0;74.0;74.0;74.0;114.0;84.0;82.0;1;1;1;1;1;1;1;1;1;1;1;1;1;1;1;1;1;1;1;1;1;1;1;1;1;1;1;1;1;1;1
60130000;2;11/1971;1;1;136.0;75.0;91.333298;30;17;1;1;1;0.0;0;82.0;109.0;96.0;87.0;83.0;79.0;78.0;102.0;81.0;78.0;76.0;78.0;80.0;92.0;87.0;77.0;75.0;121.0;94.0;85.0;80.0;87.0;98.0;121.0;114.0;81.0;88.0;94.0;101.0;136.0;;1;1;1;1;1;1;1;1;1;1;1;1;1;1;1;1;1;1;1;1;1;1;1;1;1;1;1;1;1;1;
60130000;1;11/1971;1;1;166.0;75.0;91.0;30;17;1;1;1;88.0;1;82.0;109.0;96.0;87.0;83.0;79.0;78.0;102.0;81.0;78.0;76.0;78.0;80.0;92.0;87.0;77.0;75.0;121.0;94.0;85.0;80.0;87.0;98.0;121.0;114.0;81.0;88.0;94.0;101.0;136.0;;1;1;1;1;1;1;1;1;1;1;1;1;1;1;1;1;1;1;1;1;1;1;1;1;1;1;1;1;1;1;0
60130000;2;12/1971;1;1;281.0;89.0;135.0968;27;2;1;1;1;0.0;0;109.0;89.0;90.0;149.0;100.0;107.0;105.0;140.0;203.0;121.0;113.0;108.0;129.0;103.0;104.0;152.0;116.0;110.0;106.0;103.0;149.0;107.0;171.0;253.0;164.0;148.0;281.0;161.0;137.0;131.0;129.0;1;1;1;1;1;1;1;1;1;1;1;1;1;1;1;1;1;1;1;1;1;1;1;1;1;1;1;1;1;1;1
60130000;1;12/1971;1;1;310.0;89.0;135.0;27;2;1;1;1;88.0;1;109.0;89.0;90.0;149.0;100.0;107.0;105.0;140.0;203.0;121.0;113.0;108.0;129.0;103.0;104.0;152.0;116.0;110.0;106.0;103.0;149.0;107.0;171.0;253.0;164.0;148.0;281.0;161.0;137.0;131.0;129.0;1;1;1;1;1;1;1;1;1;1;1;1;1;1;1;1;1;1;1;1;1;1;1;1;1;1;1;1;1;1;1
60130000;2;01/1972;1;1;157.0;98.0;114.0968;27;21;1;1;1;0.0;0;130.0;121.0;120.0;122.0;115.0;113.0;112.0;111.0;110.0;109.0;108.0;106.0;105.0;105.0;103.0;102.0;108.0;101.0;100.0;99.0;98.0;112.0;123.0;127.0;122.0;120.0;157.0;116.0;109.0;140.0;113.0;1;1;1;1;1;1;1;1;1;1;1;1;1;1;1;1;1;1;1;1;1;1;1;1;1;1;1;1;1;1;1
60130000;1;01/1972;1;1;157.0;98.0;114.0;27;21;1;1;1;129.0;1;130.0;121.0;120.0;122.0;115.0;113.0;112.0;111.0;110.0;109.0;108.0;106.0;105.0;105.0;103.0;102.0;108.0;101.0;100.0;99.0;98.0;112.0;123.0;127.0;122.0;120.0;157.0;116.0;109.0;140.0;113.0;1;1;1;1;1;1;1;1;1;1;1;1;1;1;1;1;1;1;1;1;1;1;1;1;1;1;1;1;1;1;1
60130000;2;02/1972;1;1;332.0;108.0;162.3448;5;3;1;1;1;0.0;0;110.0;111.0;108.0;214.0;332.0;169.0;162.0;154.0;157.0;164.0;141.0;138.0;138.0;152.0;139.0;142.0;144.0;133.0;155.0;136.0;169.0;154.0;140.0;284.0;154.0;191.0;172.0;180.0;165.0;;;1;1;1;1;1;1;1;1;1;1;1;1;1;1;1;1;1;1;1;1;1;1;1;1;1;1;1;1;1;;
60130000;1;02/1972;1;1;332.0;108.0;162.0;5;3;1;1;1;129.0;1;110.0;111.0;108.0;214.0;332.0;169.0;162.0;154.0;157.0;164.0;141.0;138.0;138.0;152.0;139.0;142.0;144.0;133.0;155.0;136.0;169.0;154.0;140.0;284.0;154.0;191.0;172.0;180.0;165.0;;;1;1;1;1;1;1;1;1;1;1;1;1;1;1;1;1;1;1;1;1;1;1;1;1;1;1;1;1;1;0;0
60130000;2;03/1972;1;1;207.0;133.0;150.9355;8;31;1;1;1;0.0;0;152.0;149.0;185.0;151.0;142.0;140.0;138.0;207.0;204.0;156.0;142.0;153.0;158.0;145.0;139.0;137.0;138.0;148.0;148.0;136.0;144.0;188.0;144.0;167.0;142.0;146.0;139.0;137.0;135.0;136.0;133.0;1;1;1;1;1;1;1;1;1;1;1;1;1;1;1;1;1;1;1;1;1;1;1;1;1;1;1;1;1;1;1
60130000;1;03/1972;1;1;207.0;133.0;151.0;8;31;1;1;1;129.0;1;152.0;149.0;185.0;151.0;142.0;140.0;138.0;207.0;204.0;156.0;142.0;153.0;158.0;145.0;139.0;137.0;138.0;148.0;148.0;136.0;144.0;188.0;144.0;167.0;142.0;146.0;139.0;137.0;135.0;136.0;133.0;1;1;1;1;1;1;1;1;1;1;1;1;1;1;1;1;1;1;1;1;1;1;1;1;1;1;1;1;1;1;1
60130000;2;04/1972;1;1;142.0;121.0;128.9333;2;29;1;1;1;0.0;0;133.0;142.0;134.0;132.0;135.0;135.0;138.0;141.0;137.0;132.0;131.0;130.0;132.0;131.0;130.0;128.0;126.0;125.0;124.0;124.0;124.0;124.0;124.0;124.0;124.0;122.0;122.0;122.0;121.0;121.0;;1;1;1;1;1;1;1;1;1;1;1;1;1;1;1;1;1;1;1;1;1;1;1;1;1;1;1;1;1;1;
60130000;1;04/1972;1;1;142.0;121.0;129.0;2;29;1;1;1;129.0;1;133.0;142.0;134.0;132.0;135.0;135.0;138.0;141.0;137.0;132.0;131.0;130.0;132.0;131.0;130.0;128.0;126.0;125.0;124.0;124.0;124.0;124.0;124.0;124.0;124.0;122.0;122.0;122.0;121.0;121.0;;1;1;1;1;1;1;1;1;1;1;1;1;1;1;1;1;1;1;1;1;1;1;1;1;1;1;1;1;1;1;0
60130000;2;05/1972;1;1;121.0;110.0;115.9355;1;30;1;1;1;0.0;0;121.0;120.0;119.0;118.0;118.0;118.0;118.0;118.0;118.0;118.0;118.0;117.0;117.0;116.0;116.0;115.0;114.0;113.0;112.0;112.0;112.0;112.0;116.0;118.0;121.0;119.0;116.0;112.0;112.0;110.0;110.0;1;1;1;1;1;1;1;1;1;1;1;1;1;1;1;1;1;1;1;1;1;1;1;1;1;1;1;1;1;1;1
60130000;1;05/1972;1;1;121.0;110.0;116.0;1;30;1;1;1;129.0;1;121.0;120.0;119.0;118.0;118.0;118.0;118.0;118.0;118.0;118.0;118.0;117.0;117.0;116.0;116.0;115.0;114.0;113.0;112.0;112.0;112.0;112.0;116.0;118.0;121.0;119.0;116.0;112.0;112.0;110.0;110.0;1;1;1;1;1;1;1;1;1;1;1;1;1;1;1;1;1;1;1;1;1;1;1;1;1;1;1;1;1;1;1
60130000;2;06/1972;1;1;110.0;101.0;105.4667;1;29;1;1;1;0.0;0;110.0;110.0;110.0;109.0;109.0;109.0;109.0;108.0;108.0;108.0;107.0;107.0;106.0;106.0;105.0;105.0;105.0;104.0;104.0;104.0;103.0;103.0;103.0;102.0;102.0;102.0;102.0;102.0;101.0;101.0;;1;1;1;1;1;1;1;1;1;1;1;1;1;1;1;1;1;1;1;1;1;1;1;1;1;1;1;1;1;1;
60130000;1;06/1972;1;1;110.0;101.0;105.0;1;29;1;1;1;129.0;1;110.0;110.0;110.0;109.0;109.0;109.0;109.0;108.0;108.0;108.0;107.0;107.0;106.0;106.0;105.0;105.0;105.0;104.0;104.0;104.0;103.0;103.0;103.0;102.0;102.0;102.0;102.0;102.0;101.0;101.0;;1;1;1;1;1;1;1;1;1;1;1;1;1;1;1;1;1;1;1;1;1;1;1;1;1;1;1;1;1;1;0
60130000;2;07/1972;1;1;109.0;96.0;100.3871;13;28;1;1;1;0.0;0;101.0;101.0;101.0;101.0;101.0;101.0;101.0;101.0;101.0;101.0;102.0;103.0;109.0;109.0;104.0;103.0;102.0;100.0;100.0;100.0;99.0;98.0;98.0;98.0;98.0;98.0;97.0;96.0;96.0;96.0;96.0;1;1;1;1;1;1;1;1;1;1;1;1;1;1;1;1;1;1;1;1;1;1;1;1;1;1;1;1;1;1;1
60130000;1;07/1972;1;1;109.0;96.0;100.0;13;28;1;1;1;129.0;1;101.0;101.0;101.0;101.0;101.0;101.0;101.0;101.0;101.0;101.0;102.0;103.0;109.0;109.0;104.0;103.0;102.0;100.0;100.0;100.0;99.0;98.0;98.0;98.0;98.0;98.0;97.0;96.0;96.0;96.0;96.0;1;1;1;1;1;1;1;1;1;1;1;1;1;1;1;1;1;1;1;1;1;1;1;1;1;1;1;1;1;1;1
60130000;2;08/1972;1;1;96.0;88.0;91.548401;1;26;1;1;1;0.0;0;96.0;96.0;95.0;95.0;95.0;94.0;94.0;94.0;93.0;93.0;93.0;93.0;92.0;92.0;92.0;92.0;92.0;91.0;91.0;90.0;90.0;90.0;89.0;89.0;89.0;88.0;88.0;88.0;88.0;88.0;88.0;1;1;1;1;1;1;1;1;1;1;1;1;1;1;1;1;1;1;1;1;1;1;1;1;1;1;1;1;1;1;1
60130000;1;08/1972;1;1;96.0;88.0;92.0;1;26;1;1;1;129.0;1;96.0;96.0;95.0;95.0;95.0;94.0;94.0;94.0;93.0;93.0;93.0;93.0;92.0;92.0;92.0;92.0;92.0;91.0;91.0;90.0;90.0;90.0;89.0;89.0;89.0;88.0;88.0;88.0;88.0;88.0;88.0;1;1;1;1;1;1;1;1;1;1;1;1;1;1;1;1;1;1;1;1;1;1;1;1;1;1;1;1;1;1;1
60130000;2;09/1972;1;1;90.0;82.0;86.466698;2;27;1;1;1;0.0;0;89.0;90.0;89.0;88.0;88.0;87.0;87.0;87.0;86.0;87.0;88.0;87.0;89.0;90.0;89.0;88.0;88.0;87.0;86.0;85.0;85.0;84.0;84.0;84.0;83.0;83.0;82.0;83.0;84.0;87.0;;1;1;1;1;1;1;1;1;1;1;1;1;1;1;1;1;1;1;1;1;1;1;1;1;1;1;1;1;1;1;
60130000;1;09/1972;1;1;90.0;82.0;86.0;2;27;1;1;1;129.0;1;89.0;90.0;89.0;88.0;88.0;87.0;87.0;87.0;86.0;87.0;88.0;87.0;89.0;90.0;89.0;88.0;88.0;87.0;86.0;85.0;85.0;84.0;84.0;84.0;83.0;83.0;82.0;83.0;84.0;87.0;;1;1;1;1;1;1;1;1;1;1;1;1;1;1;1;1;1;1;1;1;1;1;1;1;1;1;1;1;1;1;0
60130000;2;10/1972;1;1;149.0;90.0;107.1935;15;28;1;1;1;0.0;0;93.0;92.0;92.0;93.0;100.0;125.0;130.0;128.0;140.0;127.0;111.0;116.0;112.0;111.0;149.0;128.0;105.0;103.0;102.0;100.0;98.0;98.0;97.0;96.0;96.0;95.0;91.0;90.0;107.0;100.0;98.0;1;1;1;1;1;1;1;1;1;1;1;1;1;1;1;1;1;1;1;1;1;1;1;1;1;1;1;1;1;1;1
60130000;1;10/1972;1;1;149.0;90.0;107.0;15;28;1;1;1;129.0;1;93.0;92.0;92.0;93.0;100.0;125.0;130.0;128.0;140.0;127.0;111.0;116.0;112.0;111.0;149.0;128.0;105.0;103.0;102.0;100.0;98.0;98.0;97.0;96.0;96.0;95.0;91.0;90.0;107.0;100.0;98.0;1;1;1;1;1;1;1;1;1;1;1;1;1;1;1;1;1;1;1;1;1;1;1;1;1;1;1;1;1;1;1
60130000;2;11/1972;1;1;305.0;95.0;199.8;10;1;1;1;1;0.0;0;95.0;235.0;190.0;190.0;155.0;130.0;127.0;121.0;131.0;305.0;185.0;151.0;149.0;175.0;285.0;220.0;169.0;148.0;228.0;303.0;290.0;255.0;190.0;268.0;250.0;245.0;240.0;211.0;180.0;173.0;;1;1;1;1;1;1;1;1;1;1;1;1;1;1;1;1;1;1;1;1;1;1;1;1;1;1;1;1;1;1;
60130000;1;11/1972;1;1;305.0;95.0;200.0;10;1;1;1;1;129.0;1;95.0;235.0;190.0;190.0;155.0;130.0;127.0;121.0;131.0;305.0;185.0;151.0;149.0;175.0;285.0;220.0;169.0;148.0;228.0;303.0;290.0;255.0;190.0;268.0;250.0;245.0;240.0;211.0;180.0;173.0;;1;1;1;1;1;1;1;1;1;1;1;1;1;1;1;1;1;1;1;1;1;1;1;1;1;1;1;1;1;1;0
60130000;2;12/1972;1;1;283.0;152.0;180.4194;23;19;1;1;1;0.0;0;170.0;169.0;168.0;169.0;167.0;166.0;183.0;176.0;165.0;161.0;163.0;183.0;185.0;177.0;160.0;157.0;154.0;153.0;152.0;157.0;153.0;160.0;283.0;271.0;227.0;210.0;203.0;193.0;188.0;187.0;183.0;1;1;1;1;1;1;1;1;1;1;1;1;1;1;1;1;1;1;1;1;1;1;1;1;1;1;1;1;1;1;1
60130000;1;12/1972;1;1;283.0;152.0;180.0;23;19;1;1;1;129.0;1;170.0;169.0;168.0;169.0;167.0;166.0;183.0;176.0;165.0;161.0;163.0;183.0;185.0;177.0;160.0;157.0;154.0;153.0;152.0;157.0;153.0;160.0;283.0;271.0;227.0;210.0;203.0;193.0;188.0;187.0;183.0;1;1;1;1;1;1;1;1;1;1;1;1;1;1;1;1;1;1;1;1;1;1;1;1;1;1;1;1;1;1;1
60130000;2;01/1973;1;1;287.0;158.0;188.6129;29;27;1;1;1;0.0;0;179.0;174.0;177.0;184.0;181.0;177.0;176.0;176.0;175.0;174.0;174.0;177.0;214.0;177.0;183.0;200.0;204.0;177.0;175.0;174.0;170.0;215.0;179.0;178.0;177.0;168.0;158.0;158.0;287.0;253.0;276.0;1;1;1;1;1;1;1;1;1;1;1;1;1;1;1;1;1;1;1;1;1;1;1;1;1;1;1;1;1;1;1
60130000;1;01/1973;1;1;305.0;158.0;189.0;29;27;1;1;1;144.0;1;179.0;174.0;177.0;184.0;181.0;177.0;176.0;176.0;175.0;174.0;174.0;177.0;214.0;177.0;183.0;200.0;204.0;177.0;175.0;174.0;170.0;215.0;179.0;178.0;177.0;168.0;158.0;158.0;287.0;253.0;276.0;1;1;1;1;1;1;1;1;1;1;1;1;1;1;1;1;1;1;1;1;1;1;1;1;1;1;1;1;1;1;1
60130000;2;02/1973;1;1;268.0;168.0;193.6429;5;25;1;1;1;0.0;0;254.0;228.0;234.0;235.0;268.0;221.0;183.0;195.0;180.0;173.0;172.0;182.0;198.0;197.0;200.0;199.0;185.0;171.0;176.0;171.0;172.0;177.0;171.0;170.0;168.0;171.0;170.0;201.0;;;;1;1;1;1;1;1;1;1;1;1;1;1;1;1;1;1;1;1;1;1;1;1;1;1;1;1;1;1;;;
60130000;1;02/1973;1;1;310.0;168.0;194.0;5;25;1;1;1;144.0;1;254.0;228.0;234.0;235.0;268.0;221.0;183.0;195.0;180.0;173.0;172.0;182.0;198.0;197.0;200.0;199.0;185.0;171.0;176.0;171.0;172.0;177.0;171.0;170.0;168.0;171.0;170.0;201.0;;;;1;1;1;1;1;1;1;1;1;1;1;1;1;1;1;1;1;1;1;1;1;1;1;1;1;1;1;1;0;0;0
60130000;2;03/1973;1;1;300.0;168.0;204.3548;9;4;1;1;1;0.0;0;173.0;171.0;169.0;168.0;197.0;187.0;180.0;251.0;300.0;292.0;288.0;263.0;198.0;184.0;183.0;183.0;181.0;183.0;189.0;187.0;186.0;185.0;185.0;187.0;187.0;283.0;195.0;178.0;200.0;207.0;215.0;1;1;1;1;1;1;1;1;1;1;1;1;1;1;1;1;1;1;1;1;1;1;1;1;1;1;1;1;1;1;1
60130000;1;03/1973;1;1;315.0;168.0;204.0;9;4;1;1;1;144.0;1;173.0;171.0;169.0;168.0;197.0;187.0;180.0;251.0;300.0;292.0;288.0;263.0;198.0;184.0;183.0;183.0;181.0;183.0;189.0;187.0;186.0;185.0;185.0;187.0;187.0;283.0;195.0;178.0;200.0;207.0;215.0;1;1;1;1;1;1;1;1;1;1;1;1;1;1;1;1;1;1;1;1;1;1;1;1;1;1;1;1;1;1;1
60130000;2;04/1973;1;1;243.0;166.0;186.96671;12;30;1;1;1;0.0;0;238.0;228.0;199.0;198.0;197.0;196.0;184.0;179.0;188.0;178.0;197.0;243.0;199.0;182.0;199.0;193.0;183.0;176.0;175.0;174.0;172.0;170.0;177.0;172.0;170.0;170.0;169.0;169.0;168.0;166.0;;1;1;1;1;1;1;1;1;1;1;1;1;1;1;1;1;1;1;1;1;1;1;1;1;1;1;1;1;1;1;
60130000;1;04/1973;1;1;276.0;166.0;187.0;12;30;1;1;1;144.0;1;238.0;228.0;199.0;198.0;197.0;196.0;184.0;179.0;188.0;178.0;197.0;243.0;199.0;182.0;199.0;193.0;183.0;176.0;175.0;174.0;172.0;170.0;177.0;172.0;170.0;170.0;169.0;169.0;168.0;166.0;;1;1;1;1;1;1;1;1;1;1;1;1;1;1;1;1;1;1;1;1;1;1;1;1;1;1;1;1;1;1;0
60130000;2;05/1973;1;1;166.0;141.0;153.9677;1;31;1;1;1;0.0;0;166.0;165.0;163.0;162.0;161.0;161.0;159.0;159.0;158.0;159.0;160.0;159.0;158.0;157.0;155.0;154.0;153.0;152.0;151.0;150.0;150.0;150.0;148.0;148.0;148.0;148.0;147.0;146.0;143.0;142.0;141.0;1;1;1;1;1;1;1;1;1;1;1;1;1;1;1;1;1;1;1;1;1;1;1;1;1;1;1;1;1;1;1
60130000;1;05/1973;1;1;166.0;141.0;154.0;1;31;1;1;1;144.0;1;166.0;165.0;163.0;162.0;161.0;161.0;159.0;159.0;158.0;159.0;160.0;159.0;158.0;157.0;155.0;154.0;153.0;152.0;151.0;150.0;150.0;150.0;148.0;148.0;148.0;148.0;147.0;146.0;143.0;142.0;141.0;1;1;1;1;1;1;1;1;1;1;1;1;1;1;1;1;1;1;1;1;1;1;1;1;1;1;1;1;1;1;1
60130000;2;06/1973;1;1;141.0;127.0;134.3;1;28;1;1;1;0.0;0;141.0;141.0;141.0;140.0;140.0;140.0;139.0;139.0;138.0;137.0;137.0;136.0;135.0;135.0;135.0;134.0;134.0;133.0;132.0;132.0;132.0;131.0;131.0;130.0;129.0;128.0;128.0;127.0;127.0;127.0;;1;1;1;1;1;1;1;1;1;1;1;1;1;1;1;1;1;1;1;1;1;1;1;1;1;1;1;1;1;1;
60130000;1;06/1973;1;1;141.0;127.0;134.0;1;28;1;1;1;144.0;1;141.0;141.0;141.0;140.0;140.0;140.0;139.0;139.0;138.0;137.0;137.0;136.0;135.0;135.0;135.0;134.0;134.0;133.0;132.0;132.0;132.0;131.0;131.0;130.0;129.0;128.0;128.0;127.0;127.0;127.0;;1;1;1;1;1;1;1;1;1;1;1;1;1;1;1;1;1;1;1;1;1;1;1;1;1;1;1;1;1;1;0
60130000;2;07/1973;1;1;127.0;111.0;118.8387;1;31;1;1;1;0.0;0;127.0;127.0;127.0;126.0;125.0;124.0;123.0;123.0;122.0;121.0;121.0;121.0;120.0;120.0;120.0;119.0;119.0;118.0;118.0;116.0;115.0;114.0;114.0;114.0;114.0;114.0;113.0;113.0;113.0;112.0;111.0;1;1;1;1;1;1;1;1;1;1;1;1;1;1;1;1;1;1;1;1;1;1;1;1;1;1;1;1;1;1;1
60130000;1;07/1973;1;1;127.0;111.0;119.0;1;31;1;1;1;144.0;1;127.0;127.0;127.0;126.0;125.0;124.0;123.0;123.0;122.0;121.0;121.0;121.0;120.0;120.0;120.0;119.0;119.0;118.0;118.0;116.0;115.0;114.0;114.0;114.0;114.0;114.0;113.0;113.0;113.0;112.0;111.0;1;1;1;1;1;1;1;1;1;1;1;1;1;1;1;1;1;1;1;1;1;1;1;1;1;1;1;1;1;1;1
60130000;2;08/1973;1;1;111.0;100.0;105.6129;1;31;1;1;1;0.0;0;111.0;110.0;110.0;110.0;110.0;109.0;108.0;108.0;108.0;107.0;107.0;107.0;107.0;107.0;107.0;106.0;105.0;105.0;105.0;104.0;104.0;104.0;103.0;103.0;102.0;102.0;102.0;101.0;101.0;101.0;100.0;1;1;1;1;1;1;1;1;1;1;1;1;1;1;1;1;1;1;1;1;1;1;1;1;1;1;1;1;1;1;1
60130000;1;08/1973;1;1;111.0;100.0;106.0;1;31;1;1;1;144.0;1;111.0;110.0;110.0;110.0;110.0;109.0;108.0;108.0;108.0;107.0;107.0;107.0;107.0;107.0;107.0;106.0;105.0;105.0;105.0;104.0;104.0;104.0;103.0;103.0;102.0;102.0;102.0;101.0;101.0;101.0;100.0;1;1;1;1;1;1;1;1;1;1;1;1;1;1;1;1;1;1;1;1;1;1;1;1;1;1;1;1;1;1;1
60130000;2;09/1973;1;1;102.0;92.0;97.633301;2;25;1;1;1;0.0;0;101.0;102.0;102.0;101.0;101.0;101.0;101.0;100.0;100.0;100.0;99.0;99.0;98.0;98.0;98.0;98.0;96.0;96.0;97.0;96.0;94.0;94.0;93.0;93.0;92.0;97.0;96.0;95.0;94.0;97.0;;1;1;1;1;1;1;1;1;1;1;1;1;1;1;1;1;1;1;1;1;1;1;1;1;1;1;1;1;1;1;
60130000;1;09/1973;1;1;102.0;92.0;98.0;2;25;1;1;1;144.0;1;101.0;102.0;102.0;101.0;101.0;101.0;101.0;100.0;100.0;100.0;99.0;99.0;98.0;98.0;98.0;98.0;96.0;96.0;97.0;96.0;94.0;94.0;93.0;93.0;92.0;97.0;96.0;95.0;94.0;97.0;;1;1;1;1;1;1;1;1;1;1;1;1;1;1;1;1;1;1;1;1;1;1;1;1;1;1;1;1;1;1;0
60130000;2;10/1973;1;1;143.0;93.0;100.7097;11;6;1;1;1;0.0;0;100.0;99.0;97.0;95.0;94.0;93.0;93.0;93.0;96.0;97.0;143.0;108.0;106.0;107.0;105.0;103.0;106.0;107.0;102.0;102.0;99.0;98.0;96.0;95.0;96.0;96.0;96.0;96.0;95.0;102.0;107.0;1;1;1;1;1;1;1;1;1;1;1;1;1;1;1;1;1;1;1;1;1;1;1;1;1;1;1;1;1;1;1
60130000;1;10/1973;1;1;160.0;93.0;101.0;11;6;1;1;1;144.0;1;100.0;99.0;97.0;95.0;94.0;93.0;93.0;93.0;96.0;97.0;143.0;108.0;106.0;107.0;105.0;103.0;106.0;107.0;102.0;102.0;99.0;98.0;96.0;95.0;96.0;96.0;96.0;96.0;95.0;102.0;107.0;1;1;1;1;1;1;1;1;1;1;1;1;1;1;1;1;1;1;1;1;1;1;1;1;1;1;1;1;1;1;1
60130000;2;11/1973;1;1;165.0;92.0;111.7333;12;11;1;1;1;0.0;0;103.0;110.0;110.0;120.0;105.0;104.0;99.0;98.0;96.0;95.0;92.0;165.0;113.0;106.0;104.0;104.0;121.0;126.0;125.0;119.0;111.0;110.0;109.0;110.0;132.0;117.0;115.0;113.0;111.0;109.0;;1;1;1;1;1;1;1;1;1;1;1;1;1;1;1;1;1;1;1;1;1;1;1;1;1;1;1;1;1;1;
60130000;1;11/1973;1;1;190.0;92.0;112.0;12;11;1;1;1;144.0;1;103.0;110.0;110.0;120.0;105.0;104.0;99.0;98.0;96.0;95.0;92.0;165.0;113.0;106.0;104.0;104.0;121.0;126.0;125.0;119.0;111.0;110.0;109.0;110.0;132.0;117.0;115.0;113.0;111.0;109.0;;1;1;1;1;1;1;1;1;1;1;1;1;1;1;1;1;1;1;1;1;1;1;1;1;1;1;1;1;1;1;0
60130000;2;12/1973;1;1;218.0;105.0;136.7742;27;3;1;1;1;0.0;0;108.0;106.0;105.0;123.0;140.0;117.0;112.0;111.0;108.0;111.0;109.0;109.0;111.0;111.0;111.0;120.0;148.0;132.0;199.0;128.0;114.0;109.0;165.0;192.0;144.0;165.0;218.0;183.0;205.0;180.0;146.0;1;1;1;1;1;1;1;1;1;1;1;1;1;1;1;1;1;1;1;1;1;1;1;1;1;1;1;1;1;1;1
60130000;1;12/1973;1;1;230.0;105.0;137.0;27;3;1;1;1;144.0;1;108.0;106.0;105.0;123.0;140.0;117.0;112.0;111.0;108.0;111.0;109.0;109.0;111.0;111.0;111.0;120.0;148.0;132.0;199.0;128.0;114.0;109.0;165.0;192.0;144.0;165.0;218.0;183.0;205.0;180.0;146.0;1;1;1;1;1;1;1;1;1;1;1;1;1;1;1;1;1;1;1;1;1;1;1;1;1;1;1;1;1;1;1
60130000;2;01/1974;1;1;270.0;126.0;155.0645;2;28;1;1;1;0.0;0;153.0;270.0;200.0;209.0;198.0;136.0;153.0;232.0;153.0;148.0;146.0;138.0;134.0;134.0;173.0;162.0;149.0;145.0;144.0;138.0;130.0;130.0;131.0;131.0;130.0;128.0;127.0;126.0;141.0;140.0;178.0;1;1;1;1;1;1;1;1;1;1;1;1;1;1;1;1;1;1;1;1;1;1;1;1;1;1;1;1;1;1;1
60130000;1;01/1974;1;1;330.0;126.0;155.0;2;28;1;1;1;122.0;1;153.0;270.0;200.0;209.0;198.0;136.0;153.0;232.0;153.0;148.0;146.0;138.0;134.0;134.0;173.0;162.0;149.0;145.0;144.0;138.0;130.0;130.0;131.0;131.0;130.0;128.0;127.0;126.0;141.0;140.0;178.0;1;1;1;1;1;1;1;1;1;1;1;1;1;1;1;1;1;1;1;1;1;1;1;1;1;1;1;1;1;1;1
60130000;2;02/1974;1;1;190.0;125.0;137.9286;1;22;1;1;1;0.0;0;190.0;149.0;145.0;143.0;140.0;136.0;136.0;136.0;135.0;134.0;131.0;133.0;163.0;147.0;140.0;138.0;132.0;131.0;129.0;127.0;126.0;125.0;128.0;129.0;128.0;143.0;135.0;133.0;;;;1;1;1;1;1;1;1;1;1;1;1;1;1;1;1;1;1;1;1;1;1;1;1;1;1;1;1;1;;;
60130000;1;02/1974;1;1;210.0;125.0;138.0;1;22;1;1;1;122.0;1;190.0;149.0;145.0;143.0;140.0;136.0;136.0;136.0;135.0;134.0;131.0;133.0;163.0;147.0;140.0;138.0;132.0;131.0;129.0;127.0;126.0;125.0;128.0;129.0;128.0;143.0;135.0;133.0;;;;1;1;1;1;1;1;1;1;1;1;1;1;1;1;1;1;1;1;1;1;1;1;1;1;1;1;1;1;0;0;0
60130000;2;03/1974;1;1;266.0;128.0;152.4516;12;4;1;1;1;0.0;0;133.0;130.0;129.0;128.0;132.0;129.0;136.0;143.0;151.0;150.0;221.0;266.0;189.0;193.0;194.0;161.0;151.0;138.0;139.0;137.0;138.0;141.0;153.0;144.0;150.0;149.0;147.0;142.0;139.0;137.0;136.0;1;1;1;1;1;1;1;1;1;1;1;1;1;1;1;1;1;1;1;1;1;1;1;1;1;1;1;1;1;1;1
60130000;1;03/1974;1;1;290.0;128.0;152.0;12;4;1;1;1;122.0;1;133.0;130.0;129.0;128.0;132.0;129.0;136.0;143.0;151.0;150.0;221.0;266.0;189.0;193.0;194.0;161.0;151.0;138.0;139.0;137.0;138.0;141.0;153.0;144.0;150.0;149.0;147.0;142.0;139.0;137.0;136.0;1;1;1;1;1;1;1;1;1;1;1;1;1;1;1;1;1;1;1;1;1;1;1;1;1;1;1;1;1;1;1
60130000;2;04/1974;1;1;245.0;142.0;158.3667;15;1;1;1;1;0.0;0;142.0;150.0;144.0;144.0;146.0;155.0;159.0;155.0;151.0;149.0;148.0;156.0;150.0;148.0;245.0;174.0;159.0;189.0;157.0;159.0;161.0;158.0;164.0;160.0;157.0;158.0;157.0;154.0;152.0;150.0;;1;1;1;1;1;1;1;1;1;1;1;1;1;1;1;1;1;1;1;1;1;1;1;1;1;1;1;1;1;1;
60130000;1;04/1974;1;1;291.0;142.0;158.0;15;1;1;1;1;122.0;1;142.0;150.0;144.0;144.0;146.0;155.0;159.0;155.0;151.0;149.0;148.0;156.0;150.0;148.0;245.0;174.0;159.0;189.0;157.0;159.0;161.0;158.0;164.0;160.0;157.0;158.0;157.0;154.0;152.0;150.0;;1;1;1;1;1;1;1;1;1;1;1;1;1;1;1;1;1;1;1;1;1;1;1;1;1;1;1;1;1;1;0
60130000;2;05/1974;1;1;175.0;133.0;142.6452;13;30;1;1;1;0.0;0;149.0;148.0;147.0;147.0;147.0;146.0;144.0;149.0;147.0;142.0;141.0;140.0;175.0;147.0;146.0;142.0;140.0;140.0;140.0;140.0;140.0;140.0;140.0;138.0;138.0;137.0;136.0;136.0;134.0;133.0;133.0;1;1;1;1;1;1;1;1;1;1;1;1;1;1;1;1;1;1;1;1;1;1;1;1;1;1;1;1;1;1;1
60130000;1;05/1974;1;1;198.0;133.0;143.0;13;30;1;1;1;122.0;1;149.0;148.0;147.0;147.0;147.0;146.0;144.0;149.0;147.0;142.0;141.0;140.0;175.0;147.0;146.0;142.0;140.0;140.0;140.0;140.0;140.0;140.0;140.0;138.0;138.0;137.0;136.0;136.0;134.0;133.0;133.0;1;1;1;1;1;1;1;1;1;1;1;1;1;1;1;1;1;1;1;1;1;1;1;1;1;1;1;1;1;1;1
60130000;2;06/1974;1;1;136.0;120.0;126.2;5;27;1;1;1;0.0;0;133.0;133.0;132.0;132.0;136.0;133.0;132.0;132.0;132.0;132.0;129.0;128.0;127.0;126.0;126.0;125.0;122.0;122.0;122.0;122.0;122.0;122.0;122.0;122.0;121.0;121.0;120.0;120.0;120.0;120.0;;1;1;1;1;1;1;1;1;1;1;1;1;1;1;1;1;1;1;1;1;1;1;1;1;1;1;1;1;1;1;
60130000;1;06/1974;1;1;138.0;120.0;126.0;5;27;1;1;1;122.0;1;133.0;133.0;132.0;132.0;136.0;133.0;132.0;132.0;132.0;132.0;129.0;128.0;127.0;126.0;126.0;125.0;122.0;122.0;122.0;122.0;122.0;122.0;122.0;122.0;121.0;121.0;120.0;120.0;120.0;120.0;;1;1;1;1;1;1;1;1;1;1;1;1;1;1;1;1;1;1;1;1;1;1;1;1;1;1;1;1;1;1;0
60130000;2;07/1974;1;1;120.0;106.0;113.871;1;31;1;1;1;0.0;0;120.0;119.0;119.0;118.0;118.0;118.0;118.0;118.0;117.0;117.0;117.0;116.0;116.0;116.0;115.0;114.0;114.0;114.0;113.0;112.0;112.0;112.0;111.0;110.0;110.0;109.0;108.0;108.0;108.0;107.0;106.0;1;1;1;1;1;1;1;1;1;1;1;1;1;1;1;1;1;1;1;1;1;1;1;1;1;1;1;1;1;1;1
60130000;1;07/1974;1;1;120.0;106.0;114.0;1;31;1;1;1;122.0;1;120.0;119.0;119.0;118.0;118.0;118.0;118.0;118.0;117.0;117.0;117.0;116.0;116.0;116.0;115.0;114.0;114.0;114.0;113.0;112.0;112.0;112.0;111.0;110.0;110.0;109.0;108.0;108.0;108.0;107.0;106.0;1;1;1;1;1;1;1;1;1;1;1;1;1;1;1;1;1;1;1;1;1;1;1;1;1;1;1;1;1;1;1
60130000;2;08/1974;1;1;105.0;95.0;100.871;1;29;1;1;1;0.0;0;105.0;105.0;105.0;105.0;104.0;104.0;103.0;102.0;102.0;102.0;101.0;101.0;102.0;104.0;104.0;104.0;102.0;101.0;100.0;100.0;100.0;99.0;99.0;99.0;98.0;98.0;97.0;96.0;95.0;95.0;95.0;1;1;1;1;1;1;1;1;1;1;1;1;1;1;1;1;1;1;1;1;1;1;1;1;1;1;1;1;1;1;1
60130000;1;08/1974;1;1;105.0;95.0;101.0;1;29;1;1;1;122.0;1;105.0;105.0;105.0;105.0;104.0;104.0;103.0;102.0;102.0;102.0;101.0;101.0;102.0;104.0;104.0;104.0;102.0;101.0;100.0;100.0;100.0;99.0;99.0;99.0;98.0;98.0;97.0;96.0;95.0;95.0;95.0;1;1;1;1;1;1;1;1;1;1;1;1;1;1;1;1;1;1;1;1;1;1;1;1;1;1;1;1;1;1;1
60130000;2;09/1974;1;1;94.0;83.0;88.333298;1;29;1;1;1;0.0;0;94.0;94.0;94.0;94.0;93.0;93.0;93.0;93.0;91.0;90.0;90.0;90.0;89.0;88.0;88.0;88.0;85.0;85.0;85.0;85.0;87.0;88.0;86.0;84.0;84.0;84.0;84.0;84.0;83.0;84.0;;1;1;1;1;1;1;1;1;1;1;1;1;1;1;1;1;1;1;1;1;1;1;1;1;1;1;1;1;1;1;
60130000;1;09/1974;1;1;94.0;83.0;88.0;1;29;1;1;1;122.0;1;94.0;94.0;94.0;94.0;93.0;93.0;93.0;93.0;91.0;90.0;90.0;90.0;89.0;88.0;88.0;88.0;85.0;85.0;85.0;85.0;87.0;88.0;86.0;84.0;84.0;84.0;84.0;84.0;83.0;84.0;;1;1;1;1;1;1;1;1;1;1;1;1;1;1;1;1;1;1;1;1;1;1;1;1;1;1;1;1;1;1;0
60130000;2;10/1974;1;1;159.0;81.0;94.451599;23;14;1;1;1;0.0;0;83.0;82.0;82.0;82.0;84.0;86.0;85.0;84.0;84.0;84.0;83.0;82.0;82.0;81.0;81.0;113.0;86.0;82.0;81.0;82.0;96.0;90.0;159.0;123.0;131.0;106.0;115.0;101.0;99.0;120.0;99.0;1;1;1;1;1;1;1;1;1;1;1;1;1;1;1;1;1;1;1;1;1;1;1;1;1;1;1;1;1;1;1
60130000;1;10/1974;1;1;160.0;81.0;94.0;23;14;1;1;1;122.0;1;83.0;82.0;82.0;82.0;84.0;86.0;85.0;84.0;84.0;84.0;83.0;82.0;82.0;81.0;81.0;113.0;86.0;82.0;81.0;82.0;96.0;90.0;159.0;123.0;131.0;106.0;115.0;101.0;99.0;120.0;99.0;1;1;1;1;1;1;1;1;1;1;1;1;1;1;1;1;1;1;1;1;1;1;1;1;1;1;1;1;1;1;1
60130000;2;11/1974;1;1;113.0;82.0;90.133301;7;19;1;1;1;0.0;0;99.0;95.0;93.0;90.0;89.0;92.0;113.0;92.0;89.0;88.0;88.0;86.0;86.0;105.0;89.0;86.0;84.0;84.0;82.0;82.0;82.0;109.0;97.0;84.0;84.0;83.0;82.0;91.0;95.0;85.0;;1;1;1;1;1;1;1;1;1;1;1;1;1;1;1;1;1;1;1;1;1;1;1;1;1;1;1;1;1;1;
60130000;1;11/1974;1;1;120.0;82.0;90.0;7;19;1;1;1;122.0;1;99.0;95.0;93.0;90.0;89.0;92.0;113.0;92.0;89.0;88.0;88.0;86.0;86.0;105.0;89.0;86.0;84.0;84.0;82.0;82.0;82.0;109.0;97.0;84.0;84.0;83.0;82.0;91.0;95.0;85.0;;1;1;1;1;1;1;1;1;1;1;1;1;1;1;1;1;1;1;1;1;1;1;1;1;1;1;1;1;1;1;0
60130000;2;12/1974;1;1;125.0;84.0;98.161301;6;1;1;1;1;0.0;0;84.0;84.0;88.0;85.0;109.0;125.0;118.0;95.0;90.0;88.0;86.0;85.0;85.0;84.0;86.0;85.0;109.0;90.0;90.0;88.0;87.0;88.0;98.0;103.0;118.0;121.0;105.0;113.0;111.0;121.0;124.0;1;1;1;1;1;1;1;1;1;1;1;1;1;1;1;1;1;1;1;1;1;1;1;1;1;1;1;1;1;1;1
60130000;1;12/1974;1;1;150.0;84.0;98.0;6;1;1;1;1;122.0;1;84.0;84.0;88.0;85.0;109.0;125.0;118.0;95.0;90.0;88.0;86.0;85.0;85.0;84.0;86.0;85.0;109.0;90.0;90.0;88.0;87.0;88.0;98.0;103.0;118.0;121.0;105.0;113.0;111.0;121.0;124.0;1;1;1;1;1;1;1;1;1;1;1;1;1;1;1;1;1;1;1;1;1;1;1;1;1;1;1;1;1;1;1
60130000;2;01/1975;1;1;271.0;123.0;152.5484;3;31;1;1;1;0.0;0;182.0;222.0;271.0;190.0;160.0;155.0;153.0;152.0;205.0;190.0;128.0;150.0;145.0;140.0;138.0;135.0;133.0;130.0;130.0;132.0;145.0;132.0;130.0;140.0;155.0;147.0;134.0;128.0;127.0;127.0;123.0;1;1;1;1;1;1;1;1;1;1;1;1;1;1;1;1;1;1;1;1;1;1;1;1;1;1;1;1;1;1;1
60130000;1;01/1975;1;1;326.0;123.0;153.0;3;31;1;1;1;102.0;1;182.0;222.0;271.0;190.0;160.0;155.0;153.0;152.0;205.0;190.0;128.0;150.0;145.0;140.0;138.0;135.0;133.0;130.0;130.0;132.0;145.0;132.0;130.0;140.0;155.0;147.0;134.0;128.0;127.0;127.0;123.0;1;1;1;1;1;1;1;1;1;1;1;1;1;1;1;1;1;1;1;1;1;1;1;1;1;1;1;1;1;1;1
60130000;2;02/1975;1;1;225.0;122.0;137.6071;6;2;1;1;1;0.0;0;123.0;122.0;123.0;150.0;135.0;225.0;150.0;152.0;156.0;156.0;151.0;143.0;136.0;133.0;130.0;128.0;127.0;125.0;129.0;129.0;125.0;124.0;135.0;130.0;135.0;128.0;127.0;126.0;;;;1;1;1;1;1;1;1;1;1;1;1;1;1;1;1;1;1;1;1;1;1;1;1;1;1;1;1;1;;;
60130000;1;02/1975;1;1;236.0;122.0;138.0;6;2;1;1;1;102.0;1;123.0;122.0;123.0;150.0;135.0;225.0;150.0;152.0;156.0;156.0;151.0;143.0;136.0;133.0;130.0;128.0;127.0;125.0;129.0;129.0;125.0;124.0;135.0;130.0;135.0;128.0;127.0;126.0;;;;1;1;1;1;1;1;1;1;1;1;1;1;1;1;1;1;1;1;1;1;1;1;1;1;1;1;1;1;0;0;0
60130000;2;03/1975;1;1;136.0;110.0;119.3548;25;21;1;1;1;0.0;0;125.0;123.0;123.0;122.0;120.0;120.0;126.0;121.0;119.0;117.0;114.0;112.0;113.0;114.0;113.0;121.0;120.0;119.0;116.0;114.0;110.0;110.0;110.0;128.0;136.0;129.0;126.0;125.0;124.0;117.0;113.0;1;1;1;1;1;1;1;1;1;1;1;1;1;1;1;1;1;1;1;1;1;1;1;1;1;1;1;1;1;1;1
60130000;1;03/1975;1;1;140.0;110.0;119.0;25;21;1;1;1;102.0;1;125.0;123.0;123.0;122.0;120.0;120.0;126.0;121.0;119.0;117.0;114.0;112.0;113.0;114.0;113.0;121.0;120.0;119.0;116.0;114.0;110.0;110.0;110.0;128.0;136.0;129.0;126.0;125.0;124.0;117.0;113.0;1;1;1;1;1;1;1;1;1;1;1;1;1;1;1;1;1;1;1;1;1;1;1;1;1;1;1;1;1;1;1
60130000;2;04/1975;1;1;138.0;100.0;109.7333;9;27;1;1;1;0.0;0;121.0;116.0;114.0;112.0;112.0;112.0;110.0;108.0;138.0;129.0;114.0;112.0;111.0;110.0;110.0;116.0;112.0;110.0;108.0;105.0;104.0;103.0;102.0;101.0;101.0;101.0;100.0;100.0;100.0;100.0;;1;1;1;1;1;1;1;1;1;1;1;1;1;1;1;1;1;1;1;1;1;1;1;1;1;1;1;1;1;1;
60130000;1;04/1975;1;1;140.0;100.0;110.0;9;27;1;1;1;102.0;1;121.0;116.0;114.0;112.0;112.0;112.0;110.0;108.0;138.0;129.0;114.0;112.0;111.0;110.0;110.0;116.0;112.0;110.0;108.0;105.0;104.0;103.0;102.0;101.0;101.0;101.0;100.0;100.0;100.0;100.0;;1;1;1;1;1;1;1;1;1;1;1;1;1;1;1;1;1;1;1;1;1;1;1;1;1;1;1;1;1;1;0
60130000;2;05/1975;1;1;126.0;94.0;99.322601;7;29;1;1;1;0.0;0;99.0;98.0;98.0;97.0;98.0;115.0;126.0;116.0;105.0;102.0;100.0;98.0;97.0;97.0;96.0;97.0;97.0;96.0;96.0;98.0;98.0;97.0;96.0;96.0;96.0;96.0;96.0;96.0;94.0;94.0;94.0;1;1;1;1;1;1;1;1;1;1;1;1;1;1;1;1;1;1;1;1;1;1;1;1;1;1;1;1;1;1;1
60130000;1;05/1975;1;1;133.0;94.0;99.0;7;29;1;1;1;102.0;1;99.0;98.0;98.0;97.0;98.0;115.0;126.0;116.0;105.0;102.0;100.0;98.0;97.0;97.0;96.0;97.0;97.0;96.0;96.0;98.0;98.0;97.0;96.0;96.0;96.0;96.0;96.0;96.0;94.0;94.0;94.0;1;1;1;1;1;1;1;1;1;1;1;1;1;1;1;1;1;1;1;1;1;1;1;1;1;1;1;1;1;1;1
60130000;2;06/1975;1;1;98.0;86.0;89.366699;30;19;1;1;1;0.0;0;94.0;94.0;94.0;94.0;94.0;93.0;92.0;91.0;90.0;90.0;90.0;90.0;90.0;89.0;89.0;88.0;87.0;87.0;86.0;86.0;87.0;86.0;86.0;86.0;86.0;86.0;86.0;86.0;86.0;98.0;;1;1;1;1;1;1;1;1;1;1;1;1;1;1;1;1;1;1;1;1;1;1;1;1;1;1;1;1;1;1;
60130000;1;06/1975;1;1;100.0;86.0;89.0;30;19;1;1;1;102.0;1;94.0;94.0;94.0;94.0;94.0;93.0;92.0;91.0;90.0;90.0;90.0;90.0;90.0;89.0;89.0;88.0;87.0;87.0;86.0;86.0;87.0;86.0;86.0;86.0;86.0;86.0;86.0;86.0;86.0;98.0;;1;1;1;1;1;1;1;1;1;1;1;1;1;1;1;1;1;1;1;1;1;1;1;1;1;1;1;1;1;1;0
60130000;2;07/1975;1;1;96.0;82.0;85.709702;3;28;1;1;1;0.0;0;92.0;90.0;96.0;93.0;94.0;90.0;87.0;86.0;86.0;86.0;86.0;86.0;85.0;85.0;84.0;84.0;84.0;84.0;84.0;84.0;84.0;84.0;83.0;83.0;83.0;83.0;83.0;82.0;82.0;82.0;82.0;1;1;1;1;1;1;1;1;1;1;1;1;1;1;1;1;1;1;1;1;1;1;1;1;1;1;1;1;1;1;1
60130000;1;07/1975;1;1;98.0;82.0;86.0;3;28;1;1;1;102.0;1;92.0;90.0;96.0;93.0;94.0;90.0;87.0;86.0;86.0;86.0;86.0;86.0;85.0;85.0;84.0;84.0;84.0;84.0;84.0;84.0;84.0;84.0;83.0;83.0;83.0;83.0;83.0;82.0;82.0;82.0;82.0;1;1;1;1;1;1;1;1;1;1;1;1;1;1;1;1;1;1;1;1;1;1;1;1;1;1;1;1;1;1;1
60130000;2;08/1975;1;1;82.0;74.0;76.3871;1;19;1;1;1;0.0;0;82.0;81.0;80.0;80.0;79.0;79.0;79.0;79.0;78.0;78.0;77.0;77.0;77.0;76.0;76.0;76.0;75.0;75.0;74.0;74.0;76.0;74.0;74.0;74.0;74.0;74.0;74.0;74.0;74.0;74.0;74.0;1;1;1;1;1;1;1;1;1;1;1;1;1;1;1;1;1;1;1;1;1;1;1;1;1;1;1;1;1;1;1
60130000;1;08/1975;1;1;82.0;74.0;76.0;1;19;1;1;1;102.0;1;82.0;81.0;80.0;80.0;79.0;79.0;79.0;79.0;78.0;78.0;77.0;77.0;77.0;76.0;76.0;76.0;75.0;75.0;74.0;74.0;76.0;74.0;74.0;74.0;74.0;74.0;74.0;74.0;74.0;74.0;74.0;1;1;1;1;1;1;1;1;1;1;1;1;1;1;1;1;1;1;1;1;1;1;1;1;1;1;1;1;1;1;1
60130000;2;09/1975;1;1;76.0;72.0;72.966698;29;11;1;1;1;0.0;0;74.0;74.0;74.0;74.0;74.0;74.0;74.0;74.0;74.0;73.0;72.0;72.0;72.0;72.0;72.0;72.0;72.0;72.0;72.0;72.0;72.0;72.0;72.0;72.0;72.0;72.0;73.0;75.0;76.0;74.0;;1;1;1;1;1;1;1;1;1;1;1;1;1;1;1;1;1;1;1;1;1;1;1;1;1;1;1;1;1;1;
60130000;1;09/1975;1;1;76.0;72.0;73.0;29;11;1;1;1;102.0;1;74.0;74.0;74.0;74.0;74.0;74.0;74.0;74.0;74.0;73.0;72.0;72.0;72.0;72.0;72.0;72.0;72.0;72.0;72.0;72.0;72.0;72.0;72.0;72.0;72.0;72.0;73.0;75.0;76.0;74.0;;1;1;1;1;1;1;1;1;1;1;1;1;1;1;1;1;1;1;1;1;1;1;1;1;1;1;1;1;1;1;0
60130000;2;10/1975;1;1;130.0;71.0;81.290298;18;4;1;1;1;0.0;0;73.0;72.0;72.0;71.0;71.0;71.0;73.0;74.0;82.0;82.0;84.0;76.0;76.0;107.0;85.0;78.0;85.0;130.0;130.0;78.0;76.0;75.0;75.0;75.0;75.0;93.0;81.0;77.0;75.0;74.0;74.0;1;1;1;1;1;1;1;1;1;1;1;1;1;1;1;1;1;1;1;1;1;1;1;1;1;1;1;1;1;1;1
60130000;1;10/1975;1;1;180.0;71.0;81.0;18;4;1;1;1;102.0;1;73.0;72.0;72.0;71.0;71.0;71.0;73.0;74.0;82.0;82.0;84.0;76.0;76.0;107.0;85.0;78.0;85.0;130.0;130.0;78.0;76.0;75.0;75.0;75.0;75.0;93.0;81.0;77.0;75.0;74.0;74.0;1;1;1;1;1;1;1;1;1;1;1;1;1;1;1;1;1;1;1;1;1;1;1;1;1;1;1;1;1;1;1
60130000;2;11/1975;1;1;115.0;73.0;90.433296;28;4;1;1;1;0.0;0;74.0;74.0;74.0;73.0;73.0;77.0;106.0;90.0;83.0;81.0;84.0;82.0;94.0;92.0;92.0;82.0;84.0;98.0;111.0;91.0;98.0;96.0;99.0;100.0;98.0;100.0;101.0;115.0;96.0;95.0;;1;1;1;1;1;1;1;1;1;1;1;1;1;1;1;1;1;1;1;1;1;1;1;1;1;1;1;1;1;1;
60130000;1;11/1975;1;1;120.0;73.0;90.0;28;4;1;1;1;102.0;1;74.0;74.0;74.0;73.0;73.0;77.0;106.0;90.0;83.0;81.0;84.0;82.0;94.0;92.0;92.0;82.0;84.0;98.0;111.0;91.0;98.0;96.0;99.0;100.0;98.0;100.0;101.0;115.0;96.0;95.0;;1;1;1;1;1;1;1;1;1;1;1;1;1;1;1;1;1;1;1;1;1;1;1;1;1;1;1;1;1;1;0
60130000;2;12/1975;1;1;202.0;85.0;103.8387;25;13;1;1;1;0.0;0;94.0;94.0;93.0;92.0;92.0;92.0;91.0;88.0;86.0;97.0;87.0;86.0;85.0;88.0;88.0;88.0;93.0;103.0;96.0;95.0;95.0;96.0;97.0;200.0;202.0;116.0;148.0;115.0;108.0;107.0;107.0;1;1;1;1;1;1;1;1;1;1;1;1;1;1;1;1;1;1;1;1;1;1;1;1;1;1;1;1;1;1;1
60130000;1;12/1975;1;1;260.0;85.0;104.0;25;13;1;1;1;102.0;1;94.0;94.0;93.0;92.0;92.0;92.0;91.0;88.0;86.0;97.0;87.0;86.0;85.0;88.0;88.0;88.0;93.0;103.0;96.0;95.0;95.0;96.0;97.0;200.0;202.0;116.0;148.0;115.0;108.0;107.0;107.0;1;1;1;1;1;1;1;1;1;1;1;1;1;1;1;1;1;1;1;1;1;1;1;1;1;1;1;1;1;1;1
60130000;2;01/1976;1;1;199.0;100.0;117.5161;3;1;1;1;1;0.0;0;100.0;144.0;199.0;163.0;148.0;146.0;126.0;120.0;119.0;121.0;114.0;106.0;116.0;111.0;110.0;110.0;110.0;110.0;107.0;104.0;104.0;105.0;107.0;106.0;105.0;104.0;104.0;103.0;116.0;103.0;102.0;1;1;1;1;1;1;1;1;1;1;1;1;1;1;1;1;1;1;1;1;1;1;1;1;1;1;1;1;1;1;1
60130000;1;01/1976;1;1;205.0;100.0;118.0;3;1;1;1;1;96.0;1;100.0;144.0;199.0;163.0;148.0;146.0;126.0;120.0;119.0;121.0;114.0;106.0;116.0;111.0;110.0;110.0;110.0;110.0;107.0;104.0;104.0;105.0;107.0;106.0;105.0;104.0;104.0;103.0;116.0;103.0;102.0;1;1;1;1;1;1;1;1;1;1;1;1;1;1;1;1;1;1;1;1;1;1;1;1;1;1;1;1;1;1;1
60130000;2;02/1976;1;1;140.0;96.0;109.2759;29;23;1;1;1;0.0;0;105.0;111.0;118.0;111.0;113.0;116.0;116.0;113.0;110.0;106.0;105.0;102.0;101.0;99.0;98.0;97.0;97.0;113.0;103.0;100.0;99.0;98.0;96.0;113.0;139.0;115.0;114.0;121.0;140.0;;;1;1;1;1;1;1;1;1;1;1;1;1;1;1;1;1;1;1;1;1;1;1;1;1;1;1;1;1;1;;
60130000;1;02/1976;1;1;142.0;96.0;109.0;29;23;1;1;1;96.0;1;105.0;111.0;118.0;111.0;113.0;116.0;116.0;113.0;110.0;106.0;105.0;102.0;101.0;99.0;98.0;97.0;97.0;113.0;103.0;100.0;99.0;98.0;96.0;113.0;139.0;115.0;114.0;121.0;140.0;;;1;1;1;1;1;1;1;1;1;1;1;1;1;1;1;1;1;1;1;1;1;1;1;1;1;1;1;1;1;0;0
60130000;2;03/1976;1;1;167.0;98.0;109.2581;2;20;1;1;1;0.0;0;142.0;167.0;121.0;110.0;104.0;102.0;102.0;101.0;100.0;99.0;99.0;99.0;117.0;103.0;102.0;110.0;102.0;100.0;99.0;98.0;99.0;101.0;105.0;131.0;127.0;115.0;114.0;110.0;104.0;102.0;102.0;1;1;1;1;1;1;1;1;1;1;1;1;1;1;1;1;1;1;1;1;1;1;1;1;1;1;1;1;1;1;1
60130000;1;03/1976;1;1;185.0;98.0;109.0;2;20;1;1;1;96.0;1;142.0;167.0;121.0;110.0;104.0;102.0;102.0;101.0;100.0;99.0;99.0;99.0;117.0;103.0;102.0;110.0;102.0;100.0;99.0;98.0;99.0;101.0;105.0;131.0;127.0;115.0;114.0;110.0;104.0;102.0;102.0;1;1;1;1;1;1;1;1;1;1;1;1;1;1;1;1;1;1;1;1;1;1;1;1;1;1;1;1;1;1;1
60130000;2;04/1976;1;1;102.0;95.0;97.400002;1;19;1;1;1;0.0;0;102.0;101.0;100.0;99.0;98.0;98.0;98.0;98.0;97.0;100.0;98.0;97.0;98.0;97.0;97.0;96.0;96.0;96.0;95.0;95.0;95.0;95.0;95.0;95.0;100.0;98.0;96.0;96.0;96.0;100.0;;1;1;1;1;1;1;1;1;1;1;1;1;1;1;1;1;1;1;1;1;1;1;1;1;1;1;1;1;1;1;
60130000;1;04/1976;1;1;102.0;95.0;97.0;1;19;1;1;1;96.0;1;102.0;101.0;100.0;99.0;98.0;98.0;98.0;98.0;97.0;100.0;98.0;97.0;98.0;97.0;97.0;96.0;96.0;96.0;95.0;95.0;95.0;95.0;95.0;95.0;100.0;98.0;96.0;96.0;96.0;100.0;;1;1;1;1;1;1;1;1;1;1;1;1;1;1;1;1;1;1;1;1;1;1;1;1;1;1;1;1;1;1;0
60130000;2;05/1976;1;1;111.0;86.0;90.838699;16;26;1;1;1;0.0;0;95.0;92.0;92.0;92.0;92.0;91.0;91.0;90.0;89.0;89.0;88.0;88.0;88.0;89.0;89.0;111.0;96.0;91.0;90.0;90.0;90.0;90.0;90.0;89.0;88.0;86.0;86.0;86.0;88.0;100.0;90.0;1;1;1;1;1;1;1;1;1;1;1;1;1;1;1;1;1;1;1;1;1;1;1;1;1;1;1;1;1;1;1
60130000;1;05/1976;1;1;120.0;86.0;91.0;16;26;1;1;1;96.0;1;95.0;92.0;92.0;92.0;92.0;91.0;91.0;90.0;89.0;89.0;88.0;88.0;88.0;89.0;89.0;111.0;96.0;91.0;90.0;90.0;90.0;90.0;90.0;89.0;88.0;86.0;86.0;86.0;88.0;100.0;90.0;1;1;1;1;1;1;1;1;1;1;1;1;1;1;1;1;1;1;1;1;1;1;1;1;1;1;1;1;1;1;1
60130000;2;06/1976;1;1;89.0;78.0;81.599998;1;21;1;1;1;0.0;0;89.0;88.0;84.0;84.0;84.0;84.0;84.0;84.0;84.0;84.0;83.0;83.0;83.0;82.0;82.0;82.0;82.0;82.0;81.0;79.0;78.0;78.0;78.0;78.0;78.0;78.0;78.0;78.0;78.0;78.0;;1;1;1;1;1;1;1;1;1;1;1;1;1;1;1;1;1;1;1;1;1;1;1;1;1;1;1;1;1;1;
60130000;1;06/1976;1;1;89.0;78.0;82.0;1;21;1;1;1;96.0;1;89.0;88.0;84.0;84.0;84.0;84.0;84.0;84.0;84.0;84.0;83.0;83.0;83.0;82.0;82.0;82.0;82.0;82.0;81.0;79.0;78.0;78.0;78.0;78.0;78.0;78.0;78.0;78.0;78.0;78.0;;1;1;1;1;1;1;1;1;1;1;1;1;1;1;1;1;1;1;1;1;1;1;1;1;1;1;1;1;1;1;0
60130000;2;07/1976;1;1;120.0;74.0;80.483902;2;31;1;1;1;0.0;0;78.0;120.0;87.0;95.0;84.0;83.0;82.0;80.0;80.0;80.0;79.0;79.0;79.0;79.0;79.0;78.0;78.0;78.0;78.0;77.0;78.0;79.0;78.0;77.0;77.0;77.0;77.0;75.0;75.0;75.0;74.0;1;1;1;1;1;1;1;1;1;1;1;1;1;1;1;1;1;1;1;1;1;1;1;1;1;1;1;1;1;1;1
60130000;1;07/1976;1;1;150.0;74.0;80.0;2;31;1;1;1;96.0;1;78.0;120.0;87.0;95.0;84.0;83.0;82.0;80.0;80.0;80.0;79.0;79.0;79.0;79.0;79.0;78.0;78.0;78.0;78.0;77.0;78.0;79.0;78.0;77.0;77.0;77.0;77.0;75.0;75.0;75.0;74.0;1;1;1;1;1;1;1;1;1;1;1;1;1;1;1;1;1;1;1;1;1;1;1;1;1;1;1;1;1;1;1
60130000;2;08/1976;1;1;76.0;70.0;72.419403;21;30;1;1;1;0.0;0;74.0;74.0;74.0;74.0;74.0;74.0;73.0;73.0;72.0;72.0;72.0;72.0;72.0;72.0;72.0;72.0;72.0;72.0;72.0;72.0;76.0;73.0;72.0;72.0;72.0;72.0;72.0;71.0;71.0;70.0;70.0;1;1;1;1;1;1;1;1;1;1;1;1;1;1;1;1;1;1;1;1;1;1;1;1;1;1;1;1;1;1;1
60130000;1;08/1976;1;1;76.0;70.0;72.0;21;30;1;1;1;96.0;1;74.0;74.0;74.0;74.0;74.0;74.0;73.0;73.0;72.0;72.0;72.0;72.0;72.0;72.0;72.0;72.0;72.0;72.0;72.0;72.0;76.0;73.0;72.0;72.0;72.0;72.0;72.0;71.0;71.0;70.0;70.0;1;1;1;1;1;1;1;1;1;1;1;1;1;1;1;1;1;1;1;1;1;1;1;1;1;1;1;1;1;1;1
60130000;2;09/1976;1;1;103.0;70.0;76.666702;25;1;1;1;1;0.0;0;70.0;70.0;70.0;70.0;70.0;70.0;70.0;70.0;70.0;70.0;70.0;70.0;72.0;87.0;82.0;93.0;78.0;76.0;76.0;75.0;73.0;78.0;74.0;87.0;103.0;84.0;78.0;83.0;81.0;80.0;;1;1;1;1;1;1;1;1;1;1;1;1;1;1;1;1;1;1;1;1;1;1;1;1;1;1;1;1;1;1;
60130000;1;09/1976;1;1;108.0;70.0;77.0;25;1;1;1;1;96.0;1;70.0;70.0;70.0;70.0;70.0;70.0;70.0;70.0;70.0;70.0;70.0;70.0;72.0;87.0;82.0;93.0;78.0;76.0;76.0;75.0;73.0;78.0;74.0;87.0;103.0;84.0;78.0;83.0;81.0;80.0;;1;1;1;1;1;1;1;1;1;1;1;1;1;1;1;1;1;1;1;1;1;1;1;1;1;1;1;1;1;1;0
60130000;2;10/1976;1;1;79.0;72.0;74.645203;25;18;1;1;1;0.0;0;78.0;76.0;76.0;74.0;73.0;74.0;74.0;73.0;74.0;77.0;78.0;77.0;74.0;73.0;73.0;73.0;73.0;72.0;72.0;73.0;74.0;74.0;74.0;74.0;79.0;78.0;77.0;76.0;74.0;74.0;73.0;1;1;1;1;1;1;1;1;1;1;1;1;1;1;1;1;1;1;1;1;1;1;1;1;1;1;1;1;1;1;1
60130000;1;10/1976;1;1;80.0;72.0;75.0;25;18;1;1;1;96.0;1;78.0;76.0;76.0;74.0;73.0;74.0;74.0;73.0;74.0;77.0;78.0;77.0;74.0;73.0;73.0;73.0;73.0;72.0;72.0;73.0;74.0;74.0;74.0;74.0;79.0;78.0;77.0;76.0;74.0;74.0;73.0;1;1;1;1;1;1;1;1;1;1;1;1;1;1;1;1;1;1;1;1;1;1;1;1;1;1;1;1;1;1;1
60130000;2;11/1976;1;1;187.0;71.0;95.900002;22;4;1;1;1;0.0;0;72.0;72.0;72.0;71.0;73.0;84.0;77.0;74.0;72.0;72.0;72.0;71.0;121.0;86.0;86.0;86.0;87.0;86.0;84.0;113.0;155.0;187.0;123.0;111.0;114.0;110.0;113.0;120.0;109.0;104.0;;1;1;1;1;1;1;1;1;1;1;1;1;1;1;1;1;1;1;1;1;1;1;1;1;1;1;1;1;1;1;
60130000;1;11/1976;1;1;190.0;71.0;96.0;22;4;1;1;1;96.0;1;72.0;72.0;72.0;71.0;73.0;84.0;77.0;74.0;72.0;72.0;72.0;71.0;121.0;86.0;86.0;86.0;87.0;86.0;84.0;113.0;155.0;187.0;123.0;111.0;114.0;110.0;113.0;120.0;109.0;104.0;;1;1;1;1;1;1;1;1;1;1;1;1;1;1;1;1;1;1;1;1;1;1;1;1;1;1;1;1;1;1;0
60130000;2;12/1976;1;1;269.0;103.0;140.8387;21;10;1;1;1;0.0;0;115.0;165.0;163.0;141.0;113.0;111.0;105.0;104.0;104.0;103.0;157.0;135.0;160.0;147.0;129.0;122.0;125.0;129.0;125.0;150.0;269.0;160.0;140.0;127.0;124.0;124.0;124.0;137.0;243.0;180.0;135.0;1;1;1;1;1;1;1;1;1;1;1;1;1;1;1;1;1;1;1;1;1;1;1;1;1;1;1;1;1;1;1
60130000;1;12/1976;1;1;274.0;103.0;141.0;21;10;1;1;1;96.0;1;115.0;165.0;163.0;141.0;113.0;111.0;105.0;104.0;104.0;103.0;157.0;135.0;160.0;147.0;129.0;122.0;125.0;129.0;125.0;150.0;269.0;160.0;140.0;127.0;124.0;124.0;124.0;137.0;243.0;180.0;135.0;1;1;1;1;1;1;1;1;1;1;1;1;1;1;1;1;1;1;1;1;1;1;1;1;1;1;1;1;1;1;1
60130000;2;01/1977;1;1;218.0;114.0;143.9677;23;14;1;1;1;0.0;0;134.0;129.0;126.0;125.0;124.0;124.0;125.0;124.0;123.0;122.0;122.0;118.0;116.0;114.0;128.0;114.0;119.0;130.0;135.0;167.0;168.0;167.0;218.0;180.0;168.0;158.0;158.0;150.0;149.0;216.0;212.0;1;1;1;1;1;1;1;1;1;1;1;1;1;1;1;1;1;1;1;1;1;1;1;1;1;1;1;1;1;1;1
60130000;1;01/1977;1;1;286.0;114.0;144.0;23;14;1;1;1;106.0;1;134.0;129.0;126.0;125.0;124.0;124.0;125.0;124.0;123.0;122.0;122.0;118.0;116.0;114.0;128.0;114.0;119.0;130.0;135.0;167.0;168.0;167.0;218.0;180.0;168.0;158.0;158.0;150.0;149.0;216.0;212.0;1;1;1;1;1;1;1;1;1;1;1;1;1;1;1;1;1;1;1;1;1;1;1;1;1;1;1;1;1;1;1
60130000;2;02/1977;1;1;166.0;120.0;134.6786;5;27;1;1;1;0.0;0;157.0;147.0;147.0;146.0;166.0;165.0;155.0;143.0;139.0;137.0;133.0;132.0;137.0;133.0;131.0;130.0;127.0;124.0;124.0;124.0;124.0;123.0;123.0;122.0;121.0;121.0;120.0;120.0;;;;1;1;1;1;1;1;1;1;1;1;1;1;1;1;1;1;1;1;1;1;1;1;1;1;1;1;1;1;;;
60130000;1;02/1977;1;1;166.0;120.0;135.0;5;27;1;1;1;106.0;1;157.0;147.0;147.0;146.0;166.0;165.0;155.0;143.0;139.0;137.0;133.0;132.0;137.0;133.0;131.0;130.0;127.0;124.0;124.0;124.0;124.0;123.0;123.0;122.0;121.0;121.0;120.0;120.0;;;;1;1;1;1;1;1;1;1;1;1;1;1;1;1;1;1;1;1;1;1;1;1;1;1;1;1;1;1;0;0;0
60130000;2;03/1977;1;1;145.0;104.0;110.0968;22;21;1;1;1;0.0;0;120.0;119.0;117.0;115.0;114.0;114.0;114.0;113.0;112.0;110.0;109.0;108.0;107.0;107.0;106.0;106.0;105.0;105.0;105.0;105.0;104.0;145.0;113.0;107.0;106.0;105.0;105.0;105.0;104.0;104.0;104.0;1;1;1;1;1;1;1;1;1;1;1;1;1;1;1;1;1;1;1;1;1;1;1;1;1;1;1;1;1;1;1
60130000;1;03/1977;1;1;150.0;104.0;110.0;22;21;1;1;1;106.0;1;120.0;119.0;117.0;115.0;114.0;114.0;114.0;113.0;112.0;110.0;109.0;108.0;107.0;107.0;106.0;106.0;105.0;105.0;105.0;105.0;104.0;145.0;113.0;107.0;106.0;105.0;105.0;105.0;104.0;104.0;104.0;1;1;1;1;1;1;1;1;1;1;1;1;1;1;1;1;1;1;1;1;1;1;1;1;1;1;1;1;1;1;1
60130000;2;04/1977;1;1;146.0;101.0;107.4667;9;30;1;1;1;0.0;0;104.0;114.0;111.0;110.0;108.0;107.0;104.0;104.0;146.0;113.0;105.0;108.0;108.0;106.0;105.0;105.0;104.0;102.0;102.0;104.0;109.0;108.0;107.0;106.0;106.0;105.0;105.0;104.0;103.0;101.0;;1;1;1;1;1;1;1;1;1;1;1;1;1;1;1;1;1;1;1;1;1;1;1;1;1;1;1;1;1;1;
60130000;1;04/1977;1;1;158.0;101.0;107.0;9;30;1;1;1;106.0;1;104.0;114.0;111.0;110.0;108.0;107.0;104.0;104.0;146.0;113.0;105.0;108.0;108.0;106.0;105.0;105.0;104.0;102.0;102.0;104.0;109.0;108.0;107.0;106.0;106.0;105.0;105.0;104.0;103.0;101.0;;1;1;1;1;1;1;1;1;1;1;1;1;1;1;1;1;1;1;1;1;1;1;1;1;1;1;1;1;1;1;0
60130000;2;05/1977;1;1;104.0;94.0;98.290298;2;25;1;1;1;0.0;0;101.0;104.0;103.0;103.0;102.0;101.0;100.0;100.0;100.0;104.0;102.0;100.0;98.0;98.0;97.0;97.0;103.0;100.0;98.0;97.0;96.0;95.0;95.0;95.0;94.0;94.0;94.0;94.0;94.0;94.0;94.0;1;1;1;1;1;1;1;1;1;1;1;1;1;1;1;1;1;1;1;1;1;1;1;1;1;1;1;1;1;1;1
60130000;1;05/1977;1;1;105.0;94.0;98.0;2;25;1;1;1;106.0;1;101.0;104.0;103.0;103.0;102.0;101.0;100.0;100.0;100.0;104.0;102.0;100.0;98.0;98.0;97.0;97.0;103.0;100.0;98.0;97.0;96.0;95.0;95.0;95.0;94.0;94.0;94.0;94.0;94.0;94.0;94.0;1;1;1;1;1;1;1;1;1;1;1;1;1;1;1;1;1;1;1;1;1;1;1;1;1;1;1;1;1;1;1
60130000;2;06/1977;1;1;120.0;87.0;92.866699;2;30;1;1;1;0.0;0;95.0;120.0;100.0;99.0;98.0;96.0;94.0;94.0;94.0;93.0;93.0;92.0;92.0;91.0;91.0;90.0;92.0;91.0;90.0;90.0;90.0;90.0;90.0;90.0;90.0;89.0;89.0;88.0;88.0;87.0;;1;1;1;1;1;1;1;1;1;1;1;1;1;1;1;1;1;1;1;1;1;1;1;1;1;1;1;1;1;1;
60130000;1;06/1977;1;1;122.0;87.0;93.0;2;30;1;1;1;106.0;1;95.0;120.0;100.0;99.0;98.0;96.0;94.0;94.0;94.0;93.0;93.0;92.0;92.0;91.0;91.0;90.0;92.0;91.0;90.0;90.0;90.0;90.0;90.0;90.0;90.0;89.0;89.0;88.0;88.0;87.0;;1;1;1;1;1;1;1;1;1;1;1;1;1;1;1;1;1;1;1;1;1;1;1;1;1;1;1;1;1;1;0
60130000;2;07/1977;1;1;86.0;78.0;81.516098;1;29;1;1;1;0.0;0;86.0;86.0;85.0;85.0;84.0;84.0;84.0;84.0;83.0;83.0;83.0;82.0;82.0;82.0;82.0;81.0;81.0;81.0;81.0;80.0;80.0;80.0;79.0;79.0;79.0;79.0;79.0;79.0;78.0;78.0;78.0;1;1;1;1;1;1;1;1;1;1;1;1;1;1;1;1;1;1;1;1;1;1;1;1;1;1;1;1;1;1;1
60130000;1;07/1977;1;1;86.0;78.0;82.0;1;29;1;1;1;106.0;1;86.0;86.0;85.0;85.0;84.0;84.0;84.0;84.0;83.0;83.0;83.0;82.0;82.0;82.0;82.0;81.0;81.0;81.0;81.0;80.0;80.0;80.0;79.0;79.0;79.0;79.0;79.0;79.0;78.0;78.0;78.0;1;1;1;1;1;1;1;1;1;1;1;1;1;1;1;1;1;1;1;1;1;1;1;1;1;1;1;1;1;1;1
60130000;2;08/1977;1;1;77.0;74.0;74.806503;1;15;1;1;1;0.0;0;77.0;77.0;77.0;76.0;76.0;76.0;76.0;76.0;75.0;75.0;75.0;75.0;75.0;75.0;74.0;74.0;74.0;74.0;74.0;74.0;74.0;74.0;74.0;74.0;74.0;74.0;74.0;74.0;74.0;74.0;74.0;1;1;1;1;1;1;1;1;1;1;1;1;1;1;1;1;1;1;1;1;1;1;1;1;1;1;1;1;1;1;1
60130000;1;08/1977;1;1;77.0;74.0;75.0;1;15;1;1;1;106.0;1;77.0;77.0;77.0;76.0;76.0;76.0;76.0;76.0;75.0;75.0;75.0;75.0;75.0;75.0;74.0;74.0;74.0;74.0;74.0;74.0;74.0;74.0;74.0;74.0;74.0;74.0;74.0;74.0;74.0;74.0;74.0;1;1;1;1;1;1;1;1;1;1;1;1;1;1;1;1;1;1;1;1;1;1;1;1;1;1;1;1;1;1;1
60130000;2;09/1977;1;1;80.0;70.0;73.033302;4;19;1;1;1;0.0;0;74.0;74.0;74.0;80.0;75.0;74.0;74.0;74.0;74.0;74.0;74.0;73.0;73.0;73.0;72.0;72.0;72.0;71.0;70.0;70.0;73.0;78.0;74.0;73.0;73.0;72.0;71.0;70.0;70.0;70.0;;1;1;1;1;1;1;1;1;1;1;1;1;1;1;1;1;1;1;1;1;1;1;1;1;1;1;1;1;1;1;
60130000;1;09/1977;1;1;85.0;70.0;73.0;4;19;1;1;1;106.0;1;74.0;74.0;74.0;80.0;75.0;74.0;74.0;74.0;74.0;74.0;74.0;73.0;73.0;73.0;72.0;72.0;72.0;71.0;70.0;70.0;73.0;78.0;74.0;73.0;73.0;72.0;71.0;70.0;70.0;70.0;;1;1;1;1;1;1;1;1;1;1;1;1;1;1;1;1;1;1;1;1;1;1;1;1;1;1;1;1;1;1;0
60130000;2;10/1977;1;1;235.0;71.0;93.258102;2;1;1;1;1;0.0;0;71.0;235.0;97.0;109.0;96.0;213.0;98.0;94.0;93.0;84.0;83.0;82.0;80.0;79.0;78.0;77.0;76.0;76.0;75.0;74.0;77.0;76.0;74.0;74.0;74.0;74.0;74.0;111.0;102.0;97.0;88.0;1;1;1;1;1;1;1;1;1;1;1;1;1;1;1;1;1;1;1;1;1;1;1;1;1;1;1;1;1;1;1
60130000;1;10/1977;1;1;320.0;71.0;93.0;2;1;1;1;1;106.0;1;71.0;235.0;97.0;109.0;96.0;213.0;98.0;94.0;93.0;84.0;83.0;82.0;80.0;79.0;78.0;77.0;76.0;76.0;75.0;74.0;77.0;76.0;74.0;74.0;74.0;74.0;74.0;111.0;102.0;97.0;88.0;1;1;1;1;1;1;1;1;1;1;1;1;1;1;1;1;1;1;1;1;1;1;1;1;1;1;1;1;1;1;1
60130000;2;11/1977;1;1;236.0;76.0;109.7;25;2;1;1;1;0.0;0;78.0;76.0;78.0;81.0;83.0;86.0;110.0;98.0;104.0;80.0;85.0;79.0;78.0;97.0;83.0;80.0;95.0;85.0;154.0;127.0;184.0;131.0;110.0;108.0;236.0;177.0;128.0;124.0;120.0;136.0;;1;1;1;1;1;1;1;1;1;1;1;1;1;1;1;1;1;1;1;1;1;1;1;1;1;1;1;1;1;1;
60130000;1;11/1977;1;1;242.0;76.0;110.0;25;2;1;1;1;106.0;1;78.0;76.0;78.0;81.0;83.0;86.0;110.0;98.0;104.0;80.0;85.0;79.0;78.0;97.0;83.0;80.0;95.0;85.0;154.0;127.0;184.0;131.0;110.0;108.0;236.0;177.0;128.0;124.0;120.0;136.0;;1;1;1;1;1;1;1;1;1;1;1;1;1;1;1;1;1;1;1;1;1;1;1;1;1;1;1;1;1;1;0
60130000;2;12/1977;1;1;256.0;122.0;146.9677;2;18;1;1;1;0.0;0;172.0;256.0;200.0;164.0;150.0;140.0;140.0;144.0;142.0;140.0;140.0;140.0;140.0;139.0;136.0;130.0;125.0;122.0;126.0;135.0;130.0;134.0;145.0;179.0;161.0;148.0;145.0;140.0;137.0;130.0;126.0;1;1;1;1;1;1;1;1;1;1;1;1;1;1;1;1;1;1;1;1;1;1;1;1;1;1;1;1;1;1;1
60130000;1;12/1977;1;1;291.0;122.0;147.0;2;18;1;1;1;106.0;1;172.0;256.0;200.0;164.0;150.0;140.0;140.0;144.0;142.0;140.0;140.0;140.0;140.0;139.0;136.0;130.0;125.0;122.0;126.0;135.0;130.0;134.0;145.0;179.0;161.0;148.0;145.0;140.0;137.0;130.0;126.0;1;1;1;1;1;1;1;1;1;1;1;1;1;1;1;1;1;1;1;1;1;1;1;1;1;1;1;1;1;1;1
60130000;2;01/1978;1;1;343.0;125.0;178.3871;13;1;1;1;1;0.0;0;125.0;125.0;156.0;196.0;175.0;171.0;162.0;142.0;138.0;134.0;208.0;188.0;343.0;234.0;213.0;265.0;203.0;189.0;183.0;182.0;179.0;174.0;171.0;169.0;163.0;161.0;160.0;158.0;155.0;154.0;154.0;1;1;1;1;1;1;1;1;1;1;1;1;1;1;1;1;1;1;1;1;1;1;1;1;1;1;1;1;1;1;1
60130000;1;01/1978;1;1;350.0;125.0;178.0;13;1;1;1;1;132.0;1;125.0;125.0;156.0;196.0;175.0;171.0;162.0;142.0;138.0;134.0;208.0;188.0;343.0;234.0;213.0;265.0;203.0;189.0;183.0;182.0;179.0;174.0;171.0;169.0;163.0;161.0;160.0;158.0;155.0;154.0;154.0;1;1;1;1;1;1;1;1;1;1;1;1;1;1;1;1;1;1;1;1;1;1;1;1;1;1;1;1;1;1;1
60130000;2;02/1978;1;1;172.0;140.0;152.78571;17;20;1;1;1;0.0;0;150.0;148.0;148.0;147.0;146.0;145.0;162.0;153.0;152.0;151.0;150.0;149.0;147.0;154.0;170.0;146.0;172.0;152.0;142.0;140.0;140.0;148.0;169.0;168.0;144.0;150.0;167.0;168.0;;;;1;1;1;1;1;1;1;1;1;1;1;1;1;1;1;1;1;1;1;1;1;1;1;1;1;1;1;1;;;
60130000;1;02/1978;1;1;194.0;140.0;153.0;17;20;1;1;1;132.0;1;150.0;148.0;148.0;147.0;146.0;145.0;162.0;153.0;152.0;151.0;150.0;149.0;147.0;154.0;170.0;146.0;172.0;152.0;142.0;140.0;140.0;148.0;169.0;168.0;144.0;150.0;167.0;168.0;;;;1;1;1;1;1;1;1;1;1;1;1;1;1;1;1;1;1;1;1;1;1;1;1;1;1;1;1;1;0;0;0
60130000;2;03/1978;1;1;254.0;140.0;153.8065;4;19;1;1;1;0.0;0;144.0;144.0;148.0;254.0;204.0;162.0;158.0;180.0;169.0;166.0;154.0;149.0;146.0;144.0;144.0;142.0;142.0;142.0;140.0;140.0;140.0;140.0;140.0;140.0;140.0;140.0;140.0;153.0;160.0;147.0;156.0;1;1;1;1;1;1;1;1;1;1;1;1;1;1;1;1;1;1;1;1;1;1;1;1;1;1;1;1;1;1;1
60130000;1;03/1978;1;1;254.0;140.0;154.0;4;19;1;1;1;132.0;1;144.0;144.0;148.0;254.0;204.0;162.0;158.0;180.0;169.0;166.0;154.0;149.0;146.0;144.0;144.0;142.0;142.0;142.0;140.0;140.0;140.0;140.0;140.0;140.0;140.0;140.0;140.0;153.0;160.0;147.0;156.0;1;1;1;1;1;1;1;1;1;1;1;1;1;1;1;1;1;1;1;1;1;1;1;1;1;1;1;1;1;1;1
60130000;2;04/1978;1;1;174.0;136.0;145.9333;18;27;1;1;1;0.0;0;154.0;151.0;164.0;152.0;146.0;144.0;142.0;140.0;140.0;140.0;140.0;166.0;154.0;145.0;141.0;140.0;173.0;174.0;143.0;140.0;143.0;140.0;143.0;141.0;140.0;138.0;136.0;136.0;136.0;136.0;;1;1;1;1;1;1;1;1;1;1;1;1;1;1;1;1;1;1;1;1;1;1;1;1;1;1;1;1;1;1;
60130000;1;04/1978;1;1;202.0;136.0;146.0;18;27;1;1;1;132.0;1;154.0;151.0;164.0;152.0;146.0;144.0;142.0;140.0;140.0;140.0;140.0;166.0;154.0;145.0;141.0;140.0;173.0;174.0;143.0;140.0;143.0;140.0;143.0;141.0;140.0;138.0;136.0;136.0;136.0;136.0;;1;1;1;1;1;1;1;1;1;1;1;1;1;1;1;1;1;1;1;1;1;1;1;1;1;1;1;1;1;1;0
60130000;2;05/1978;1;1;147.0;126.0;132.0323;30;25;1;1;1;0.0;0;136.0;134.0;134.0;134.0;134.0;132.0;132.0;131.0;130.0;130.0;130.0;130.0;130.0;130.0;130.0;130.0;130.0;129.0;128.0;128.0;139.0;133.0;130.0;128.0;126.0;127.0;127.0;128.0;141.0;147.0;145.0;1;1;1;1;1;1;1;1;1;1;1;1;1;1;1;1;1;1;1;1;1;1;1;1;1;1;1;1;1;1;1
60130000;1;05/1978;1;1;160.0;126.0;132.0;30;25;1;1;1;132.0;1;136.0;134.0;134.0;134.0;134.0;132.0;132.0;131.0;130.0;130.0;130.0;130.0;130.0;130.0;130.0;130.0;130.0;129.0;128.0;128.0;139.0;133.0;130.0;128.0;126.0;127.0;127.0;128.0;141.0;147.0;145.0;1;1;1;1;1;1;1;1;1;1;1;1;1;1;1;1;1;1;1;1;1;1;1;1;1;1;1;1;1;1;1
60130000;2;06/1978;1;1;156.0;116.0;124.3333;9;27;1;1;1;0.0;0;131.0;130.0;130.0;130.0;128.0;126.0;126.0;126.0;156.0;127.0;126.0;126.0;126.0;125.0;125.0;124.0;123.0;122.0;122.0;121.0;120.0;120.0;120.0;120.0;118.0;118.0;116.0;116.0;116.0;116.0;;1;1;1;1;1;1;1;1;1;1;1;1;1;1;1;1;1;1;1;1;1;1;1;1;1;1;1;1;1;1;
60130000;1;06/1978;1;1;176.0;116.0;124.0;9;27;1;1;1;132.0;1;131.0;130.0;130.0;130.0;128.0;126.0;126.0;126.0;156.0;127.0;126.0;126.0;126.0;125.0;125.0;124.0;123.0;122.0;122.0;121.0;120.0;120.0;120.0;120.0;118.0;118.0;116.0;116.0;116.0;116.0;;1;1;1;1;1;1;1;1;1;1;1;1;1;1;1;1;1;1;1;1;1;1;1;1;1;1;1;1;1;1;0
60130000;2;07/1978;1;1;116.0;106.0;111.129;1;29;1;1;1;0.0;0;116.0;115.0;114.0;114.0;114.0;114.0;114.0;114.0;113.0;113.0;112.0;112.0;110.0;110.0;110.0;110.0;110.0;112.0;112.0;112.0;110.0;110.0;110.0;110.0;110.0;110.0;109.0;107.0;106.0;106.0;106.0;1;1;1;1;1;1;1;1;1;1;1;1;1;1;1;1;1;1;1;1;1;1;1;1;1;1;1;1;1;1;1
60130000;1;07/1978;1;1;116.0;106.0;111.0;1;29;1;1;1;132.0;1;116.0;115.0;114.0;114.0;114.0;114.0;114.0;114.0;113.0;113.0;112.0;112.0;110.0;110.0;110.0;110.0;110.0;112.0;112.0;112.0;110.0;110.0;110.0;110.0;110.0;110.0;109.0;107.0;106.0;106.0;106.0;1;1;1;1;1;1;1;1;1;1;1;1;1;1;1;1;1;1;1;1;1;1;1;1;1;1;1;1;1;1;1
60130000;2;08/1978;1;1;106.0;92.0;98.064499;1;30;1;1;1;0.0;0;106.0;105.0;105.0;104.0;104.0;104.0;104.0;103.0;102.0;102.0;98.0;96.0;96.0;96.0;96.0;96.0;96.0;96.0;96.0;96.0;96.0;96.0;96.0;96.0;96.0;94.0;94.0;94.0;93.0;92.0;92.0;1;1;1;1;1;1;1;1;1;1;1;1;1;1;1;1;1;1;1;1;1;1;1;1;1;1;1;1;1;1;1
60130000;1;08/1978;1;1;106.0;92.0;98.0;1;30;1;1;1;132.0;1;106.0;105.0;105.0;104.0;104.0;104.0;104.0;103.0;102.0;102.0;98.0;96.0;96.0;96.0;96.0;96.0;96.0;96.0;96.0;96.0;96.0;96.0;96.0;96.0;96.0;94.0;94.0;94.0;93.0;92.0;92.0;1;1;1;1;1;1;1;1;1;1;1;1;1;1;1;1;1;1;1;1;1;1;1;1;1;1;1;1;1;1;1
60130000;2;09/1978;1;1;118.0;87.0;95.033302;2;30;1;1;1;0.0;0;92.0;118.0;113.0;100.0;98.0;99.0;100.0;100.0;99.0;98.0;96.0;96.0;96.0;95.0;95.0;94.0;94.0;93.0;92.0;92.0;91.0;90.0;90.0;90.0;90.0;89.0;88.0;88.0;88.0;87.0;;1;1;1;1;1;1;1;1;1;1;1;1;1;1;1;1;1;1;1;1;1;1;1;1;1;1;1;1;1;1;
60130000;1;09/1978;1;1;120.0;87.0;95.0;2;30;1;1;1;132.0;1;92.0;118.0;113.0;100.0;98.0;99.0;100.0;100.0;99.0;98.0;96.0;96.0;96.0;95.0;95.0;94.0;94.0;93.0;92.0;92.0;91.0;90.0;90.0;90.0;90.0;89.0;88.0;88.0;88.0;87.0;;1;1;1;1;1;1;1;1;1;1;1;1;1;1;1;1;1;1;1;1;1;1;1;1;1;1;1;1;1;1;0
60130000;2;10/1978;1;1;138.0;84.0;97.806503;14;7;1;1;1;0.0;0;86.0;86.0;86.0;86.0;85.0;85.0;84.0;84.0;84.0;84.0;133.0;101.0;96.0;138.0;116.0;112.0;111.0;100.0;126.0;108.0;100.0;96.0;96.0;96.0;92.0;90.0;90.0;92.0;99.0;96.0;94.0;1;1;1;1;1;1;1;1;1;1;1;1;1;1;1;1;1;1;1;1;1;1;1;1;1;1;1;1;1;1;1
60130000;1;10/1978;1;1;150.0;84.0;98.0;14;7;1;1;1;132.0;1;86.0;86.0;86.0;86.0;85.0;85.0;84.0;84.0;84.0;84.0;133.0;101.0;96.0;138.0;116.0;112.0;111.0;100.0;126.0;108.0;100.0;96.0;96.0;96.0;92.0;90.0;90.0;92.0;99.0;96.0;94.0;1;1;1;1;1;1;1;1;1;1;1;1;1;1;1;1;1;1;1;1;1;1;1;1;1;1;1;1;1;1;1
60130000;2;11/1978;1;1;269.0;89.0;124.6;26;7;1;1;1;0.0;0;95.0;95.0;93.0;90.0;90.0;90.0;89.0;89.0;91.0;97.0;96.0;123.0;106.0;94.0;94.0;94.0;108.0;102.0;96.0;95.0;93.0;92.0;101.0;143.0;223.0;269.0;241.0;207.0;262.0;180.0;;1;1;1;1;1;1;1;1;1;1;1;1;1;1;1;1;1;1;1;1;1;1;1;1;1;1;1;1;1;1;
60130000;1;11/1978;1;1;318.0;89.0;125.0;26;7;1;1;1;132.0;1;95.0;95.0;93.0;90.0;90.0;90.0;89.0;89.0;91.0;97.0;96.0;123.0;106.0;94.0;94.0;94.0;108.0;102.0;96.0;95.0;93.0;92.0;101.0;143.0;223.0;269.0;241.0;207.0;262.0;180.0;;1;1;1;1;1;1;1;1;1;1;1;1;1;1;1;1;1;1;1;1;1;1;1;1;1;1;1;1;1;1;0
60130000;2;12/1978;1;1;336.0;125.0;176.0;14;6;1;1;1;0.0;0;143.0;130.0;142.0;136.0;130.0;125.0;136.0;136.0;129.0;128.0;134.0;250.0;325.0;336.0;271.0;234.0;270.0;186.0;164.0;166.0;165.0;165.0;163.0;164.0;164.0;162.0;162.0;161.0;161.0;160.0;158.0;1;1;1;1;1;1;1;1;1;1;1;1;1;1;1;1;1;1;1;1;1;1;1;1;1;1;1;1;1;1;1
60130000;1;12/1978;1;1;342.0;125.0;176.0;14;6;1;1;1;132.0;1;143.0;130.0;142.0;136.0;130.0;125.0;136.0;136.0;129.0;128.0;134.0;250.0;325.0;336.0;271.0;234.0;270.0;186.0;164.0;166.0;165.0;165.0;163.0;164.0;164.0;162.0;162.0;161.0;161.0;160.0;158.0;1;1;1;1;1;1;1;1;1;1;1;1;1;1;1;1;1;1;1;1;1;1;1;1;1;1;1;1;1;1;1
60130000;2;01/1979;1;1;373.0;148.0;225.0;31;6;1;1;1;0.0;0;154.0;154.0;152.0;152.0;150.0;148.0;152.0;161.0;164.0;175.0;183.0;202.0;284.0;225.0;179.0;175.0;177.0;179.0;239.0;277.0;313.0;292.0;307.0;262.0;234.0;200.0;324.0;346.0;296.0;346.0;373.0;1;1;1;1;1;1;1;1;1;1;1;1;1;1;1;1;1;1;1;1;1;1;1;1;1;1;1;1;1;1;1
60130000;1;01/1979;1;1;382.0;148.0;225.0;31;6;1;1;1;149.0;1;154.0;154.0;152.0;152.0;150.0;148.0;152.0;161.0;164.0;175.0;183.0;202.0;284.0;225.0;179.0;175.0;177.0;179.0;239.0;277.0;313.0;292.0;307.0;262.0;234.0;200.0;324.0;346.0;296.0;346.0;373.0;1;1;1;1;1;1;1;1;1;1;1;1;1;1;1;1;1;1;1;1;1;1;1;1;1;1;1;1;1;1;1
60130000;2;02/1979;1;1;377.0;199.0;299.35709;5;11;1;1;1;0.0;0;317.0;272.0;259.0;302.0;377.0;352.0;301.0;245.0;230.0;242.0;199.0;278.0;295.0;336.0;316.0;294.0;315.0;359.0;369.0;303.0;317.0;326.0;303.0;276.0;269.0;330.0;307.0;293.0;;;;1;1;1;1;1;1;1;1;1;1;1;1;1;1;1;1;1;1;1;1;1;1;1;1;1;1;1;1;;;
60130000;1;02/1979;1;1;391.0;199.0;299.0;5;11;1;1;1;149.0;1;317.0;272.0;259.0;302.0;377.0;352.0;301.0;245.0;230.0;242.0;199.0;278.0;295.0;336.0;316.0;294.0;315.0;359.0;369.0;303.0;317.0;326.0;303.0;276.0;269.0;330.0;307.0;293.0;;;;1;1;1;1;1;1;1;1;1;1;1;1;1;1;1;1;1;1;1;1;1;1;1;1;1;1;1;1;0;0;0
60130000;2;03/1979;1;1;245.0;150.0;179.5484;1;27;1;1;1;0.0;0;245.0;225.0;216.0;213.0;195.0;194.0;187.0;184.0;184.0;187.0;183.0;177.0;176.0;175.0;175.0;173.0;172.0;171.0;171.0;169.0;168.0;167.0;166.0;165.0;165.0;163.0;150.0;178.0;159.0;161.0;152.0;1;1;1;1;1;1;1;1;1;1;1;1;1;1;1;1;1;1;1;1;1;1;1;1;1;1;1;1;1;1;1
60130000;1;03/1979;1;1;251.0;150.0;180.0;1;27;1;1;1;149.0;1;245.0;225.0;216.0;213.0;195.0;194.0;187.0;184.0;184.0;187.0;183.0;177.0;176.0;175.0;175.0;173.0;172.0;171.0;171.0;169.0;168.0;167.0;166.0;165.0;165.0;163.0;150.0;178.0;159.0;161.0;152.0;1;1;1;1;1;1;1;1;1;1;1;1;1;1;1;1;1;1;1;1;1;1;1;1;1;1;1;1;1;1;1
60130000;2;04/1979;1;1;161.0;138.0;145.6667;3;30;1;1;1;0.0;0;151.0;153.0;161.0;151.0;150.0;148.0;150.0;149.0;145.0;148.0;147.0;147.0;146.0;146.0;146.0;145.0;145.0;145.0;145.0;144.0;143.0;143.0;142.0;142.0;141.0;140.0;140.0;140.0;139.0;138.0;;1;1;1;1;1;1;1;1;1;1;1;1;1;1;1;1;1;1;1;1;1;1;1;1;1;1;1;1;1;1;
60130000;1;04/1979;1;1;162.0;138.0;146.0;3;30;1;1;1;149.0;1;151.0;153.0;161.0;151.0;150.0;148.0;150.0;149.0;145.0;148.0;147.0;147.0;146.0;146.0;146.0;145.0;145.0;145.0;145.0;144.0;143.0;143.0;142.0;142.0;141.0;140.0;140.0;140.0;139.0;138.0;;1;1;1;1;1;1;1;1;1;1;1;1;1;1;1;1;1;1;1;1;1;1;1;1;1;1;1;1;1;1;0
60130000;2;05/1979;1;1;163.0;139.0;149.2581;31;1;1;1;1;0.0;0;139.0;140.0;142.0;154.0;161.0;159.0;159.0;158.0;158.0;156.0;156.0;155.0;154.0;154.0;151.0;150.0;149.0;148.0;148.0;147.0;146.0;146.0;145.0;144.0;143.0;142.0;141.0;140.0;140.0;139.0;163.0;1;1;1;1;1;1;1;1;1;1;1;1;1;1;1;1;1;1;1;1;1;1;1;1;1;1;1;1;1;1;1
60130000;1;05/1979;1;1;165.0;139.0;149.0;31;1;1;1;1;149.0;1;139.0;140.0;142.0;154.0;161.0;159.0;159.0;158.0;158.0;156.0;156.0;155.0;154.0;154.0;151.0;150.0;149.0;148.0;148.0;147.0;146.0;146.0;145.0;144.0;143.0;142.0;141.0;140.0;140.0;139.0;163.0;1;1;1;1;1;1;1;1;1;1;1;1;1;1;1;1;1;1;1;1;1;1;1;1;1;1;1;1;1;1;1
60130000;2;06/1979;1;1;148.0;129.0;136.8;1;29;1;1;1;0.0;0;148.0;145.0;144.0;144.0;143.0;142.0;142.0;141.0;141.0;140.0;139.0;138.0;137.0;137.0;136.0;135.0;135.0;135.0;135.0;134.0;133.0;133.0;132.0;132.0;132.0;131.0;131.0;131.0;129.0;129.0;;1;1;1;1;1;1;1;1;1;1;1;1;1;1;1;1;1;1;1;1;1;1;1;1;1;1;1;1;1;1;
60130000;1;06/1979;1;1;150.0;129.0;137.0;1;29;1;1;1;149.0;1;148.0;145.0;144.0;144.0;143.0;142.0;142.0;141.0;141.0;140.0;139.0;138.0;137.0;137.0;136.0;135.0;135.0;135.0;135.0;134.0;133.0;133.0;132.0;132.0;132.0;131.0;131.0;131.0;129.0;129.0;;1;1;1;1;1;1;1;1;1;1;1;1;1;1;1;1;1;1;1;1;1;1;1;1;1;1;1;1;1;1;0
60130000;2;07/1979;1;1;128.0;116.0;121.1935;1;30;1;1;1;0.0;0;128.0;128.0;128.0;127.0;127.0;126.0;126.0;126.0;125.0;123.0;122.0;121.0;121.0;120.0;120.0;120.0;119.0;122.0;120.0;119.0;119.0;118.0;118.0;117.0;117.0;117.0;117.0;117.0;117.0;116.0;116.0;1;1;1;1;1;1;1;1;1;1;1;1;1;1;1;1;1;1;1;1;1;1;1;1;1;1;1;1;1;1;1
60130000;1;07/1979;1;1;128.0;116.0;121.0;1;30;1;1;1;149.0;1;128.0;128.0;128.0;127.0;127.0;126.0;126.0;126.0;125.0;123.0;122.0;121.0;121.0;120.0;120.0;120.0;119.0;122.0;120.0;119.0;119.0;118.0;118.0;117.0;117.0;117.0;117.0;117.0;117.0;116.0;116.0;1;1;1;1;1;1;1;1;1;1;1;1;1;1;1;1;1;1;1;1;1;1;1;1;1;1;1;1;1;1;1
60130000;2;08/1979;1;1;116.0;104.0;111.9355;1;31;1;1;1;0.0;0;116.0;116.0;116.0;116.0;115.0;115.0;115.0;114.0;114.0;114.0;113.0;113.0;113.0;113.0;113.0;112.0;112.0;112.0;112.0;111.0;111.0;111.0;111.0;111.0;110.0;109.0;109.0;108.0;106.0;105.0;104.0;1;1;1;1;1;1;1;1;1;1;1;1;1;1;1;1;1;1;1;1;1;1;1;1;1;1;1;1;1;1;1
60130000;1;08/1979;1;1;116.0;104.0;112.0;1;31;1;1;1;149.0;1;116.0;116.0;116.0;116.0;115.0;115.0;115.0;114.0;114.0;114.0;113.0;113.0;113.0;113.0;113.0;112.0;112.0;112.0;112.0;111.0;111.0;111.0;111.0;111.0;110.0;109.0;109.0;108.0;106.0;105.0;104.0;1;1;1;1;1;1;1;1;1;1;1;1;1;1;1;1;1;1;1;1;1;1;1;1;1;1;1;1;1;1;1
60130000;2;09/1979;1;1;158.0;98.0;102.5667;23;14;1;1;1;0.0;0;102.0;101.0;100.0;102.0;102.0;101.0;100.0;100.0;100.0;100.0;100.0;100.0;100.0;98.0;98.0;98.0;98.0;104.0;104.0;102.0;103.0;104.0;158.0;107.0;101.0;100.0;100.0;98.0;98.0;98.0;;1;1;1;1;1;1;1;1;1;1;1;1;1;1;1;1;1;1;1;1;1;1;1;1;1;1;1;1;1;1;
60130000;1;09/1979;1;1;158.0;98.0;103.0;23;14;1;1;1;149.0;1;102.0;101.0;100.0;102.0;102.0;101.0;100.0;100.0;100.0;100.0;100.0;100.0;100.0;98.0;98.0;98.0;98.0;104.0;104.0;102.0;103.0;104.0;158.0;107.0;101.0;100.0;100.0;98.0;98.0;98.0;;1;1;1;1;1;1;1;1;1;1;1;1;1;1;1;1;1;1;1;1;1;1;1;1;1;1;1;1;1;1;0
60130000;2;10/1979;1;1;101.0;84.0;92.903198;3;26;1;1;1;0.0;0;98.0;98.0;101.0;98.0;96.0;96.0;96.0;96.0;100.0;98.0;92.0;92.0;93.0;94.0;100.0;99.0;98.0;97.0;93.0;92.0;90.0;90.0;88.0;88.0;86.0;84.0;84.0;85.0;86.0;86.0;86.0;1;1;1;1;1;1;1;1;1;1;1;1;1;1;1;1;1;1;1;1;1;1;1;1;1;1;1;1;1;1;1
60130000;1;10/1979;1;1;102.0;84.0;93.0;3;26;1;1;1;149.0;1;98.0;98.0;101.0;98.0;96.0;96.0;96.0;96.0;100.0;98.0;92.0;92.0;93.0;94.0;100.0;99.0;98.0;97.0;93.0;92.0;90.0;90.0;88.0;88.0;86.0;84.0;84.0;85.0;86.0;86.0;86.0;1;1;1;1;1;1;1;1;1;1;1;1;1;1;1;1;1;1;1;1;1;1;1;1;1;1;1;1;1;1;1
60130000;2;11/1979;1;1;131.0;86.0;104.1333;26;1;1;1;1;0.0;0;86.0;108.0;112.0;106.0;100.0;117.0;101.0;102.0;100.0;129.0;120.0;117.0;102.0;100.0;100.0;98.0;98.0;96.0;98.0;98.0;98.0;94.0;96.0;100.0;112.0;131.0;105.0;100.0;100.0;100.0;;1;1;1;1;1;1;1;1;1;1;1;1;1;1;1;1;1;1;1;1;1;1;1;1;1;1;1;1;1;1;
60130000;1;11/1979;1;1;142.0;86.0;104.0;26;1;1;1;1;149.0;1;86.0;108.0;112.0;106.0;100.0;117.0;101.0;102.0;100.0;129.0;120.0;117.0;102.0;100.0;100.0;98.0;98.0;96.0;98.0;98.0;98.0;94.0;96.0;100.0;112.0;131.0;105.0;100.0;100.0;100.0;;1;1;1;1;1;1;1;1;1;1;1;1;1;1;1;1;1;1;1;1;1;1;1;1;1;1;1;1;1;1;0
60130000;2;12/1979;1;1;183.0;96.0;117.4516;23;2;1;1;1;0.0;0;98.0;96.0;123.0;101.0;108.0;108.0;98.0;100.0;98.0;98.0;98.0;98.0;99.0;113.0;101.0;98.0;98.0;98.0;97.0;101.0;100.0;140.0;183.0;128.0;147.0;165.0;162.0;142.0;150.0;147.0;148.0;1;1;1;1;1;1;1;1;1;1;1;1;1;1;1;1;1;1;1;1;1;1;1;1;1;1;1;1;1;1;1
60130000;1;12/1979;1;1;183.0;96.0;117.0;23;2;1;1;1;149.0;1;98.0;96.0;123.0;101.0;108.0;108.0;98.0;100.0;98.0;98.0;98.0;98.0;99.0;113.0;101.0;98.0;98.0;98.0;97.0;101.0;100.0;140.0;183.0;128.0;147.0;165.0;162.0;142.0;150.0;147.0;148.0;1;1;1;1;1;1;1;1;1;1;1;1;1;1;1;1;1;1;1;1;1;1;1;1;1;1;1;1;1;1;1
60130000;2;01/1980;1;1;279.0;134.0;167.6129;18;8;1;1;1;0.0;0;230.0;152.0;144.0;139.0;138.0;137.0;135.0;134.0;216.0;153.0;141.0;151.0;144.0;140.0;137.0;138.0;226.0;279.0;185.0;178.0;173.0;208.0;156.0;153.0;184.0;173.0;175.0;167.0;158.0;190.0;162.0;1;1;1;1;1;1;1;1;1;1;1;1;1;1;1;1;1;1;1;1;1;1;1;1;1;1;1;1;1;1;1
60130000;1;01/1980;1;1;310.0;134.0;168.0;18;8;1;1;1;;0;230.0;152.0;144.0;139.0;138.0;137.0;135.0;134.0;216.0;153.0;141.0;151.0;144.0;140.0;137.0;138.0;226.0;279.0;185.0;178.0;173.0;208.0;156.0;153.0;184.0;173.0;175.0;167.0;158.0;190.0;162.0;1;1;1;1;1;1;1;1;1;1;1;1;1;1;1;1;1;1;1;1;1;1;1;1;1;1;1;1;1;1;1
60130000;2;02/1980;1;1;328.0;161.0;188.27589;18;12;1;1;1;0.0;0;235.0;194.0;167.0;166.0;304.0;179.0;204.0;202.0;170.0;164.0;164.0;161.0;166.0;195.0;174.0;165.0;161.0;328.0;213.0;186.0;176.0;173.0;170.0;167.0;166.0;166.0;175.0;200.0;169.0;;;1;1;1;1;1;1;1;1;1;1;1;1;1;1;1;1;1;1;1;1;1;1;1;1;1;1;1;1;1;;
60130000;1;02/1980;1;1;328.0;161.0;188.0;18;12;1;1;1;;0;235.0;194.0;167.0;166.0;304.0;179.0;204.0;202.0;170.0;164.0;164.0;161.0;166.0;195.0;174.0;165.0;161.0;328.0;213.0;186.0;176.0;173.0;170.0;167.0;166.0;166.0;175.0;200.0;169.0;;;1;1;1;1;1;1;1;1;1;1;1;1;1;1;1;1;1;1;1;1;1;1;1;1;1;1;1;1;1;0;0
60130000;2;03/1980;1;1;180.0;140.0;152.9355;14;29;1;1;1;0.0;0;166.0;159.0;159.0;160.0;160.0;159.0;155.0;153.0;154.0;152.0;152.0;152.0;178.0;180.0;170.0;156.0;154.0;150.0;150.0;148.0;148.0;146.0;146.0;144.0;144.0;142.0;142.0;142.0;140.0;140.0;140.0;1;1;1;1;1;1;1;1;1;1;1;1;1;1;1;1;1;1;1;1;1;1;1;1;1;1;1;1;1;1;1
60130000;1;03/1980;1;1;180.0;140.0;153.0;14;29;1;1;1;;0;166.0;159.0;159.0;160.0;160.0;159.0;155.0;153.0;154.0;152.0;152.0;152.0;178.0;180.0;170.0;156.0;154.0;150.0;150.0;148.0;148.0;146.0;146.0;144.0;144.0;142.0;142.0;142.0;140.0;140.0;140.0;1;1;1;1;1;1;1;1;1;1;1;1;1;1;1;1;1;1;1;1;1;1;1;1;1;1;1;1;1;1;1
60130000;2;04/1980;1;1;224.0;134.0;145.5;9;26;1;1;1;0.0;0;146.0;144.0;149.0;154.0;170.0;150.0;144.0;150.0;224.0;153.0;151.0;144.0;140.0;144.0;146.0;144.0;144.0;140.0;138.0;138.0;138.0;136.0;136.0;136.0;136.0;134.0;134.0;134.0;134.0;134.0;;1;1;1;1;1;1;1;1;1;1;1;1;1;1;1;1;1;1;1;1;1;1;1;1;1;1;1;1;1;1;
60130000;1;04/1980;1;1;272.0;134.0;145.0;9;26;1;1;1;;0;146.0;144.0;149.0;154.0;170.0;150.0;144.0;150.0;224.0;153.0;151.0;144.0;140.0;144.0;146.0;144.0;144.0;140.0;138.0;138.0;138.0;136.0;136.0;136.0;136.0;134.0;134.0;134.0;134.0;134.0;;1;1;1;1;1;1;1;1;1;1;1;1;1;1;1;1;1;1;1;1;1;1;1;1;1;1;1;1;1;1;0
60130000;2;05/1980;1;1;;;;;;0;0;0;0.0;0;132.0;133.0;158.0;156.0;154.0;132.0;132.0;138.0;134.0;134.0;134.0;134.0;;;;;;;;;;;;;;;;;;;;1;1;1;1;1;1;1;1;1;1;1;1;;;;;;;;;;;;;;;;;;;
60130000;1;05/1980;1;1;;;;;;0;0;0;;0;132.0;133.0;158.0;156.0;154.0;132.0;132.0;138.0;134.0;134.0;134.0;134.0;;;;;;;;;;;;;;;;;;;;1;1;1;1;1;1;1;1;1;1;1;1;0;0;0;0;0;0;0;0;0;0;0;0;0;0;0;0;0;0;0
60130000;2;06/1980;1;1;119.0;62.0;67.533302;28;24;2;2;2;0.0;0;68.0;68.0;66.0;66.0;66.0;66.0;66.0;66.0;66.0;65.0;65.0;65.0;65.0;65.0;65.0;65.0;65.0;65.0;65.0;63.0;63.0;63.0;63.0;62.0;63.0;63.0;68.0;119.0;83.0;68.0;;2;2;2;2;2;2;2;2;2;2;2;2;2;2;2;2;2;2;2;2;2;2;2;2;2;2;2;2;2;2;
60130000;2;07/1980;1;1;65.0;56.0;59.161301;1;27;2;2;2;0.0;0;65.0;63.0;63.0;62.0;62.0;62.0;62.0;60.0;60.0;60.0;60.0;60.0;60.0;59.0;59.0;59.0;59.0;59.0;59.0;59.0;57.0;57.0;57.0;57.0;57.0;57.0;56.0;56.0;56.0;56.0;56.0;2;2;2;2;2;2;2;2;2;2;2;2;2;2;2;2;2;2;2;2;2;2;2;2;2;2;2;2;2;2;2
60130000;2;08/1980;1;1;76.0;52.0;55.548401;15;26;2;2;2;0.0;0;56.0;56.0;56.0;56.0;56.0;55.0;55.0;55.0;55.0;55.0;55.0;55.0;55.0;57.0;76.0;65.0;57.0;56.0;55.0;55.0;55.0;55.0;53.0;53.0;53.0;52.0;52.0;52.0;52.0;52.0;52.0;2;2;2;2;2;2;2;2;2;2;2;2;2;2;2;2;2;2;2;2;2;2;2;2;2;2;2;2;2;2;2
60130000;2;09/1980;1;1;57.0;49.0;52.133301;23;16;2;2;2;0.0;0;52.0;52.0;52.0;51.0;51.0;51.0;51.0;51.0;51.0;51.0;51.0;51.0;51.0;51.0;51.0;49.0;49.0;49.0;51.0;52.0;53.0;56.0;57.0;56.0;55.0;55.0;55.0;53.0;53.0;53.0;;2;2;2;2;2;2;2;2;2;2;2;2;2;2;2;2;2;2;2;2;2;2;2;2;2;2;2;2;2;2;
60130000;2;10/1980;1;1;57.0;52.0;53.2258;10;19;2;2;2;0.0;0;53.0;53.0;53.0;53.0;53.0;53.0;53.0;55.0;55.0;57.0;57.0;56.0;56.0;55.0;53.0;53.0;53.0;53.0;52.0;52.0;52.0;52.0;52.0;52.0;52.0;52.0;52.0;52.0;52.0;52.0;52.0;2;2;2;2;2;2;2;2;2;2;2;2;2;2;2;2;2;2;2;2;2;2;2;2;2;2;2;2;2;2;2
60130000;2;11/1980;1;1;96.0;49.0;56.966702;11;16;2;2;2;0.0;0;55.0;55.0;53.0;53.0;55.0;55.0;56.0;59.0;69.0;63.0;96.0;74.0;65.0;57.0;55.0;49.0;49.0;52.0;52.0;53.0;51.0;49.0;51.0;53.0;55.0;56.0;59.0;55.0;52.0;53.0;;2;2;2;2;2;2;2;2;2;2;2;2;2;2;2;2;2;2;2;2;2;2;2;2;2;2;2;2;2;2;
60130000;2;12/1980;1;1;121.0;52.0;67.0;28;1;2;2;2;0.0;0;52.0;53.0;52.0;55.0;59.0;65.0;69.0;85.0;96.0;74.0;73.0;69.0;65.0;53.0;57.0;55.0;53.0;53.0;52.0;55.0;57.0;60.0;62.0;73.0;71.0;65.0;60.0;121.0;102.0;76.0;85.0;2;2;2;2;2;2;2;2;2;2;2;2;2;2;2;2;2;2;2;2;2;2;2;2;2;2;2;2;2;2;2
60130000;2;01/1981;1;1;191.0;69.0;92.806503;26;5;2;2;2;0.0;0;85.0;96.0;74.0;74.0;69.0;69.0;73.0;76.0;85.0;102.0;94.0;94.0;90.0;85.0;76.0;102.0;96.0;94.0;76.0;76.0;74.0;73.0;76.0;76.0;145.0;191.0;135.0;125.0;107.0;101.0;88.0;2;2;2;2;2;2;2;2;2;2;2;2;2;2;2;2;2;2;2;2;2;2;2;2;2;2;2;2;2;2;2
60130000;2;02/1981;1;1;113.0;84.0;93.75;7;21;2;2;2;0.0;0;95.0;107.0;88.0;97.0;99.0;103.0;113.0;109.0;104.0;101.0;103.0;97.0;92.0;88.0;88.0;88.0;87.0;87.0;87.0;85.0;84.0;88.0;88.0;91.0;92.0;88.0;88.0;88.0;;;;2;2;2;2;2;2;2;2;2;2;2;2;2;2;2;2;2;2;2;2;2;2;2;2;2;2;2;2;;;
60130000;2;03/1981;1;1;109.0;74.0;88.838699;8;15;2;2;2;0.0;0;88.0;88.0;88.0;88.0;87.0;87.0;95.0;109.0;107.0;107.0;101.0;88.0;87.0;75.0;74.0;74.0;79.0;87.0;88.0;85.0;103.0;103.0;100.0;97.0;88.0;85.0;84.0;83.0;79.0;75.0;75.0;2;2;2;2;2;2;2;2;2;2;2;2;2;2;2;2;2;2;2;2;2;2;2;2;2;2;2;2;2;2;2
60130000;2;04/1981;1;1;107.0;74.0;86.099998;30;16;2;2;2;0.0;0;75.0;85.0;83.0;88.0;88.0;85.0;87.0;97.0;101.0;100.0;97.0;95.0;88.0;87.0;78.0;74.0;85.0;87.0;87.0;84.0;83.0;81.0;81.0;80.0;80.0;80.0;80.0;79.0;81.0;107.0;;2;2;2;2;2;2;2;2;2;2;2;2;2;2;2;2;2;2;2;2;2;2;2;2;2;2;2;2;2;2;
60130000;2;05/1981;1;1;104.0;70.0;76.935501;1;29;2;2;2;0.0;0;104.0;91.0;85.0;83.0;83.0;80.0;80.0;78.0;78.0;76.0;76.0;76.0;78.0;75.0;75.0;75.0;75.0;75.0;74.0;74.0;74.0;74.0;73.0;73.0;73.0;71.0;71.0;71.0;70.0;71.0;73.0;2;2;2;2;2;2;2;2;2;2;2;2;2;2;2;2;2;2;2;2;2;2;2;2;2;2;2;2;2;2;2
60130000;2;06/1981;1;1;154.0;69.0;75.633301;8;18;2;2;2;0.0;0;74.0;71.0;71.0;71.0;71.0;73.0;83.0;154.0;100.0;76.0;74.0;75.0;74.0;74.0;74.0;73.0;71.0;69.0;73.0;73.0;71.0;70.0;71.0;69.0;69.0;69.0;69.0;69.0;69.0;69.0;;2;2;2;2;2;2;2;2;2;2;2;2;2;2;2;2;2;2;2;2;2;2;2;2;2;2;2;2;2;2;
60130000;2;07/1981;1;1;70.0;63.0;65.064499;6;24;2;2;2;0.0;0;69.0;67.0;67.0;67.0;67.0;70.0;67.0;66.0;65.0;65.0;65.0;66.0;66.0;65.0;65.0;65.0;64.0;64.0;64.0;64.0;64.0;64.0;64.0;63.0;63.0;64.0;64.0;64.0;63.0;63.0;63.0;2;2;2;2;2;2;2;2;2;2;2;2;2;2;2;2;2;2;2;2;2;2;2;2;2;2;2;2;2;2;2
60130000;2;08/1981;1;1;75.0;57.0;60.903198;19;31;2;2;2;0.0;0;63.0;63.0;63.0;63.0;63.0;63.0;61.0;61.0;60.0;60.0;60.0;60.0;60.0;60.0;59.0;59.0;59.0;63.0;75.0;67.0;63.0;61.0;59.0;58.0;58.0;58.0;58.0;58.0;58.0;58.0;57.0;2;2;2;2;2;2;2;2;2;2;2;2;2;2;2;2;2;2;2;2;2;2;2;2;2;2;2;2;2;2;2
60130000;2;09/1981;1;1;57.0;52.0;54.233299;1;21;2;2;2;0.0;0;57.0;57.0;57.0;57.0;57.0;57.0;57.0;56.0;56.0;54.0;54.0;54.0;54.0;54.0;53.0;53.0;53.0;53.0;53.0;53.0;52.0;52.0;52.0;52.0;52.0;52.0;52.0;52.0;56.0;56.0;;2;2;2;2;2;2;2;2;2;2;2;2;2;2;2;2;2;2;2;2;2;2;2;2;2;2;2;2;2;2;
60130000;2;10/1981;1;1;119.0;57.0;76.322601;12;1;2;2;2;0.0;0;57.0;58.0;62.0;77.0;87.0;86.0;82.0;79.0;73.0;71.0;92.0;119.0;97.0;86.0;82.0;86.0;95.0;92.0;82.0;72.0;70.0;69.0;65.0;64.0;63.0;62.0;69.0;66.0;66.0;70.0;67.0;2;2;2;2;2;2;2;2;2;2;2;2;2;2;2;2;2;2;2;2;2;2;2;2;2;2;2;2;2;2;2
60130000;2;11/1981;1;1;141.0;68.0;80.866699;12;1;2;2;2;0.0;0;68.0;69.0;69.0;71.0;76.0;81.0;78.0;82.0;79.0;86.0;105.0;141.0;117.0;95.0;87.0;84.0;79.0;77.0;72.0;72.0;75.0;72.0;74.0;75.0;71.0;74.0;72.0;81.0;73.0;71.0;;2;2;2;2;2;2;2;2;2;2;2;2;2;2;2;2;2;2;2;2;2;2;2;2;2;2;2;2;2;2;
60130000;2;12/1981;1;1;109.0;65.0;86.0;11;25;2;2;2;0.0;0;71.0;75.0;80.0;96.0;92.0;84.0;75.0;73.0;83.0;107.0;109.0;97.0;90.0;81.0;88.0;92.0;103.0;101.0;89.0;82.0;75.0;71.0;69.0;67.0;65.0;68.0;86.0;100.0;106.0;101.0;90.0;2;2;2;2;2;2;2;2;2;2;2;2;2;2;2;2;2;2;2;2;2;2;2;2;2;2;2;2;2;2;2
60130000;2;01/1982;1;1;245.0;83.0;142.4839;24;1;2;2;2;0.0;0;83.0;83.0;141.0;165.0;114.0;94.0;95.0;100.0;117.0;119.0;120.0;160.0;223.0;167.0;123.0;111.0;109.0;110.0;111.0;113.0;223.0;193.0;206.0;245.0;178.0;157.0;181.0;170.0;145.0;136.0;125.0;2;2;2;2;2;2;2;2;2;2;2;2;2;2;2;2;2;2;2;2;2;2;2;2;2;2;2;2;2;2;2
60130000;2;02/1982;1;1;160.0;81.0;103.5714;6;23;2;2;2;0.0;0;131.0;125.0;111.0;107.0;109.0;160.0;155.0;143.0;103.0;109.0;103.0;93.0;90.0;87.0;86.0;86.0;86.0;86.0;86.0;85.0;84.0;82.0;81.0;81.0;86.0;106.0;117.0;122.0;;;;2;2;2;2;2;2;2;2;2;2;2;2;2;2;2;2;2;2;2;2;2;2;2;2;2;2;2;2;;;
60130000;2;03/1982;1;1;261.0;110.0;148.0323;8;30;2;2;2;0.0;0;176.0;141.0;143.0;128.0;116.0;131.0;162.0;261.0;241.0;190.0;170.0;126.0;152.0;187.0;184.0;150.0;145.0;150.0;152.0;123.0;113.0;125.0;143.0;131.0;123.0;122.0;114.0;155.0;114.0;110.0;111.0;2;2;2;2;2;2;2;2;2;2;2;2;2;2;2;2;2;2;2;2;2;2;2;2;2;2;2;2;2;2;2
60130000;2;04/1982;1;1;170.0;86.0;108.9333;12;30;2;2;2;0.0;0;145.0;141.0;117.0;103.0;98.0;97.0;96.0;95.0;95.0;94.0;133.0;170.0;116.0;113.0;143.0;162.0;133.0;103.0;97.0;97.0;97.0;96.0;96.0;94.0;94.0;92.0;89.0;88.0;88.0;86.0;;2;2;2;2;2;2;2;2;2;2;2;2;2;2;2;2;2;2;2;2;2;2;2;2;2;2;2;2;2;2;
60130000;2;05/1982;1;1;113.0;84.0;91.709702;26;17;2;2;2;0.0;0;103.0;109.0;101.0;95.0;89.0;87.0;86.0;86.0;86.0;86.0;86.0;86.0;86.0;85.0;85.0;85.0;84.0;84.0;85.0;90.0;100.0;95.0;94.0;97.0;100.0;113.0;106.0;97.0;86.0;86.0;85.0;2;2;2;2;2;2;2;2;2;2;2;2;2;2;2;2;2;2;2;2;2;2;2;2;2;2;2;2;2;2;2
60130000;2;06/1982;1;1;96.0;78.0;81.766701;6;23;2;2;2;0.0;0;85.0;84.0;84.0;85.0;92.0;96.0;93.0;87.0;84.0;82.0;82.0;80.0;80.0;79.0;79.0;79.0;79.0;79.0;79.0;79.0;79.0;79.0;78.0;78.0;78.0;78.0;79.0;79.0;79.0;79.0;;2;2;2;2;2;2;2;2;2;2;2;2;2;2;2;2;2;2;2;2;2;2;2;2;2;2;2;2;2;2;
60130000;2;07/1982;1;1;;;;;;0;0;0;0.0;0;;;;;;;;;;;77.0;78.0;77.0;78.0;76.0;76.0;76.0;76.0;76.0;78.0;78.0;77.0;77.0;76.0;76.0;75.0;75.0;75.0;74.0;74.0;73.0;;;;;;;;;;;1;1;1;1;1;1;1;1;1;1;1;1;1;1;1;1;1;1;1;1;1
60130000;1;07/1982;1;1;78.0;;;12;;1;0;0;;0;;;;;;;;;;;77.0;78.0;77.0;78.0;76.0;76.0;76.0;76.0;76.0;78.0;78.0;77.0;77.0;76.0;76.0;75.0;75.0;75.0;74.0;74.0;73.0;0;0;0;0;0;0;0;0;0;0;1;1;1;1;1;1;1;1;1;1;1;1;1;1;1;1;1;1;1;1;1
60130000;2;08/1982;1;1;74.0;67.0;70.3871;1;25;1;1;1;0.0;0;74.0;73.0;73.0;73.0;73.0;73.0;73.0;73.0;73.0;73.0;72.0;72.0;72.0;71.0;71.0;70.0;70.0;70.0;70.0;69.0;69.0;68.0;68.0;68.0;67.0;67.0;67.0;68.0;68.0;67.0;67.0;1;1;1;1;1;1;1;1;1;1;1;1;1;1;1;1;1;1;1;1;1;1;1;1;1;1;1;1;1;1;1
60130000;1;08/1982;1;1;74.0;67.0;70.0;1;25;1;1;1;;0;74.0;73.0;73.0;73.0;73.0;73.0;73.0;73.0;73.0;73.0;72.0;72.0;72.0;71.0;71.0;70.0;70.0;70.0;70.0;69.0;69.0;68.0;68.0;68.0;67.0;67.0;67.0;68.0;68.0;67.0;67.0;1;1;1;1;1;1;1;1;1;1;1;1;1;1;1;1;1;1;1;1;1;1;1;1;1;1;1;1;1;1;1
60130000;2;09/1982;1;1;74.0;62.0;65.966698;23;18;1;1;1;0.0;0;67.0;67.0;66.0;66.0;66.0;66.0;66.0;66.0;65.0;65.0;64.0;64.0;64.0;64.0;64.0;64.0;63.0;62.0;62.0;64.0;64.0;65.0;74.0;70.0;68.0;67.0;69.0;70.0;69.0;68.0;;1;1;1;1;1;1;1;1;1;1;1;1;1;1;1;1;1;1;1;1;1;1;1;1;1;1;1;1;1;1;
60130000;1;09/1982;1;1;74.0;62.0;66.0;23;18;1;1;1;;0;67.0;67.0;66.0;66.0;66.0;66.0;66.0;66.0;65.0;65.0;64.0;64.0;64.0;64.0;64.0;64.0;63.0;62.0;62.0;64.0;64.0;65.0;74.0;70.0;68.0;67.0;69.0;70.0;69.0;68.0;;1;1;1;1;1;1;1;1;1;1;1;1;1;1;1;1;1;1;1;1;1;1;1;1;1;1;1;1;1;1;0
60130000;2;10/1982;1;1;101.0;60.0;66.419403;29;24;1;1;1;0.0;0;67.0;68.0;85.0;70.0;68.0;68.0;66.0;66.0;65.0;65.0;64.0;64.0;63.0;63.0;63.0;63.0;61.0;62.0;62.0;62.0;62.0;61.0;61.0;60.0;60.0;60.0;61.0;69.0;101.0;83.0;66.0;1;1;1;1;1;1;1;1;1;1;1;1;1;1;1;1;1;1;1;1;1;1;1;1;1;1;1;1;1;1;1
60130000;1;10/1982;1;1;102.0;60.0;66.0;29;24;1;1;1;;0;67.0;68.0;85.0;70.0;68.0;68.0;66.0;66.0;65.0;65.0;64.0;64.0;63.0;63.0;63.0;63.0;61.0;62.0;62.0;62.0;62.0;61.0;61.0;60.0;60.0;60.0;61.0;69.0;101.0;83.0;66.0;1;1;1;1;1;1;1;1;1;1;1;1;1;1;1;1;1;1;1;1;1;1;1;1;1;1;1;1;1;1;1
60130000;2;11/1982;1;1;89.0;56.0;61.633301;11;26;1;1;1;0.0;0;64.0;62.0;61.0;60.0;59.0;59.0;62.0;60.0;60.0;67.0;89.0;73.0;63.0;62.0;68.0;63.0;62.0;61.0;61.0;60.0;60.0;59.0;59.0;58.0;57.0;56.0;56.0;56.0;56.0;56.0;;1;1;1;1;1;1;1;1;1;1;1;1;1;1;1;1;1;1;1;1;1;1;1;1;1;1;1;1;1;1;
60130000;1;11/1982;1;1;98.0;56.0;62.0;11;26;1;1;1;;0;64.0;62.0;61.0;60.0;59.0;59.0;62.0;60.0;60.0;67.0;89.0;73.0;63.0;62.0;68.0;63.0;62.0;61.0;61.0;60.0;60.0;59.0;59.0;58.0;57.0;56.0;56.0;56.0;56.0;56.0;;1;1;1;1;1;1;1;1;1;1;1;1;1;1;1;1;1;1;1;1;1;1;1;1;1;1;1;1;1;1;0
60130000;2;12/1982;1;1;169.0;56.0;76.354797;10;1;1;1;1;0.0;0;56.0;60.0;67.0;68.0;65.0;60.0;63.0;91.0;74.0;169.0;75.0;73.0;67.0;66.0;65.0;64.0;63.0;63.0;65.0;65.0;67.0;66.0;66.0;157.0;98.0;77.0;74.0;75.0;73.0;77.0;98.0;1;1;1;1;1;1;1;1;1;1;1;1;1;1;1;1;1;1;1;1;1;1;1;1;1;1;1;1;1;1;1
60130000;1;12/1982;1;1;230.0;56.0;76.0;10;1;1;1;1;;0;56.0;60.0;67.0;68.0;65.0;60.0;63.0;91.0;74.0;169.0;75.0;73.0;67.0;66.0;65.0;64.0;63.0;63.0;65.0;65.0;67.0;66.0;66.0;157.0;98.0;77.0;74.0;75.0;73.0;77.0;98.0;1;1;1;1;1;1;1;1;1;1;1;1;1;1;1;1;1;1;1;1;1;1;1;1;1;1;1;1;1;1;1
60130000;2;01/1983;1;1;269.0;76.0;162.5484;27;4;1;1;1;0.0;0;94.0;83.0;77.0;76.0;169.0;188.0;122.0;112.0;112.0;93.0;114.0;105.0;215.0;201.0;114.0;115.0;132.0;186.0;246.0;219.0;205.0;205.0;190.0;215.0;199.0;219.0;269.0;257.0;190.0;160.0;157.0;1;1;1;1;1;1;1;1;1;1;1;1;1;1;1;1;1;1;1;1;1;1;1;1;1;1;1;1;1;1;1
60130000;1;01/1983;1;1;300.0;76.0;163.0;27;4;1;1;1;119.0;1;94.0;83.0;77.0;76.0;169.0;188.0;122.0;112.0;112.0;93.0;114.0;105.0;215.0;201.0;114.0;115.0;132.0;186.0;246.0;219.0;205.0;205.0;190.0;215.0;199.0;219.0;269.0;257.0;190.0;160.0;157.0;1;1;1;1;1;1;1;1;1;1;1;1;1;1;1;1;1;1;1;1;1;1;1;1;1;1;1;1;1;1;1
60130000;2;02/1983;1;1;300.0;160.0;221.25;2;26;1;1;1;0.0;0;245.0;300.0;300.0;300.0;261.0;220.0;200.0;190.0;217.0;265.0;300.0;280.0;265.0;250.0;268.0;245.0;195.0;180.0;180.0;178.0;175.0;174.0;173.0;172.0;168.0;160.0;173.0;161.0;;;;1;1;1;1;1;1;1;1;1;1;1;1;1;1;1;1;1;1;1;1;1;1;1;1;1;1;1;1;;;
60130000;1;02/1983;1;1;300.0;160.0;221.0;2;26;1;1;1;119.0;1;245.0;300.0;300.0;300.0;261.0;220.0;200.0;190.0;217.0;265.0;300.0;280.0;265.0;250.0;268.0;245.0;195.0;180.0;180.0;178.0;175.0;174.0;173.0;172.0;168.0;160.0;173.0;161.0;;;;1;1;1;1;1;1;1;1;1;1;1;1;1;1;1;1;1;1;1;1;1;1;1;1;1;1;1;1;0;0;0
60130000;2;03/1983;1;1;240.0;137.0;162.2258;28;20;1;1;1;0.0;0;175.0;163.0;170.0;180.0;175.0;210.0;215.0;175.0;155.0;147.0;148.0;143.0;141.0;140.0;140.0;140.0;140.0;139.0;138.0;137.0;155.0;175.0;150.0;150.0;160.0;160.0;180.0;240.0;175.0;160.0;153.0;1;1;1;1;1;1;1;1;1;1;1;1;1;1;1;1;1;1;1;1;1;1;1;1;1;1;1;1;1;1;1
60130000;1;03/1983;1;1;250.0;137.0;162.0;28;20;1;1;1;119.0;1;175.0;163.0;170.0;180.0;175.0;210.0;215.0;175.0;155.0;147.0;148.0;143.0;141.0;140.0;140.0;140.0;140.0;139.0;138.0;137.0;155.0;175.0;150.0;150.0;160.0;160.0;180.0;240.0;175.0;160.0;153.0;1;1;1;1;1;1;1;1;1;1;1;1;1;1;1;1;1;1;1;1;1;1;1;1;1;1;1;1;1;1;1
60130000;2;04/1983;1;1;210.0;130.0;142.2;7;22;1;1;1;0.0;0;145.0;143.0;140.0;138.0;136.0;136.0;210.0;161.0;140.0;140.0;140.0;139.0;139.0;138.0;138.0;137.0;137.0;136.0;134.0;132.0;131.0;130.0;130.0;130.0;138.0;135.0;179.0;150.0;145.0;139.0;;1;1;1;1;1;1;1;1;1;1;1;1;1;1;1;1;1;1;1;1;1;1;1;1;1;1;1;1;1;1;
60130000;1;04/1983;1;1;240.0;130.0;142.0;7;22;1;1;1;119.0;1;145.0;143.0;140.0;138.0;136.0;136.0;210.0;161.0;140.0;140.0;140.0;139.0;139.0;138.0;138.0;137.0;137.0;136.0;134.0;132.0;131.0;130.0;130.0;130.0;138.0;135.0;179.0;150.0;145.0;139.0;;1;1;1;1;1;1;1;1;1;1;1;1;1;1;1;1;1;1;1;1;1;1;1;1;1;1;1;1;1;1;0
60130000;2;05/1983;1;1;135.0;103.0;116.0;1;21;1;1;1;0.0;0;135.0;133.0;133.0;132.0;132.0;131.0;131.0;130.0;128.0;126.0;124.0;121.0;114.0;109.0;108.0;107.0;106.0;105.0;104.0;104.0;103.0;103.0;103.0;125.0;110.0;106.0;104.0;104.0;113.0;107.0;105.0;1;1;1;1;1;1;1;1;1;1;1;1;1;1;1;1;1;1;1;1;1;1;1;1;1;1;1;1;1;1;1
60130000;1;05/1983;1;1;135.0;103.0;116.0;1;21;1;1;1;119.0;1;135.0;133.0;133.0;132.0;132.0;131.0;131.0;130.0;128.0;126.0;124.0;121.0;114.0;109.0;108.0;107.0;106.0;105.0;104.0;104.0;103.0;103.0;103.0;125.0;110.0;106.0;104.0;104.0;113.0;107.0;105.0;1;1;1;1;1;1;1;1;1;1;1;1;1;1;1;1;1;1;1;1;1;1;1;1;1;1;1;1;1;1;1
60130000;2;06/1983;1;1;122.0;87.0;96.433296;4;29;1;1;1;0.0;0;104.0;103.0;103.0;122.0;118.0;108.0;102.0;100.0;98.0;97.0;96.0;96.0;96.0;95.0;95.0;95.0;94.0;94.0;93.0;93.0;92.0;91.0;90.0;90.0;89.0;89.0;88.0;88.0;87.0;87.0;;1;1;1;1;1;1;1;1;1;1;1;1;1;1;1;1;1;1;1;1;1;1;1;1;1;1;1;1;1;1;
60130000;1;06/1983;1;1;123.0;87.0;96.0;4;29;1;1;1;119.0;1;104.0;103.0;103.0;122.0;118.0;108.0;102.0;100.0;98.0;97.0;96.0;96.0;96.0;95.0;95.0;95.0;94.0;94.0;93.0;93.0;92.0;91.0;90.0;90.0;89.0;89.0;88.0;88.0;87.0;87.0;;1;1;1;1;1;1;1;1;1;1;1;1;1;1;1;1;1;1;1;1;1;1;1;1;1;1;1;1;1;1;0
60130000;2;07/1983;1;1;87.0;82.0;83.548401;1;15;1;1;1;0.0;0;87.0;86.0;86.0;86.0;86.0;85.0;85.0;85.0;85.0;84.0;84.0;83.0;83.0;83.0;82.0;82.0;82.0;82.0;82.0;82.0;86.0;85.0;83.0;82.0;82.0;82.0;82.0;82.0;82.0;82.0;82.0;1;1;1;1;1;1;1;1;1;1;1;1;1;1;1;1;1;1;1;1;1;1;1;1;1;1;1;1;1;1;1
60130000;1;07/1983;1;1;90.0;82.0;84.0;1;15;1;1;1;119.0;1;87.0;86.0;86.0;86.0;86.0;85.0;85.0;85.0;85.0;84.0;84.0;83.0;83.0;83.0;82.0;82.0;82.0;82.0;82.0;82.0;86.0;85.0;83.0;82.0;82.0;82.0;82.0;82.0;82.0;82.0;82.0;1;1;1;1;1;1;1;1;1;1;1;1;1;1;1;1;1;1;1;1;1;1;1;1;1;1;1;1;1;1;1
60130000;2;08/1983;1;1;81.0;73.0;76.645203;1;30;1;1;1;0.0;0;81.0;81.0;80.0;80.0;79.0;79.0;79.0;78.0;78.0;78.0;78.0;77.0;77.0;77.0;77.0;76.0;76.0;76.0;76.0;76.0;75.0;75.0;75.0;75.0;75.0;74.0;74.0;74.0;74.0;73.0;73.0;1;1;1;1;1;1;1;1;1;1;1;1;1;1;1;1;1;1;1;1;1;1;1;1;1;1;1;1;1;1;1
60130000;1;08/1983;1;1;81.0;73.0;77.0;1;30;1;1;1;119.0;1;81.0;81.0;80.0;80.0;79.0;79.0;79.0;78.0;78.0;78.0;78.0;77.0;77.0;77.0;77.0;76.0;76.0;76.0;76.0;76.0;75.0;75.0;75.0;75.0;75.0;74.0;74.0;74.0;74.0;73.0;73.0;1;1;1;1;1;1;1;1;1;1;1;1;1;1;1;1;1;1;1;1;1;1;1;1;1;1;1;1;1;1;1
60130000;2;09/1983;1;1;105.0;70.0;73.066704;22;29;1;1;1;0.0;0;73.0;73.0;73.0;72.0;72.0;72.0;72.0;72.0;72.0;72.0;72.0;72.0;72.0;72.0;72.0;72.0;72.0;72.0;72.0;72.0;72.0;105.0;73.0;71.0;74.0;72.0;71.0;71.0;70.0;70.0;;1;1;1;1;1;1;1;1;1;1;1;1;1;1;1;1;1;1;1;1;1;1;1;1;1;1;1;1;1;1;
60130000;1;09/1983;1;1;120.0;70.0;73.0;22;29;1;1;1;119.0;1;73.0;73.0;73.0;72.0;72.0;72.0;72.0;72.0;72.0;72.0;72.0;72.0;72.0;72.0;72.0;72.0;72.0;72.0;72.0;72.0;72.0;105.0;73.0;71.0;74.0;72.0;71.0;71.0;70.0;70.0;;1;1;1;1;1;1;1;1;1;1;1;1;1;1;1;1;1;1;1;1;1;1;1;1;1;1;1;1;1;1;0
60130000;2;10/1983;1;1;227.0;69.0;83.741898;14;2;1;1;1;0.0;0;70.0;69.0;69.0;70.0;70.0;70.0;70.0;70.0;69.0;69.0;69.0;140.0;160.0;227.0;90.0;80.0;75.0;88.0;76.0;75.0;79.0;76.0;77.0;76.0;76.0;76.0;70.0;74.0;72.0;72.0;72.0;1;1;1;1;1;1;1;1;1;1;1;1;1;1;1;1;1;1;1;1;1;1;1;1;1;1;1;1;1;1;1
60130000;1;10/1983;1;1;230.0;69.0;84.0;14;2;1;1;1;119.0;1;70.0;69.0;69.0;70.0;70.0;70.0;70.0;70.0;69.0;69.0;69.0;140.0;160.0;227.0;90.0;80.0;75.0;88.0;76.0;75.0;79.0;76.0;77.0;76.0;76.0;76.0;70.0;74.0;72.0;72.0;72.0;1;1;1;1;1;1;1;1;1;1;1;1;1;1;1;1;1;1;1;1;1;1;1;1;1;1;1;1;1;1;1
60130000;2;11/1983;1;1;199.0;70.0;92.400002;11;7;1;1;1;0.0;0;72.0;74.0;74.0;72.0;72.0;72.0;70.0;70.0;76.0;84.0;199.0;122.0;98.0;93.0;92.0;87.0;86.0;85.0;93.0;154.0;95.0;95.0;93.0;90.0;92.0;90.0;90.0;91.0;101.0;90.0;;1;1;1;1;1;1;1;1;1;1;1;1;1;1;1;1;1;1;1;1;1;1;1;1;1;1;1;1;1;1;
60130000;1;11/1983;1;1;200.0;70.0;92.0;11;7;1;1;1;119.0;1;72.0;74.0;74.0;72.0;72.0;72.0;70.0;70.0;76.0;84.0;199.0;122.0;98.0;93.0;92.0;87.0;86.0;85.0;93.0;154.0;95.0;95.0;93.0;90.0;92.0;90.0;90.0;91.0;101.0;90.0;;1;1;1;1;1;1;1;1;1;1;1;1;1;1;1;1;1;1;1;1;1;1;1;1;1;1;1;1;1;1;0
60130000;2;12/1983;1;1;233.0;95.0;115.1935;24;1;1;1;1;0.0;0;95.0;187.0;141.0;115.0;106.0;112.0;114.0;107.0;101.0;100.0;104.0;100.0;104.0;101.0;129.0;110.0;106.0;99.0;101.0;97.0;95.0;103.0;95.0;233.0;139.0;118.0;107.0;105.0;108.0;111.0;128.0;1;1;1;1;1;1;1;1;1;1;1;1;1;1;1;1;1;1;1;1;1;1;1;1;1;1;1;1;1;1;1
60130000;1;12/1983;1;1;302.0;95.0;115.0;24;1;1;1;1;119.0;1;95.0;187.0;141.0;115.0;106.0;112.0;114.0;107.0;101.0;100.0;104.0;100.0;104.0;101.0;129.0;110.0;106.0;99.0;101.0;97.0;95.0;103.0;95.0;233.0;139.0;118.0;107.0;105.0;108.0;111.0;128.0;1;1;1;1;1;1;1;1;1;1;1;1;1;1;1;1;1;1;1;1;1;1;1;1;1;1;1;1;1;1;1
60130000;2;01/1984;1;1;123.0;86.0;93.741898;1;18;1;1;1;0.0;0;123.0;102.0;100.0;97.0;95.0;94.0;94.0;104.0;104.0;96.0;91.0;90.0;90.0;90.0;88.0;88.0;88.0;86.0;86.0;88.0;92.0;91.0;89.0;109.0;91.0;92.0;91.0;91.0;90.0;88.0;88.0;1;1;1;1;1;1;1;1;1;1;1;1;1;1;1;1;1;1;1;1;1;1;1;1;1;1;1;1;1;1;1
60130000;1;01/1984;1;1;126.0;86.0;94.0;1;18;1;1;1;65.0;1;123.0;102.0;100.0;97.0;95.0;94.0;94.0;104.0;104.0;96.0;91.0;90.0;90.0;90.0;88.0;88.0;88.0;86.0;86.0;88.0;92.0;91.0;89.0;109.0;91.0;92.0;91.0;91.0;90.0;88.0;88.0;1;1;1;1;1;1;1;1;1;1;1;1;1;1;1;1;1;1;1;1;1;1;1;1;1;1;1;1;1;1;1
60130000;2;02/1984;1;1;102.0;78.0;83.655197;7;29;1;1;1;0.0;0;86.0;85.0;84.0;84.0;84.0;85.0;102.0;88.0;85.0;84.0;88.0;88.0;85.0;82.0;82.0;84.0;82.0;80.0;80.0;80.0;80.0;80.0;84.0;83.0;80.0;82.0;81.0;80.0;78.0;;;1;1;1;1;1;1;1;1;1;1;1;1;1;1;1;1;1;1;1;1;1;1;1;1;1;1;1;1;1;;
60130000;1;02/1984;1;1;112.0;78.0;84.0;7;29;1;1;1;65.0;1;86.0;85.0;84.0;84.0;84.0;85.0;102.0;88.0;85.0;84.0;88.0;88.0;85.0;82.0;82.0;84.0;82.0;80.0;80.0;80.0;80.0;80.0;84.0;83.0;80.0;82.0;81.0;80.0;78.0;;;1;1;1;1;1;1;1;1;1;1;1;1;1;1;1;1;1;1;1;1;1;1;1;1;1;1;1;1;1;0;0
60130000;2;03/1984;1;1;92.0;76.0;80.871002;14;18;1;1;1;0.0;0;78.0;78.0;78.0;80.0;78.0;78.0;78.0;78.0;88.0;84.0;78.0;78.0;84.0;92.0;86.0;80.0;78.0;76.0;76.0;76.0;78.0;78.0;78.0;82.0;80.0;79.0;78.0;90.0;89.0;87.0;86.0;1;1;1;1;1;1;1;1;1;1;1;1;1;1;1;1;1;1;1;1;1;1;1;1;1;1;1;1;1;1;1
60130000;1;03/1984;1;1;92.0;76.0;81.0;14;18;1;1;1;65.0;1;78.0;78.0;78.0;80.0;78.0;78.0;78.0;78.0;88.0;84.0;78.0;78.0;84.0;92.0;86.0;80.0;78.0;76.0;76.0;76.0;78.0;78.0;78.0;82.0;80.0;79.0;78.0;90.0;89.0;87.0;86.0;1;1;1;1;1;1;1;1;1;1;1;1;1;1;1;1;1;1;1;1;1;1;1;1;1;1;1;1;1;1;1
60130000;2;04/1984;1;1;92.0;70.0;74.866699;2;16;1;1;1;0.0;0;88.0;92.0;88.0;80.0;80.0;78.0;78.0;78.0;76.0;76.0;76.0;78.0;71.0;72.0;71.0;70.0;70.0;70.0;71.0;70.0;70.0;70.0;70.0;70.0;72.0;81.0;70.0;70.0;70.0;70.0;;1;1;1;1;1;1;1;1;1;1;1;1;1;1;1;1;1;1;1;1;1;1;1;1;1;1;1;1;1;1;
60130000;1;04/1984;1;1;92.0;70.0;75.0;2;16;1;1;1;65.0;1;88.0;92.0;88.0;80.0;80.0;78.0;78.0;78.0;76.0;76.0;76.0;78.0;71.0;72.0;71.0;70.0;70.0;70.0;71.0;70.0;70.0;70.0;70.0;70.0;72.0;81.0;70.0;70.0;70.0;70.0;;1;1;1;1;1;1;1;1;1;1;1;1;1;1;1;1;1;1;1;1;1;1;1;1;1;1;1;1;1;1;0
60130000;2;05/1984;1;1;79.0;62.0;66.258102;18;25;1;1;1;0.0;0;70.0;70.0;70.0;70.0;70.0;68.0;66.0;66.0;66.0;66.0;66.0;66.0;66.0;66.0;66.0;66.0;66.0;79.0;67.0;66.0;66.0;66.0;66.0;66.0;62.0;62.0;62.0;62.0;62.0;62.0;62.0;1;1;1;1;1;1;1;1;1;1;1;1;1;1;1;1;1;1;1;1;1;1;1;1;1;1;1;1;1;1;1
60130000;1;05/1984;1;1;80.0;62.0;66.0;18;25;1;1;1;65.0;1;70.0;70.0;70.0;70.0;70.0;68.0;66.0;66.0;66.0;66.0;66.0;66.0;66.0;66.0;66.0;66.0;66.0;79.0;67.0;66.0;66.0;66.0;66.0;66.0;62.0;62.0;62.0;62.0;62.0;62.0;62.0;1;1;1;1;1;1;1;1;1;1;1;1;1;1;1;1;1;1;1;1;1;1;1;1;1;1;1;1;1;1;1
60130000;2;06/1984;1;1;60.0;56.0;58.9333;1;29;1;1;1;0.0;0;60.0;60.0;60.0;60.0;60.0;60.0;60.0;60.0;60.0;60.0;60.0;60.0;60.0;60.0;60.0;60.0;59.0;58.0;58.0;58.0;58.0;58.0;58.0;58.0;58.0;58.0;58.0;57.0;56.0;56.0;;1;1;1;1;1;1;1;1;1;1;1;1;1;1;1;1;1;1;1;1;1;1;1;1;1;1;1;1;1;1;
60130000;1;06/1984;1;1;60.0;56.0;59.0;1;29;1;1;1;65.0;1;60.0;60.0;60.0;60.0;60.0;60.0;60.0;60.0;60.0;60.0;60.0;60.0;60.0;60.0;60.0;60.0;59.0;58.0;58.0;58.0;58.0;58.0;58.0;58.0;58.0;58.0;58.0;57.0;56.0;56.0;;1;1;1;1;1;1;1;1;1;1;1;1;1;1;1;1;1;1;1;1;1;1;1;1;1;1;1;1;1;1;0
60130000;2;07/1984;1;1;56.0;52.0;53.548401;1;19;1;1;1;0.0;0;56.0;56.0;56.0;56.0;56.0;56.0;54.0;54.0;54.0;54.0;54.0;54.0;54.0;54.0;54.0;54.0;54.0;53.0;52.0;52.0;52.0;52.0;52.0;52.0;52.0;52.0;52.0;52.0;53.0;52.0;52.0;1;1;1;1;1;1;1;1;1;1;1;1;1;1;1;1;1;1;1;1;1;1;1;1;1;1;1;1;1;1;1
60130000;1;07/1984;1;1;56.0;52.0;54.0;1;19;1;1;1;65.0;1;56.0;56.0;56.0;56.0;56.0;56.0;54.0;54.0;54.0;54.0;54.0;54.0;54.0;54.0;54.0;54.0;54.0;53.0;52.0;52.0;52.0;52.0;52.0;52.0;52.0;52.0;52.0;52.0;53.0;52.0;52.0;1;1;1;1;1;1;1;1;1;1;1;1;1;1;1;1;1;1;1;1;1;1;1;1;1;1;1;1;1;1;1
60130000;2;08/1984;1;1;55.0;48.0;50.870998;31;19;1;1;1;0.0;0;52.0;52.0;52.0;52.0;51.0;50.0;50.0;50.0;50.0;50.0;50.0;50.0;50.0;50.0;50.0;50.0;50.0;49.0;48.0;50.0;52.0;52.0;54.0;52.0;52.0;52.0;51.0;50.0;50.0;51.0;55.0;1;1;1;1;1;1;1;1;1;1;1;1;1;1;1;1;1;1;1;1;1;1;1;1;1;1;1;1;1;1;1
60130000;1;08/1984;1;1;56.0;48.0;51.0;31;19;1;1;1;65.0;1;52.0;52.0;52.0;52.0;51.0;50.0;50.0;50.0;50.0;50.0;50.0;50.0;50.0;50.0;50.0;50.0;50.0;49.0;48.0;50.0;52.0;52.0;54.0;52.0;52.0;52.0;51.0;50.0;50.0;51.0;55.0;1;1;1;1;1;1;1;1;1;1;1;1;1;1;1;1;1;1;1;1;1;1;1;1;1;1;1;1;1;1;1
60130000;2;09/1984;1;1;68.0;48.0;53.200001;9;5;1;1;1;0.0;0;53.0;50.0;50.0;49.0;48.0;48.0;55.0;60.0;68.0;67.0;63.0;50.0;50.0;50.0;50.0;50.0;57.0;52.0;52.0;52.0;63.0;55.0;52.0;52.0;50.0;50.0;50.0;50.0;50.0;50.0;;1;1;1;1;1;1;1;1;1;1;1;1;1;1;1;1;1;1;1;1;1;1;1;1;1;1;1;1;1;1;
60130000;1;09/1984;1;1;68.0;48.0;53.0;9;5;1;1;1;65.0;1;53.0;50.0;50.0;49.0;48.0;48.0;55.0;60.0;68.0;67.0;63.0;50.0;50.0;50.0;50.0;50.0;57.0;52.0;52.0;52.0;63.0;55.0;52.0;52.0;50.0;50.0;50.0;50.0;50.0;50.0;;1;1;1;1;1;1;1;1;1;1;1;1;1;1;1;1;1;1;1;1;1;1;1;1;1;1;1;1;1;1;0
60130000;2;10/1984;1;1;60.0;46.0;48.870998;20;7;1;1;1;0.0;0;48.0;48.0;48.0;48.0;48.0;48.0;46.0;46.0;46.0;46.0;46.0;46.0;46.0;46.0;46.0;57.0;49.0;49.0;57.0;60.0;51.0;50.0;48.0;51.0;50.0;50.0;49.0;48.0;48.0;48.0;48.0;1;1;1;1;1;1;1;1;1;1;1;1;1;1;1;1;1;1;1;1;1;1;1;1;1;1;1;1;1;1;1
60130000;1;10/1984;1;1;62.0;46.0;49.0;20;7;1;1;1;65.0;1;48.0;48.0;48.0;48.0;48.0;48.0;46.0;46.0;46.0;46.0;46.0;46.0;46.0;46.0;46.0;57.0;49.0;49.0;57.0;60.0;51.0;50.0;48.0;51.0;50.0;50.0;49.0;48.0;48.0;48.0;48.0;1;1;1;1;1;1;1;1;1;1;1;1;1;1;1;1;1;1;1;1;1;1;1;1;1;1;1;1;1;1;1
60130000;2;11/1984;1;1;67.0;44.0;49.333302;30;3;1;1;1;0.0;0;46.0;46.0;44.0;44.0;44.0;44.0;44.0;44.0;44.0;44.0;44.0;57.0;61.0;49.0;47.0;46.0;46.0;46.0;57.0;51.0;56.0;50.0;50.0;50.0;52.0;50.0;53.0;51.0;53.0;67.0;;1;1;1;1;1;1;1;1;1;1;1;1;1;1;1;1;1;1;1;1;1;1;1;1;1;1;1;1;1;1;
60130000;1;11/1984;1;1;74.0;44.0;49.0;30;3;1;1;1;65.0;1;46.0;46.0;44.0;44.0;44.0;44.0;44.0;44.0;44.0;44.0;44.0;57.0;61.0;49.0;47.0;46.0;46.0;46.0;57.0;51.0;56.0;50.0;50.0;50.0;52.0;50.0;53.0;51.0;53.0;67.0;;1;1;1;1;1;1;1;1;1;1;1;1;1;1;1;1;1;1;1;1;1;1;1;1;1;1;1;1;1;1;0
60130000;2;12/1984;1;1;138.0;53.0;64.354797;29;5;1;1;1;0.0;0;56.0;64.0;58.0;54.0;53.0;61.0;63.0;86.0;78.0;78.0;78.0;63.0;60.0;70.0;61.0;60.0;62.0;59.0;62.0;58.0;56.0;54.0;54.0;54.0;54.0;60.0;59.0;57.0;138.0;65.0;60.0;1;1;1;1;1;1;1;1;1;1;1;1;1;1;1;1;1;1;1;1;1;1;1;1;1;1;1;1;1;1;1
60130000;1;12/1984;1;1;190.0;53.0;64.0;29;5;1;1;1;65.0;1;56.0;64.0;58.0;54.0;53.0;61.0;63.0;86.0;78.0;78.0;78.0;63.0;60.0;70.0;61.0;60.0;62.0;59.0;62.0;58.0;56.0;54.0;54.0;54.0;54.0;60.0;59.0;57.0;138.0;65.0;60.0;1;1;1;1;1;1;1;1;1;1;1;1;1;1;1;1;1;1;1;1;1;1;1;1;1;1;1;1;1;1;1
60130000;2;01/1985;1;1;248.0;60.0;110.871;25;7;1;1;1;0.0;0;65.0;69.0;62.0;62.0;77.0;63.0;60.0;62.0;86.0;65.0;64.0;62.0;60.0;67.0;63.0;82.0;88.0;158.0;103.0;86.0;88.0;119.0;126.0;164.0;248.0;208.0;228.0;241.0;207.0;164.0;140.0;1;1;1;1;1;1;1;1;1;1;1;1;1;1;1;1;1;1;1;1;1;1;1;1;1;1;1;1;1;1;1
60130000;1;01/1985;1;1;266.0;60.0;111.0;25;7;1;1;1;72.0;1;65.0;69.0;62.0;62.0;77.0;63.0;60.0;62.0;86.0;65.0;64.0;62.0;60.0;67.0;63.0;82.0;88.0;158.0;103.0;86.0;88.0;119.0;126.0;164.0;248.0;208.0;228.0;241.0;207.0;164.0;140.0;1;1;1;1;1;1;1;1;1;1;1;1;1;1;1;1;1;1;1;1;1;1;1;1;1;1;1;1;1;1;1
60130000;2;02/1985;1;1;157.0;86.0;103.6429;9;21;1;1;1;0.0;0;125.0;117.0;113.0;109.0;106.0;104.0;102.0;103.0;157.0;106.0;108.0;100.0;100.0;97.0;94.0;94.0;88.0;90.0;89.0;88.0;86.0;93.0;116.0;111.0;91.0;95.0;97.0;123.0;;;;1;1;1;1;1;1;1;1;1;1;1;1;1;1;1;1;1;1;1;1;1;1;1;1;1;1;1;1;;;
60130000;1;02/1985;1;1;194.0;86.0;104.0;9;21;1;1;1;72.0;1;125.0;117.0;113.0;109.0;106.0;104.0;102.0;103.0;157.0;106.0;108.0;100.0;100.0;97.0;94.0;94.0;88.0;90.0;89.0;88.0;86.0;93.0;116.0;111.0;91.0;95.0;97.0;123.0;;;;1;1;1;1;1;1;1;1;1;1;1;1;1;1;1;1;1;1;1;1;1;1;1;1;1;1;1;1;0;0;0
60130000;2;03/1985;1;1;240.0;88.0;101.6452;18;28;1;1;1;0.0;0;95.0;89.0;93.0;95.0;90.0;91.0;101.0;97.0;100.0;140.0;96.0;108.0;98.0;96.0;98.0;93.0;118.0;240.0;109.0;99.0;96.0;94.0;93.0;93.0;92.0;91.0;90.0;88.0;90.0;90.0;88.0;1;1;1;1;1;1;1;1;1;1;1;1;1;1;1;1;1;1;1;1;1;1;1;1;1;1;1;1;1;1;1
60130000;1;03/1985;1;1;260.0;88.0;102.0;18;28;1;1;1;72.0;1;95.0;89.0;93.0;95.0;90.0;91.0;101.0;97.0;100.0;140.0;96.0;108.0;98.0;96.0;98.0;93.0;118.0;240.0;109.0;99.0;96.0;94.0;93.0;93.0;92.0;91.0;90.0;88.0;90.0;90.0;88.0;1;1;1;1;1;1;1;1;1;1;1;1;1;1;1;1;1;1;1;1;1;1;1;1;1;1;1;1;1;1;1
60130000;2;04/1985;1;1;104.0;74.0;81.733299;18;30;1;1;1;0.0;0;87.0;86.0;86.0;87.0;84.0;84.0;83.0;82.0;83.0;85.0;82.0;83.0;82.0;82.0;82.0;80.0;90.0;104.0;80.0;80.0;78.0;77.0;76.0;76.0;76.0;76.0;76.0;76.0;75.0;74.0;;1;1;1;1;1;1;1;1;1;1;1;1;1;1;1;1;1;1;1;1;1;1;1;1;1;1;1;1;1;1;
60130000;1;04/1985;1;1;124.0;74.0;82.0;18;30;1;1;1;72.0;1;87.0;86.0;86.0;87.0;84.0;84.0;83.0;82.0;83.0;85.0;82.0;83.0;82.0;82.0;82.0;80.0;90.0;104.0;80.0;80.0;78.0;77.0;76.0;76.0;76.0;76.0;76.0;76.0;75.0;74.0;;1;1;1;1;1;1;1;1;1;1;1;1;1;1;1;1;1;1;1;1;1;1;1;1;1;1;1;1;1;1;0
60130000;2;05/1985;1;1;81.0;68.0;71.935501;4;30;1;1;1;0.0;0;75.0;77.0;76.0;81.0;74.0;74.0;73.0;72.0;72.0;73.0;72.0;72.0;72.0;72.0;72.0;72.0;72.0;72.0;72.0;70.0;70.0;70.0;70.0;71.0;71.0;70.0;69.0;69.0;69.0;68.0;68.0;1;1;1;1;1;1;1;1;1;1;1;1;1;1;1;1;1;1;1;1;1;1;1;1;1;1;1;1;1;1;1
60130000;1;05/1985;1;1;84.0;68.0;72.0;4;30;1;1;1;72.0;1;75.0;77.0;76.0;81.0;74.0;74.0;73.0;72.0;72.0;73.0;72.0;72.0;72.0;72.0;72.0;72.0;72.0;72.0;72.0;70.0;70.0;70.0;70.0;71.0;71.0;70.0;69.0;69.0;69.0;68.0;68.0;1;1;1;1;1;1;1;1;1;1;1;1;1;1;1;1;1;1;1;1;1;1;1;1;1;1;1;1;1;1;1
60130000;2;06/1985;1;1;68.0;64.0;66.166702;1;26;1;1;1;0.0;0;68.0;68.0;68.0;68.0;67.0;67.0;67.0;67.0;68.0;67.0;67.0;67.0;67.0;66.0;66.0;66.0;66.0;66.0;66.0;66.0;66.0;66.0;65.0;65.0;65.0;64.0;64.0;64.0;64.0;64.0;;1;1;1;1;1;1;1;1;1;1;1;1;1;1;1;1;1;1;1;1;1;1;1;1;1;1;1;1;1;1;
60130000;1;06/1985;1;1;68.0;64.0;66.0;1;26;1;1;1;72.0;1;68.0;68.0;68.0;68.0;67.0;67.0;67.0;67.0;68.0;67.0;67.0;67.0;67.0;66.0;66.0;66.0;66.0;66.0;66.0;66.0;66.0;66.0;65.0;65.0;65.0;64.0;64.0;64.0;64.0;64.0;;1;1;1;1;1;1;1;1;1;1;1;1;1;1;1;1;1;1;1;1;1;1;1;1;1;1;1;1;1;1;0
60130000;2;07/1985;1;1;64.0;58.0;61.3871;1;30;1;1;1;0.0;0;64.0;64.0;64.0;63.0;63.0;63.0;63.0;63.0;62.0;62.0;62.0;62.0;62.0;62.0;62.0;62.0;62.0;62.0;60.0;60.0;60.0;60.0;60.0;60.0;60.0;60.0;60.0;60.0;60.0;58.0;58.0;1;1;1;1;1;1;1;1;1;1;1;1;1;1;1;1;1;1;1;1;1;1;1;1;1;1;1;1;1;1;1
60130000;1;07/1985;1;1;64.0;58.0;61.0;1;30;1;1;1;72.0;1;64.0;64.0;64.0;63.0;63.0;63.0;63.0;63.0;62.0;62.0;62.0;62.0;62.0;62.0;62.0;62.0;62.0;62.0;60.0;60.0;60.0;60.0;60.0;60.0;60.0;60.0;60.0;60.0;60.0;58.0;58.0;1;1;1;1;1;1;1;1;1;1;1;1;1;1;1;1;1;1;1;1;1;1;1;1;1;1;1;1;1;1;1
60130000;2;08/1985;1;1;58.0;54.0;56.741901;1;31;1;1;1;0.0;0;58.0;58.0;58.0;58.0;58.0;58.0;58.0;58.0;58.0;58.0;58.0;58.0;57.0;57.0;57.0;57.0;57.0;56.0;56.0;56.0;56.0;56.0;56.0;56.0;56.0;56.0;55.0;55.0;55.0;55.0;54.0;1;1;1;1;1;1;1;1;1;1;1;1;1;1;1;1;1;1;1;1;1;1;1;1;1;1;1;1;1;1;1
60130000;1;08/1985;1;1;58.0;54.0;57.0;1;31;1;1;1;72.0;1;58.0;58.0;58.0;58.0;58.0;58.0;58.0;58.0;58.0;58.0;58.0;58.0;57.0;57.0;57.0;57.0;57.0;56.0;56.0;56.0;56.0;56.0;56.0;56.0;56.0;56.0;55.0;55.0;55.0;55.0;54.0;1;1;1;1;1;1;1;1;1;1;1;1;1;1;1;1;1;1;1;1;1;1;1;1;1;1;1;1;1;1;1
60130000;2;09/1985;1;1;62.0;50.0;54.0667;24;20;1;1;1;0.0;0;54.0;54.0;55.0;54.0;54.0;58.0;59.0;56.0;55.0;54.0;54.0;53.0;53.0;52.0;52.0;52.0;52.0;51.0;51.0;50.0;50.0;50.0;55.0;62.0;60.0;58.0;56.0;52.0;53.0;53.0;;1;1;1;1;1;1;1;1;1;1;1;1;1;1;1;1;1;1;1;1;1;1;1;1;1;1;1;1;1;1;
60130000;1;09/1985;1;1;62.0;50.0;54.0;24;20;1;1;1;72.0;1;54.0;54.0;55.0;54.0;54.0;58.0;59.0;56.0;55.0;54.0;54.0;53.0;53.0;52.0;52.0;52.0;52.0;51.0;51.0;50.0;50.0;50.0;55.0;62.0;60.0;58.0;56.0;52.0;53.0;53.0;;1;1;1;1;1;1;1;1;1;1;1;1;1;1;1;1;1;1;1;1;1;1;1;1;1;1;1;1;1;1;0
60130000;2;10/1985;1;1;69.0;47.0;50.580601;10;27;1;1;1;0.0;0;51.0;50.0;50.0;50.0;50.0;50.0;49.0;52.0;50.0;69.0;55.0;53.0;51.0;50.0;50.0;50.0;50.0;49.0;48.0;49.0;50.0;48.0;49.0;48.0;48.0;48.0;47.0;47.0;48.0;56.0;53.0;1;1;1;1;1;1;1;1;1;1;1;1;1;1;1;1;1;1;1;1;1;1;1;1;1;1;1;1;1;1;1
60130000;1;10/1985;1;1;69.0;47.0;51.0;10;27;1;1;1;72.0;1;51.0;50.0;50.0;50.0;50.0;50.0;49.0;52.0;50.0;69.0;55.0;53.0;51.0;50.0;50.0;50.0;50.0;49.0;48.0;49.0;50.0;48.0;49.0;48.0;48.0;48.0;47.0;47.0;48.0;56.0;53.0;1;1;1;1;1;1;1;1;1;1;1;1;1;1;1;1;1;1;1;1;1;1;1;1;1;1;1;1;1;1;1
60130000;2;11/1985;1;1;69.0;44.0;50.133301;29;20;1;1;1;0.0;0;50.0;50.0;51.0;50.0;53.0;52.0;50.0;49.0;48.0;48.0;48.0;47.0;46.0;46.0;46.0;45.0;45.0;45.0;45.0;44.0;45.0;46.0;47.0;47.0;54.0;55.0;54.0;60.0;69.0;69.0;;1;1;1;1;1;1;1;1;1;1;1;1;1;1;1;1;1;1;1;1;1;1;1;1;1;1;1;1;1;1;
60130000;1;11/1985;1;1;75.0;44.0;50.0;29;20;1;1;1;72.0;1;50.0;50.0;51.0;50.0;53.0;52.0;50.0;49.0;48.0;48.0;48.0;47.0;46.0;46.0;46.0;45.0;45.0;45.0;45.0;44.0;45.0;46.0;47.0;47.0;54.0;55.0;54.0;60.0;69.0;69.0;;1;1;1;1;1;1;1;1;1;1;1;1;1;1;1;1;1;1;1;1;1;1;1;1;1;1;1;1;1;1;0
60130000;2;12/1985;1;1;97.0;50.0;58.7742;4;2;1;1;1;0.0;0;53.0;50.0;69.0;97.0;63.0;59.0;56.0;54.0;57.0;54.0;52.0;51.0;52.0;51.0;50.0;51.0;52.0;60.0;55.0;57.0;59.0;55.0;55.0;59.0;75.0;65.0;70.0;63.0;60.0;61.0;57.0;1;1;1;1;1;1;1;1;1;1;1;1;1;1;1;1;1;1;1;1;1;1;1;1;1;1;1;1;1;1;1
60130000;1;12/1985;1;1;110.0;50.0;59.0;4;2;1;1;1;72.0;1;53.0;50.0;69.0;97.0;63.0;59.0;56.0;54.0;57.0;54.0;52.0;51.0;52.0;51.0;50.0;51.0;52.0;60.0;55.0;57.0;59.0;55.0;55.0;59.0;75.0;65.0;70.0;63.0;60.0;61.0;57.0;1;1;1;1;1;1;1;1;1;1;1;1;1;1;1;1;1;1;1;1;1;1;1;1;1;1;1;1;1;1;1
60130000;2;01/1986;1;1;209.0;60.0;82.871002;15;9;1;1;1;0.0;0;70.0;71.0;63.0;64.0;62.0;64.0;64.0;62.0;60.0;68.0;77.0;80.0;133.0;123.0;209.0;102.0;87.0;79.0;75.0;72.0;92.0;76.0;74.0;72.0;70.0;72.0;70.0;72.0;121.0;94.0;71.0;1;1;1;1;1;1;1;1;1;1;1;1;1;1;1;1;1;1;1;1;1;1;1;1;1;1;1;1;1;1;1
60130000;1;01/1986;1;1;232.0;60.0;83.0;15;9;1;1;1;59.0;1;70.0;71.0;63.0;64.0;62.0;64.0;64.0;62.0;60.0;68.0;77.0;80.0;133.0;123.0;209.0;102.0;87.0;79.0;75.0;72.0;92.0;76.0;74.0;72.0;70.0;72.0;70.0;72.0;121.0;94.0;71.0;1;1;1;1;1;1;1;1;1;1;1;1;1;1;1;1;1;1;1;1;1;1;1;1;1;1;1;1;1;1;1
60130000;2;02/1986;1;1;136.0;60.0;75.392899;16;27;1;1;1;0.0;0;69.0;68.0;70.0;85.0;73.0;75.0;86.0;73.0;73.0;70.0;70.0;74.0;70.0;71.0;81.0;136.0;77.0;78.0;76.0;89.0;73.0;71.0;68.0;66.0;64.0;62.0;60.0;83.0;;;;1;1;1;1;1;1;1;1;1;1;1;1;1;1;1;1;1;1;1;1;1;1;1;1;1;1;1;1;;;
60130000;1;02/1986;1;1;188.0;60.0;75.0;16;27;1;1;1;59.0;1;69.0;68.0;70.0;85.0;73.0;75.0;86.0;73.0;73.0;70.0;70.0;74.0;70.0;71.0;81.0;136.0;77.0;78.0;76.0;89.0;73.0;71.0;68.0;66.0;64.0;62.0;60.0;83.0;;;;1;1;1;1;1;1;1;1;1;1;1;1;1;1;1;1;1;1;1;1;1;1;1;1;1;1;1;1;0;0;0
60130000;2;03/1986;1;1;87.0;66.0;72.258102;8;17;1;1;1;0.0;0;77.0;72.0;79.0;76.0;77.0;78.0;75.0;87.0;79.0;73.0;70.0;70.0;70.0;69.0;68.0;67.0;66.0;68.0;71.0;72.0;70.0;79.0;70.0;71.0;73.0;73.0;68.0;68.0;68.0;68.0;68.0;1;1;1;1;1;1;1;1;1;1;1;1;1;1;1;1;1;1;1;1;1;1;1;1;1;1;1;1;1;1;1
60130000;1;03/1986;1;1;94.0;66.0;72.0;8;17;1;1;1;59.0;1;77.0;72.0;79.0;76.0;77.0;78.0;75.0;87.0;79.0;73.0;70.0;70.0;70.0;69.0;68.0;67.0;66.0;68.0;71.0;72.0;70.0;79.0;70.0;71.0;73.0;73.0;68.0;68.0;68.0;68.0;68.0;1;1;1;1;1;1;1;1;1;1;1;1;1;1;1;1;1;1;1;1;1;1;1;1;1;1;1;1;1;1;1
60130000;2;04/1986;1;1;69.0;60.0;64.400002;17;28;1;1;1;0.0;0;68.0;68.0;66.0;66.0;66.0;64.0;64.0;65.0;66.0;64.0;65.0;66.0;65.0;65.0;65.0;64.0;69.0;66.0;64.0;64.0;64.0;64.0;64.0;64.0;62.0;62.0;62.0;60.0;60.0;60.0;;1;1;1;1;1;1;1;1;1;1;1;1;1;1;1;1;1;1;1;1;1;1;1;1;1;1;1;1;1;1;
60130000;1;04/1986;1;1;70.0;60.0;64.0;17;28;1;1;1;59.0;1;68.0;68.0;66.0;66.0;66.0;64.0;64.0;65.0;66.0;64.0;65.0;66.0;65.0;65.0;65.0;64.0;69.0;66.0;64.0;64.0;64.0;64.0;64.0;64.0;62.0;62.0;62.0;60.0;60.0;60.0;;1;1;1;1;1;1;1;1;1;1;1;1;1;1;1;1;1;1;1;1;1;1;1;1;1;1;1;1;1;1;0
60130000;2;05/1986;1;1;66.0;58.0;60.580601;8;24;1;1;1;0.0;0;60.0;60.0;60.0;60.0;60.0;60.0;62.0;66.0;66.0;61.0;63.0;64.0;65.0;66.0;61.0;60.0;60.0;60.0;60.0;60.0;60.0;60.0;60.0;58.0;58.0;58.0;58.0;58.0;58.0;58.0;58.0;1;1;1;1;1;1;1;1;1;1;1;1;1;1;1;1;1;1;1;1;1;1;1;1;1;1;1;1;1;1;1
60130000;1;05/1986;1;1;68.0;58.0;61.0;8;24;1;1;1;59.0;1;60.0;60.0;60.0;60.0;60.0;60.0;62.0;66.0;66.0;61.0;63.0;64.0;65.0;66.0;61.0;60.0;60.0;60.0;60.0;60.0;60.0;60.0;60.0;58.0;58.0;58.0;58.0;58.0;58.0;58.0;58.0;1;1;1;1;1;1;1;1;1;1;1;1;1;1;1;1;1;1;1;1;1;1;1;1;1;1;1;1;1;1;1
60130000;2;06/1986;1;1;58.0;52.0;55.666698;1;30;1;1;1;0.0;0;58.0;58.0;58.0;57.0;57.0;58.0;58.0;58.0;57.0;57.0;57.0;57.0;56.0;56.0;56.0;56.0;55.0;55.0;55.0;54.0;54.0;54.0;54.0;54.0;54.0;54.0;54.0;54.0;53.0;52.0;;1;1;1;1;1;1;1;1;1;1;1;1;1;1;1;1;1;1;1;1;1;1;1;1;1;1;1;1;1;1;
60130000;1;06/1986;1;1;58.0;52.0;56.0;1;30;1;1;1;59.0;1;58.0;58.0;58.0;57.0;57.0;58.0;58.0;58.0;57.0;57.0;57.0;57.0;56.0;56.0;56.0;56.0;55.0;55.0;55.0;54.0;54.0;54.0;54.0;54.0;54.0;54.0;54.0;54.0;53.0;52.0;;1;1;1;1;1;1;1;1;1;1;1;1;1;1;1;1;1;1;1;1;1;1;1;1;1;1;1;1;1;1;0
60130000;2;07/1986;1;1;61.0;50.0;51.6129;24;15;1;1;1;0.0;0;52.0;52.0;52.0;52.0;52.0;52.0;54.0;52.0;52.0;52.0;51.0;51.0;52.0;52.0;50.0;50.0;50.0;50.0;50.0;50.0;50.0;50.0;53.0;61.0;54.0;52.0;52.0;50.0;50.0;50.0;50.0;1;1;1;1;1;1;1;1;1;1;1;1;1;1;1;1;1;1;1;1;1;1;1;1;1;1;1;1;1;1;1
60130000;1;07/1986;1;1;64.0;50.0;52.0;24;15;1;1;1;59.0;1;52.0;52.0;52.0;52.0;52.0;52.0;54.0;52.0;52.0;52.0;51.0;51.0;52.0;52.0;50.0;50.0;50.0;50.0;50.0;50.0;50.0;50.0;53.0;61.0;54.0;52.0;52.0;50.0;50.0;50.0;50.0;1;1;1;1;1;1;1;1;1;1;1;1;1;1;1;1;1;1;1;1;1;1;1;1;1;1;1;1;1;1;1
60130000;2;08/1986;1;1;64.0;47.0;49.419399;23;15;1;1;1;0.0;0;50.0;50.0;50.0;48.0;48.0;48.0;48.0;48.0;48.0;48.0;48.0;48.0;48.0;48.0;47.0;48.0;48.0;48.0;48.0;47.0;47.0;61.0;64.0;55.0;50.0;50.0;49.0;48.0;48.0;48.0;48.0;1;1;1;1;1;1;1;1;1;1;1;1;1;1;1;1;1;1;1;1;1;1;1;1;1;1;1;1;1;1;1
60130000;1;08/1986;1;1;67.0;47.0;49.0;23;15;1;1;1;59.0;1;50.0;50.0;50.0;48.0;48.0;48.0;48.0;48.0;48.0;48.0;48.0;48.0;48.0;48.0;47.0;48.0;48.0;48.0;48.0;47.0;47.0;61.0;64.0;55.0;50.0;50.0;49.0;48.0;48.0;48.0;48.0;1;1;1;1;1;1;1;1;1;1;1;1;1;1;1;1;1;1;1;1;1;1;1;1;1;1;1;1;1;1;1
60130000;2;09/1986;1;1;55.0;40.0;46.299999;7;28;1;1;1;0.0;0;48.0;48.0;48.0;48.0;47.0;47.0;55.0;50.0;50.0;48.0;48.0;47.0;46.0;46.0;46.0;46.0;46.0;46.0;46.0;46.0;46.0;44.0;42.0;42.0;42.0;42.0;42.0;40.0;43.0;54.0;;1;1;1;1;1;1;1;1;1;1;1;1;1;1;1;1;1;1;1;1;1;1;1;1;1;1;1;1;1;1;
60130000;1;09/1986;1;1;56.0;40.0;46.0;7;28;1;1;1;59.0;1;48.0;48.0;48.0;48.0;47.0;47.0;55.0;50.0;50.0;48.0;48.0;47.0;46.0;46.0;46.0;46.0;46.0;46.0;46.0;46.0;46.0;44.0;42.0;42.0;42.0;42.0;42.0;40.0;43.0;54.0;;1;1;1;1;1;1;1;1;1;1;1;1;1;1;1;1;1;1;1;1;1;1;1;1;1;1;1;1;1;1;0
60130000;2;10/1986;1;1;55.0;40.0;42.709702;21;4;1;1;1;0.0;0;47.0;46.0;43.0;40.0;40.0;40.0;40.0;40.0;40.0;40.0;40.0;40.0;40.0;40.0;40.0;40.0;40.0;40.0;40.0;40.0;55.0;49.0;48.0;46.0;44.0;40.0;49.0;49.0;46.0;42.0;40.0;1;1;1;1;1;1;1;1;1;1;1;1;1;1;1;1;1;1;1;1;1;1;1;1;1;1;1;1;1;1;1
60130000;1;10/1986;1;1;56.0;40.0;43.0;21;4;1;1;1;59.0;1;47.0;46.0;43.0;40.0;40.0;40.0;40.0;40.0;40.0;40.0;40.0;40.0;40.0;40.0;40.0;40.0;40.0;40.0;40.0;40.0;55.0;49.0;48.0;46.0;44.0;40.0;49.0;49.0;46.0;42.0;40.0;1;1;1;1;1;1;1;1;1;1;1;1;1;1;1;1;1;1;1;1;1;1;1;1;1;1;1;1;1;1;1
60130000;2;11/1986;1;1;52.0;40.0;42.733299;12;1;1;1;1;0.0;0;40.0;40.0;40.0;42.0;40.0;40.0;40.0;40.0;40.0;40.0;51.0;52.0;51.0;48.0;48.0;46.0;44.0;41.0;40.0;40.0;40.0;45.0;41.0;40.0;40.0;40.0;40.0;44.0;46.0;43.0;;1;1;1;1;1;1;1;1;1;1;1;1;1;1;1;1;1;1;1;1;1;1;1;1;1;1;1;1;1;1;
60130000;1;11/1986;1;1;52.0;40.0;43.0;12;1;1;1;1;59.0;1;40.0;40.0;40.0;42.0;40.0;40.0;40.0;40.0;40.0;40.0;51.0;52.0;51.0;48.0;48.0;46.0;44.0;41.0;40.0;40.0;40.0;45.0;41.0;40.0;40.0;40.0;40.0;44.0;46.0;43.0;;1;1;1;1;1;1;1;1;1;1;1;1;1;1;1;1;1;1;1;1;1;1;1;1;1;1;1;1;1;1;0
60130000;2;12/1986;1;1;245.0;41.0;67.7742;28;18;1;1;1;0.0;0;63.0;52.0;48.0;72.0;49.0;48.0;48.0;48.0;48.0;46.0;50.0;52.0;48.0;52.0;54.0;79.0;54.0;41.0;45.0;49.0;50.0;52.0;53.0;52.0;72.0;108.0;159.0;245.0;97.0;88.0;79.0;1;1;1;1;1;1;1;1;1;1;1;1;1;1;1;1;1;1;1;1;1;1;1;1;1;1;1;1;1;1;1
60130000;1;12/1986;1;1;260.0;41.0;68.0;28;18;1;1;1;59.0;1;63.0;52.0;48.0;72.0;49.0;48.0;48.0;48.0;48.0;46.0;50.0;52.0;48.0;52.0;54.0;79.0;54.0;41.0;45.0;49.0;50.0;52.0;53.0;52.0;72.0;108.0;159.0;245.0;97.0;88.0;79.0;1;1;1;1;1;1;1;1;1;1;1;1;1;1;1;1;1;1;1;1;1;1;1;1;1;1;1;1;1;1;1
60130000;2;01/1987;1;1;114.0;59.0;67.516098;25;17;1;1;1;0.0;0;73.0;70.0;69.0;68.0;66.0;64.0;65.0;62.0;60.0;60.0;64.0;60.0;60.0;61.0;63.0;60.0;59.0;59.0;60.0;63.0;66.0;77.0;68.0;69.0;114.0;70.0;75.0;72.0;72.0;74.0;70.0;1;1;1;1;1;1;1;1;1;1;1;1;1;1;1;1;1;1;1;1;1;1;1;1;1;1;1;1;1;1;1
60130000;1;01/1987;1;1;148.0;59.0;68.0;25;17;1;1;1;61.0;1;73.0;70.0;69.0;68.0;66.0;64.0;65.0;62.0;60.0;60.0;64.0;60.0;60.0;61.0;63.0;60.0;59.0;59.0;60.0;63.0;66.0;77.0;68.0;69.0;114.0;70.0;75.0;72.0;72.0;74.0;70.0;1;1;1;1;1;1;1;1;1;1;1;1;1;1;1;1;1;1;1;1;1;1;1;1;1;1;1;1;1;1;1
60130000;2;02/1987;1;1;70.0;60.0;64.142899;12;10;1;1;1;0.0;0;68.0;65.0;64.0;64.0;64.0;64.0;64.0;64.0;63.0;60.0;63.0;70.0;69.0;66.0;68.0;70.0;70.0;65.0;65.0;65.0;62.0;62.0;61.0;60.0;60.0;60.0;60.0;60.0;;;;1;1;1;1;1;1;1;1;1;1;1;1;1;1;1;1;1;1;1;1;1;1;1;1;1;1;1;1;;;
60130000;1;02/1987;1;1;72.0;60.0;64.0;12;10;1;1;1;61.0;1;68.0;65.0;64.0;64.0;64.0;64.0;64.0;64.0;63.0;60.0;63.0;70.0;69.0;66.0;68.0;70.0;70.0;65.0;65.0;65.0;62.0;62.0;61.0;60.0;60.0;60.0;60.0;60.0;;;;1;1;1;1;1;1;1;1;1;1;1;1;1;1;1;1;1;1;1;1;1;1;1;1;1;1;1;1;0;0;0
60130000;2;03/1987;1;1;97.0;60.0;68.580597;10;1;1;1;1;0.0;0;60.0;60.0;60.0;60.0;60.0;60.0;60.0;70.0;95.0;97.0;84.0;69.0;64.0;64.0;64.0;70.0;86.0;67.0;70.0;97.0;71.0;70.0;70.0;70.0;62.0;60.0;61.0;62.0;61.0;60.0;62.0;1;1;1;1;1;1;1;1;1;1;1;1;1;1;1;1;1;1;1;1;1;1;1;1;1;1;1;1;1;1;1
60130000;1;03/1987;1;1;114.0;60.0;69.0;10;1;1;1;1;61.0;1;60.0;60.0;60.0;60.0;60.0;60.0;60.0;70.0;95.0;97.0;84.0;69.0;64.0;64.0;64.0;70.0;86.0;67.0;70.0;97.0;71.0;70.0;70.0;70.0;62.0;60.0;61.0;62.0;61.0;60.0;62.0;1;1;1;1;1;1;1;1;1;1;1;1;1;1;1;1;1;1;1;1;1;1;1;1;1;1;1;1;1;1;1
60130000;2;04/1987;1;1;89.0;60.0;67.533302;4;2;1;1;1;0.0;0;61.0;60.0;61.0;89.0;77.0;86.0;87.0;71.0;68.0;68.0;69.0;67.0;66.0;66.0;66.0;64.0;62.0;62.0;62.0;62.0;62.0;68.0;64.0;65.0;64.0;62.0;62.0;62.0;70.0;73.0;;1;1;1;1;1;1;1;1;1;1;1;1;1;1;1;1;1;1;1;1;1;1;1;1;1;1;1;1;1;1;
60130000;1;04/1987;1;1;96.0;60.0;68.0;4;2;1;1;1;61.0;1;61.0;60.0;61.0;89.0;77.0;86.0;87.0;71.0;68.0;68.0;69.0;67.0;66.0;66.0;66.0;64.0;62.0;62.0;62.0;62.0;62.0;68.0;64.0;65.0;64.0;62.0;62.0;62.0;70.0;73.0;;1;1;1;1;1;1;1;1;1;1;1;1;1;1;1;1;1;1;1;1;1;1;1;1;1;1;1;1;1;1;0
60130000;2;05/1987;1;1;69.0;60.0;62.193501;5;14;1;1;1;0.0;0;67.0;66.0;66.0;68.0;69.0;65.0;62.0;62.0;62.0;62.0;65.0;63.0;61.0;60.0;60.0;60.0;60.0;60.0;60.0;60.0;60.0;60.0;60.0;65.0;65.0;60.0;60.0;60.0;60.0;60.0;60.0;1;1;1;1;1;1;1;1;1;1;1;1;1;1;1;1;1;1;1;1;1;1;1;1;1;1;1;1;1;1;1
60130000;1;05/1987;1;1;70.0;60.0;62.0;5;14;1;1;1;61.0;1;67.0;66.0;66.0;68.0;69.0;65.0;62.0;62.0;62.0;62.0;65.0;63.0;61.0;60.0;60.0;60.0;60.0;60.0;60.0;60.0;60.0;60.0;60.0;65.0;65.0;60.0;60.0;60.0;60.0;60.0;60.0;1;1;1;1;1;1;1;1;1;1;1;1;1;1;1;1;1;1;1;1;1;1;1;1;1;1;1;1;1;1;1
60130000;2;06/1987;1;1;60.0;55.0;57.099998;1;16;1;1;1;0.0;0;60.0;60.0;60.0;60.0;58.0;57.0;56.0;58.0;58.0;58.0;58.0;57.0;56.0;56.0;56.0;55.0;55.0;55.0;55.0;55.0;55.0;55.0;60.0;59.0;58.0;58.0;58.0;57.0;55.0;55.0;;1;1;1;1;1;1;1;1;1;1;1;1;1;1;1;1;1;1;1;1;1;1;1;1;1;1;1;1;1;1;
60130000;1;06/1987;1;1;60.0;55.0;57.0;1;16;1;1;1;61.0;1;60.0;60.0;60.0;60.0;58.0;57.0;56.0;58.0;58.0;58.0;58.0;57.0;56.0;56.0;56.0;55.0;55.0;55.0;55.0;55.0;55.0;55.0;60.0;59.0;58.0;58.0;58.0;57.0;55.0;55.0;;1;1;1;1;1;1;1;1;1;1;1;1;1;1;1;1;1;1;1;1;1;1;1;1;1;1;1;1;1;1;0
60130000;2;07/1987;1;1;55.0;50.0;51.709702;1;16;1;1;1;0.0;0;55.0;55.0;55.0;55.0;55.0;54.0;52.0;52.0;53.0;53.0;53.0;53.0;53.0;53.0;52.0;50.0;50.0;50.0;50.0;50.0;50.0;50.0;50.0;50.0;50.0;50.0;50.0;50.0;50.0;50.0;50.0;1;1;1;1;1;1;1;1;1;1;1;1;1;1;1;1;1;1;1;1;1;1;1;1;1;1;1;1;1;1;1
60130000;1;07/1987;1;1;55.0;50.0;52.0;1;16;1;1;1;61.0;1;55.0;55.0;55.0;55.0;55.0;54.0;52.0;52.0;53.0;53.0;53.0;53.0;53.0;53.0;52.0;50.0;50.0;50.0;50.0;50.0;50.0;50.0;50.0;50.0;50.0;50.0;50.0;50.0;50.0;50.0;50.0;1;1;1;1;1;1;1;1;1;1;1;1;1;1;1;1;1;1;1;1;1;1;1;1;1;1;1;1;1;1;1
60130000;2;08/1987;1;1;52.0;45.0;48.064499;6;24;1;1;1;0.0;0;50.0;50.0;50.0;50.0;50.0;52.0;52.0;52.0;50.0;50.0;50.0;50.0;50.0;50.0;50.0;50.0;48.0;46.0;46.0;46.0;46.0;46.0;46.0;45.0;45.0;45.0;45.0;45.0;45.0;45.0;45.0;1;1;1;1;1;1;1;1;1;1;1;1;1;1;1;1;1;1;1;1;1;1;1;1;1;1;1;1;1;1;1
60130000;1;08/1987;1;1;52.0;45.0;48.0;6;24;1;1;1;61.0;1;50.0;50.0;50.0;50.0;50.0;52.0;52.0;52.0;50.0;50.0;50.0;50.0;50.0;50.0;50.0;50.0;48.0;46.0;46.0;46.0;46.0;46.0;46.0;45.0;45.0;45.0;45.0;45.0;45.0;45.0;45.0;1;1;1;1;1;1;1;1;1;1;1;1;1;1;1;1;1;1;1;1;1;1;1;1;1;1;1;1;1;1;1
60130000;2;09/1987;1;1;49.0;44.0;45.033298;13;4;1;1;1;0.0;0;45.0;45.0;45.0;44.0;44.0;44.0;44.0;44.0;44.0;44.0;44.0;47.0;49.0;46.0;44.0;44.0;44.0;44.0;47.0;47.0;46.0;46.0;46.0;46.0;45.0;45.0;44.0;45.0;45.0;44.0;;1;1;1;1;1;1;1;1;1;1;1;1;1;1;1;1;1;1;1;1;1;1;1;1;1;1;1;1;1;1;
60130000;1;09/1987;1;1;50.0;44.0;45.0;13;4;1;1;1;61.0;1;45.0;45.0;45.0;44.0;44.0;44.0;44.0;44.0;44.0;44.0;44.0;47.0;49.0;46.0;44.0;44.0;44.0;44.0;47.0;47.0;46.0;46.0;46.0;46.0;45.0;45.0;44.0;45.0;45.0;44.0;;1;1;1;1;1;1;1;1;1;1;1;1;1;1;1;1;1;1;1;1;1;1;1;1;1;1;1;1;1;1;0
60130000;2;10/1987;1;1;84.0;38.0;46.419399;22;18;1;1;1;0.0;0;44.0;44.0;44.0;44.0;44.0;44.0;44.0;44.0;43.0;43.0;42.0;42.0;42.0;42.0;41.0;40.0;39.0;38.0;38.0;38.0;38.0;84.0;52.0;50.0;46.0;50.0;50.0;60.0;59.0;56.0;54.0;1;1;1;1;1;1;1;1;1;1;1;1;1;1;1;1;1;1;1;1;1;1;1;1;1;1;1;1;1;1;1
60130000;1;10/1987;1;1;94.0;38.0;46.0;22;18;1;1;1;61.0;1;44.0;44.0;44.0;44.0;44.0;44.0;44.0;44.0;43.0;43.0;42.0;42.0;42.0;42.0;41.0;40.0;39.0;38.0;38.0;38.0;38.0;84.0;52.0;50.0;46.0;50.0;50.0;60.0;59.0;56.0;54.0;1;1;1;1;1;1;1;1;1;1;1;1;1;1;1;1;1;1;1;1;1;1;1;1;1;1;1;1;1;1;1
60130000;2;11/1987;1;1;187.0;46.0;78.800003;25;4;1;1;1;0.0;0;53.0;49.0;47.0;46.0;46.0;76.0;73.0;53.0;48.0;48.0;53.0;58.0;58.0;100.0;110.0;175.0;159.0;128.0;65.0;50.0;48.0;48.0;84.0;170.0;187.0;83.0;66.0;63.0;60.0;60.0;;1;1;1;1;1;1;1;1;1;1;1;1;1;1;1;1;1;1;1;1;1;1;1;1;1;1;1;1;1;1;
60130000;1;11/1987;1;1;190.0;46.0;79.0;25;4;1;1;1;61.0;1;53.0;49.0;47.0;46.0;46.0;76.0;73.0;53.0;48.0;48.0;53.0;58.0;58.0;100.0;110.0;175.0;159.0;128.0;65.0;50.0;48.0;48.0;84.0;170.0;187.0;83.0;66.0;63.0;60.0;60.0;;1;1;1;1;1;1;1;1;1;1;1;1;1;1;1;1;1;1;1;1;1;1;1;1;1;1;1;1;1;1;0
60130000;2;12/1987;1;1;140.0;58.0;76.967697;27;2;1;1;1;0.0;0;59.0;58.0;58.0;68.0;69.0;75.0;80.0;80.0;80.0;75.0;60.0;70.0;70.0;70.0;70.0;69.0;71.0;78.0;110.0;100.0;90.0;83.0;76.0;74.0;72.0;70.0;140.0;81.0;78.0;76.0;76.0;1;1;1;1;1;1;1;1;1;1;1;1;1;1;1;1;1;1;1;1;1;1;1;1;1;1;1;1;1;1;1
60130000;1;12/1987;1;1;160.0;58.0;77.0;27;2;1;1;1;61.0;1;59.0;58.0;58.0;68.0;69.0;75.0;80.0;80.0;80.0;75.0;60.0;70.0;70.0;70.0;70.0;69.0;71.0;78.0;110.0;100.0;90.0;83.0;76.0;74.0;72.0;70.0;140.0;81.0;78.0;76.0;76.0;1;1;1;1;1;1;1;1;1;1;1;1;1;1;1;1;1;1;1;1;1;1;1;1;1;1;1;1;1;1;1
60130000;2;01/1988;1;1;106.0;66.0;74.096802;12;26;1;1;1;0.0;0;76.0;74.0;74.0;76.0;89.0;79.0;77.0;76.0;76.0;79.0;91.0;106.0;79.0;78.0;75.0;73.0;70.0;70.0;69.0;68.0;68.0;68.0;68.0;68.0;67.0;66.0;66.0;66.0;69.0;68.0;68.0;1;1;1;1;1;1;1;1;1;1;1;1;1;1;1;1;1;1;1;1;1;1;1;1;1;1;1;1;1;1;1
60130000;1;01/1988;1;1;112.0;66.0;74.0;12;26;1;1;1;64.0;1;76.0;74.0;74.0;76.0;89.0;79.0;77.0;76.0;76.0;79.0;91.0;106.0;79.0;78.0;75.0;73.0;70.0;70.0;69.0;68.0;68.0;68.0;68.0;68.0;67.0;66.0;66.0;66.0;69.0;68.0;68.0;1;1;1;1;1;1;1;1;1;1;1;1;1;1;1;1;1;1;1;1;1;1;1;1;1;1;1;1;1;1;1
60130000;2;02/1988;1;1;208.0;68.0;100.2069;18;1;1;1;1;0.0;0;68.0;70.0;70.0;68.0;72.0;98.0;115.0;76.0;76.0;183.0;137.0;117.0;102.0;100.0;95.0;89.0;130.0;208.0;117.0;100.0;98.0;97.0;95.0;90.0;88.0;88.0;86.0;87.0;86.0;;;1;1;1;1;1;1;1;1;1;1;1;1;1;1;1;1;1;1;1;1;1;1;1;1;1;1;1;1;1;;
60130000;1;02/1988;1;1;236.0;68.0;100.0;18;1;1;1;1;64.0;1;68.0;70.0;70.0;68.0;72.0;98.0;115.0;76.0;76.0;183.0;137.0;117.0;102.0;100.0;95.0;89.0;130.0;208.0;117.0;100.0;98.0;97.0;95.0;90.0;88.0;88.0;86.0;87.0;86.0;;;1;1;1;1;1;1;1;1;1;1;1;1;1;1;1;1;1;1;1;1;1;1;1;1;1;1;1;1;1;0;0
60130000;2;03/1988;1;1;139.0;72.0;84.645203;5;27;1;1;1;0.0;0;86.0;84.0;84.0;84.0;139.0;121.0;94.0;91.0;88.0;89.0;88.0;85.0;83.0;80.0;80.0;80.0;94.0;80.0;80.0;80.0;79.0;78.0;78.0;77.0;76.0;74.0;72.0;72.0;72.0;78.0;78.0;1;1;1;1;1;1;1;1;1;1;1;1;1;1;1;1;1;1;1;1;1;1;1;1;1;1;1;1;1;1;1
60130000;1;03/1988;1;1;146.0;72.0;85.0;5;27;1;1;1;64.0;1;86.0;84.0;84.0;84.0;139.0;121.0;94.0;91.0;88.0;89.0;88.0;85.0;83.0;80.0;80.0;80.0;94.0;80.0;80.0;80.0;79.0;78.0;78.0;77.0;76.0;74.0;72.0;72.0;72.0;78.0;78.0;1;1;1;1;1;1;1;1;1;1;1;1;1;1;1;1;1;1;1;1;1;1;1;1;1;1;1;1;1;1;1
60130000;2;04/1988;1;1;88.0;70.0;73.5;4;12;1;1;1;0.0;0;78.0;78.0;84.0;88.0;83.0;79.0;76.0;74.0;72.0;72.0;72.0;70.0;70.0;70.0;70.0;74.0;73.0;72.0;72.0;70.0;70.0;70.0;72.0;70.0;70.0;70.0;70.0;70.0;70.0;76.0;;1;1;1;1;1;1;1;1;1;1;1;1;1;1;1;1;1;1;1;1;1;1;1;1;1;1;1;1;1;1;
60130000;1;04/1988;1;1;90.0;70.0;73.0;4;12;1;1;1;64.0;1;78.0;78.0;84.0;88.0;83.0;79.0;76.0;74.0;72.0;72.0;72.0;70.0;70.0;70.0;70.0;74.0;73.0;72.0;72.0;70.0;70.0;70.0;72.0;70.0;70.0;70.0;70.0;70.0;70.0;76.0;;1;1;1;1;1;1;1;1;1;1;1;1;1;1;1;1;1;1;1;1;1;1;1;1;1;1;1;1;1;1;0
60130000;2;05/1988;1;1;74.0;62.0;65.709702;1;20;1;1;1;0.0;0;74.0;72.0;70.0;68.0;68.0;68.0;68.0;68.0;68.0;68.0;66.0;66.0;66.0;64.0;64.0;64.0;64.0;64.0;64.0;62.0;62.0;62.0;62.0;62.0;62.0;69.0;66.0;64.0;64.0;64.0;64.0;1;1;1;1;1;1;1;1;1;1;1;1;1;1;1;1;1;1;1;1;1;1;1;1;1;1;1;1;1;1;1
60130000;1;05/1988;1;1;74.0;62.0;66.0;1;20;1;1;1;64.0;1;74.0;72.0;70.0;68.0;68.0;68.0;68.0;68.0;68.0;68.0;66.0;66.0;66.0;64.0;64.0;64.0;64.0;64.0;64.0;62.0;62.0;62.0;62.0;62.0;62.0;69.0;66.0;64.0;64.0;64.0;64.0;1;1;1;1;1;1;1;1;1;1;1;1;1;1;1;1;1;1;1;1;1;1;1;1;1;1;1;1;1;1;1
60130000;2;06/1988;1;1;66.0;58.0;60.833302;4;24;1;1;1;0.0;0;64.0;64.0;64.0;66.0;64.0;64.0;62.0;62.0;62.0;62.0;62.0;62.0;62.0;60.0;60.0;60.0;60.0;60.0;60.0;60.0;60.0;60.0;59.0;58.0;58.0;58.0;58.0;58.0;58.0;58.0;;1;1;1;1;1;1;1;1;1;1;1;1;1;1;1;1;1;1;1;1;1;1;1;1;1;1;1;1;1;1;
60130000;1;06/1988;1;1;66.0;58.0;61.0;4;24;1;1;1;64.0;1;64.0;64.0;64.0;66.0;64.0;64.0;62.0;62.0;62.0;62.0;62.0;62.0;62.0;60.0;60.0;60.0;60.0;60.0;60.0;60.0;60.0;60.0;59.0;58.0;58.0;58.0;58.0;58.0;58.0;58.0;;1;1;1;1;1;1;1;1;1;1;1;1;1;1;1;1;1;1;1;1;1;1;1;1;1;1;1;1;1;1;0
60130000;2;07/1988;1;1;58.0;52.0;54.967701;1;26;1;1;1;0.0;0;58.0;58.0;58.0;58.0;58.0;58.0;58.0;58.0;58.0;56.0;56.0;56.0;54.0;54.0;54.0;54.0;54.0;54.0;54.0;54.0;54.0;54.0;54.0;54.0;54.0;52.0;52.0;52.0;52.0;52.0;52.0;1;1;1;1;1;1;1;1;1;1;1;1;1;1;1;1;1;1;1;1;1;1;1;1;1;1;1;1;1;1;1
60130000;1;07/1988;1;1;58.0;52.0;55.0;1;26;1;1;1;64.0;1;58.0;58.0;58.0;58.0;58.0;58.0;58.0;58.0;58.0;56.0;56.0;56.0;54.0;54.0;54.0;54.0;54.0;54.0;54.0;54.0;54.0;54.0;54.0;54.0;54.0;52.0;52.0;52.0;52.0;52.0;52.0;1;1;1;1;1;1;1;1;1;1;1;1;1;1;1;1;1;1;1;1;1;1;1;1;1;1;1;1;1;1;1
60130000;2;08/1988;1;1;52.0;46.0;48.709702;1;27;1;1;1;0.0;0;52.0;52.0;52.0;52.0;52.0;52.0;52.0;52.0;48.0;48.0;48.0;48.0;48.0;48.0;48.0;48.0;48.0;48.0;48.0;48.0;48.0;48.0;48.0;48.0;48.0;48.0;46.0;46.0;46.0;46.0;46.0;1;1;1;1;1;1;1;1;1;1;1;1;1;1;1;1;1;1;1;1;1;1;1;1;1;1;1;1;1;1;1
60130000;1;08/1988;1;1;52.0;46.0;49.0;1;27;1;1;1;64.0;1;52.0;52.0;52.0;52.0;52.0;52.0;52.0;52.0;48.0;48.0;48.0;48.0;48.0;48.0;48.0;48.0;48.0;48.0;48.0;48.0;48.0;48.0;48.0;48.0;48.0;48.0;46.0;46.0;46.0;46.0;46.0;1;1;1;1;1;1;1;1;1;1;1;1;1;1;1;1;1;1;1;1;1;1;1;1;1;1;1;1;1;1;1
60130000;2;09/1988;1;1;46.0;42.0;43.633301;1;24;1;1;1;0.0;0;46.0;46.0;46.0;46.0;45.0;44.0;44.0;45.0;45.0;45.0;44.0;44.0;44.0;44.0;43.0;43.0;43.0;43.0;43.0;43.0;43.0;43.0;43.0;42.0;42.0;42.0;42.0;42.0;42.0;42.0;;1;1;1;1;1;1;1;1;1;1;1;1;1;1;1;1;1;1;1;1;1;1;1;1;1;1;1;1;1;1;
60130000;1;09/1988;1;1;46.0;42.0;44.0;1;24;1;1;1;64.0;1;46.0;46.0;46.0;46.0;45.0;44.0;44.0;45.0;45.0;45.0;44.0;44.0;44.0;44.0;43.0;43.0;43.0;43.0;43.0;43.0;43.0;43.0;43.0;42.0;42.0;42.0;42.0;42.0;42.0;42.0;;1;1;1;1;1;1;1;1;1;1;1;1;1;1;1;1;1;1;1;1;1;1;1;1;1;1;1;1;1;1;0
60130000;2;10/1988;1;1;73.0;42.0;47.032299;23;1;1;1;1;0.0;0;42.0;42.0;42.0;42.0;42.0;42.0;42.0;42.0;42.0;42.0;42.0;46.0;51.0;44.0;42.0;42.0;42.0;42.0;42.0;44.0;47.0;46.0;73.0;69.0;49.0;46.0;65.0;52.0;52.0;52.0;50.0;1;1;1;1;1;1;1;1;1;1;1;1;1;1;1;1;1;1;1;1;1;1;1;1;1;1;1;1;1;1;1
60130000;1;10/1988;1;1;84.0;42.0;47.0;23;1;1;1;1;64.0;1;42.0;42.0;42.0;42.0;42.0;42.0;42.0;42.0;42.0;42.0;42.0;46.0;51.0;44.0;42.0;42.0;42.0;42.0;42.0;44.0;47.0;46.0;73.0;69.0;49.0;46.0;65.0;52.0;52.0;52.0;50.0;1;1;1;1;1;1;1;1;1;1;1;1;1;1;1;1;1;1;1;1;1;1;1;1;1;1;1;1;1;1;1
60130000;2;11/1988;1;1;81.0;42.0;50.700001;4;18;1;1;1;0.0;0;50.0;54.0;61.0;81.0;58.0;54.0;52.0;50.0;50.0;50.0;50.0;46.0;46.0;46.0;46.0;46.0;46.0;42.0;42.0;42.0;48.0;48.0;65.0;60.0;50.0;50.0;48.0;48.0;46.0;46.0;;1;1;1;1;1;1;1;1;1;1;1;1;1;1;1;1;1;1;1;1;1;1;1;1;1;1;1;1;1;1;
60130000;1;11/1988;1;1;86.0;42.0;51.0;4;18;1;1;1;64.0;1;50.0;54.0;61.0;81.0;58.0;54.0;52.0;50.0;50.0;50.0;50.0;46.0;46.0;46.0;46.0;46.0;46.0;42.0;42.0;42.0;48.0;48.0;65.0;60.0;50.0;50.0;48.0;48.0;46.0;46.0;;1;1;1;1;1;1;1;1;1;1;1;1;1;1;1;1;1;1;1;1;1;1;1;1;1;1;1;1;1;1;0
60130000;2;12/1988;1;1;102.0;46.0;64.3871;12;1;1;1;1;0.0;0;46.0;46.0;49.0;50.0;50.0;46.0;46.0;46.0;46.0;46.0;46.0;102.0;73.0;90.0;81.0;65.0;59.0;58.0;68.0;78.0;72.0;80.0;83.0;95.0;82.0;73.0;69.0;66.0;64.0;61.0;60.0;1;1;1;1;1;1;1;1;1;1;1;1;1;1;1;1;1;1;1;1;1;1;1;1;1;1;1;1;1;1;1
60130000;1;12/1988;1;1;126.0;46.0;64.0;12;1;1;1;1;64.0;1;46.0;46.0;49.0;50.0;50.0;46.0;46.0;46.0;46.0;46.0;46.0;102.0;73.0;90.0;81.0;65.0;59.0;58.0;68.0;78.0;72.0;80.0;83.0;95.0;82.0;73.0;69.0;66.0;64.0;61.0;60.0;1;1;1;1;1;1;1;1;1;1;1;1;1;1;1;1;1;1;1;1;1;1;1;1;1;1;1;1;1;1;1
60130000;2;01/1989;1;1;125.0;60.0;74.677399;8;1;1;1;1;0.0;0;60.0;60.0;60.0;77.0;70.0;69.0;81.0;125.0;93.0;81.0;71.0;83.0;80.0;90.0;81.0;71.0;85.0;89.0;78.0;68.0;91.0;68.0;68.0;66.0;66.0;66.0;66.0;66.0;62.0;62.0;62.0;1;1;1;1;1;1;1;1;1;1;1;1;1;1;1;1;1;1;1;1;1;1;1;1;1;1;1;1;1;1;1
60130000;1;01/1989;1;1;160.0;60.0;75.0;1;1;1;1;1;62.0;1;60.0;60.0;60.0;77.0;70.0;69.0;81.0;125.0;93.0;81.0;71.0;83.0;80.0;90.0;81.0;71.0;85.0;89.0;78.0;68.0;91.0;68.0;68.0;66.0;66.0;66.0;66.0;66.0;62.0;62.0;62.0;1;1;1;1;1;1;1;1;1;1;1;1;1;1;1;1;1;1;1;1;1;1;1;1;1;1;1;1;1;1;1
60130000;2;02/1989;1;1;160.0;62.0;81.678596;11;1;1;1;1;0.0;0;62.0;62.0;71.0;64.0;68.0;88.0;70.0;70.0;100.0;78.0;160.0;95.0;78.0;71.0;84.0;73.0;80.0;77.0;101.0;74.0;70.0;77.0;86.0;110.0;93.0;76.0;76.0;73.0;;;;1;1;1;1;1;1;1;1;1;1;1;1;1;1;1;1;1;1;1;1;1;1;1;1;1;1;1;1;;;
60130000;1;02/1989;1;1;190.0;62.0;82.0;1;1;1;1;1;62.0;1;62.0;62.0;71.0;64.0;68.0;88.0;70.0;70.0;100.0;78.0;160.0;95.0;78.0;71.0;84.0;73.0;80.0;77.0;101.0;74.0;70.0;77.0;86.0;110.0;93.0;76.0;76.0;73.0;;;;1;1;1;1;1;1;1;1;1;1;1;1;1;1;1;1;1;1;1;1;1;1;1;1;1;1;1;1;0;0;0
60130000;2;03/1989;1;1;152.0;68.0;79.419403;2;29;1;1;1;0.0;0;70.0;152.0;78.0;72.0;79.0;118.0;79.0;78.0;77.0;72.0;73.0;76.0;99.0;89.0;98.0;79.0;78.0;78.0;78.0;72.0;72.0;71.0;70.0;70.0;70.0;70.0;70.0;70.0;68.0;68.0;68.0;1;1;1;1;1;1;1;1;1;1;1;1;1;1;1;1;1;1;1;1;1;1;1;1;1;1;1;1;1;1;1
60130000;1;03/1989;1;1;200.0;68.0;79.0;29;29;1;1;1;62.0;1;70.0;152.0;78.0;72.0;79.0;118.0;79.0;78.0;77.0;72.0;73.0;76.0;99.0;89.0;98.0;79.0;78.0;78.0;78.0;72.0;72.0;71.0;70.0;70.0;70.0;70.0;70.0;70.0;68.0;68.0;68.0;1;1;1;1;1;1;1;1;1;1;1;1;1;1;1;1;1;1;1;1;1;1;1;1;1;1;1;1;1;1;1
60130000;2;04/1989;1;1;68.0;62.0;65.5;1;29;1;1;1;0.0;0;68.0;68.0;67.0;68.0;68.0;68.0;66.0;64.0;64.0;64.0;64.0;67.0;68.0;68.0;68.0;68.0;68.0;66.0;64.0;64.0;64.0;64.0;64.0;64.0;64.0;64.0;64.0;63.0;62.0;62.0;;1;1;1;1;1;1;1;1;1;1;1;1;1;1;1;1;1;1;1;1;1;1;1;1;1;1;1;1;1;1;
60130000;1;04/1989;1;1;68.0;62.0;65.0;29;29;1;1;1;62.0;1;68.0;68.0;67.0;68.0;68.0;68.0;66.0;64.0;64.0;64.0;64.0;67.0;68.0;68.0;68.0;68.0;68.0;66.0;64.0;64.0;64.0;64.0;64.0;64.0;64.0;64.0;64.0;63.0;62.0;62.0;;1;1;1;1;1;1;1;1;1;1;1;1;1;1;1;1;1;1;1;1;1;1;1;1;1;1;1;1;1;1;0
60130000;2;05/1989;1;1;60.0;54.0;58.258099;1;29;1;1;1;0.0;0;60.0;60.0;60.0;60.0;60.0;60.0;60.0;60.0;60.0;60.0;60.0;60.0;60.0;60.0;60.0;60.0;59.0;58.0;58.0;58.0;58.0;57.0;56.0;56.0;56.0;56.0;56.0;56.0;54.0;54.0;54.0;1;1;1;1;1;1;1;1;1;1;1;1;1;1;1;1;1;1;1;1;1;1;1;1;1;1;1;1;1;1;1
60130000;1;05/1989;1;1;60.0;54.0;58.0;29;29;1;1;1;62.0;1;60.0;60.0;60.0;60.0;60.0;60.0;60.0;60.0;60.0;60.0;60.0;60.0;60.0;60.0;60.0;60.0;59.0;58.0;58.0;58.0;58.0;57.0;56.0;56.0;56.0;56.0;56.0;56.0;54.0;54.0;54.0;1;1;1;1;1;1;1;1;1;1;1;1;1;1;1;1;1;1;1;1;1;1;1;1;1;1;1;1;1;1;1
60130000;2;06/1989;1;1;58.0;52.0;53.5;26;19;1;1;1;0.0;0;54.0;54.0;54.0;54.0;54.0;54.0;53.0;53.0;53.0;54.0;54.0;54.0;54.0;54.0;54.0;54.0;54.0;54.0;52.0;52.0;52.0;52.0;52.0;54.0;54.0;58.0;54.0;52.0;52.0;52.0;;1;1;1;1;1;1;1;1;1;1;1;1;1;1;1;1;1;1;1;1;1;1;1;1;1;1;1;1;1;1;
60130000;1;06/1989;1;1;58.0;52.0;53.0;19;19;1;1;1;62.0;1;54.0;54.0;54.0;54.0;54.0;54.0;53.0;53.0;53.0;54.0;54.0;54.0;54.0;54.0;54.0;54.0;54.0;54.0;52.0;52.0;52.0;52.0;52.0;54.0;54.0;58.0;54.0;52.0;52.0;52.0;;1;1;1;1;1;1;1;1;1;1;1;1;1;1;1;1;1;1;1;1;1;1;1;1;1;1;1;1;1;1;0
60130000;2;07/1989;1;1;65.0;48.0;49.7742;31;19;1;1;1;0.0;0;50.0;50.0;50.0;50.0;50.0;50.0;50.0;50.0;50.0;50.0;50.0;50.0;50.0;50.0;50.0;50.0;50.0;50.0;48.0;48.0;48.0;48.0;48.0;48.0;48.0;48.0;48.0;48.0;48.0;50.0;65.0;1;1;1;1;1;1;1;1;1;1;1;1;1;1;1;1;1;1;1;1;1;1;1;1;1;1;1;1;1;1;1
60130000;1;07/1989;1;1;70.0;48.0;50.0;19;19;1;1;1;62.0;1;50.0;50.0;50.0;50.0;50.0;50.0;50.0;50.0;50.0;50.0;50.0;50.0;50.0;50.0;50.0;50.0;50.0;50.0;48.0;48.0;48.0;48.0;48.0;48.0;48.0;48.0;48.0;48.0;48.0;50.0;65.0;1;1;1;1;1;1;1;1;1;1;1;1;1;1;1;1;1;1;1;1;1;1;1;1;1;1;1;1;1;1;1
60130000;2;08/1989;1;1;56.0;42.0;46.483898;3;23;1;1;1;0.0;0;51.0;54.0;56.0;54.0;50.0;50.0;50.0;46.0;46.0;46.0;46.0;46.0;46.0;46.0;46.0;46.0;46.0;46.0;46.0;46.0;46.0;44.0;42.0;42.0;42.0;42.0;42.0;46.0;46.0;44.0;42.0;1;1;1;1;1;1;1;1;1;1;1;1;1;1;1;1;1;1;1;1;1;1;1;1;1;1;1;1;1;1;1
60130000;1;08/1989;1;1;58.0;42.0;46.0;23;23;1;1;1;62.0;1;51.0;54.0;56.0;54.0;50.0;50.0;50.0;46.0;46.0;46.0;46.0;46.0;46.0;46.0;46.0;46.0;46.0;46.0;46.0;46.0;46.0;44.0;42.0;42.0;42.0;42.0;42.0;46.0;46.0;44.0;42.0;1;1;1;1;1;1;1;1;1;1;1;1;1;1;1;1;1;1;1;1;1;1;1;1;1;1;1;1;1;1;1
60130000;2;09/1989;1;1;66.0;38.0;42.0;5;24;1;1;1;0.0;0;42.0;42.0;42.0;42.0;66.0;54.0;45.0;43.0;42.0;42.0;42.0;42.0;42.0;42.0;42.0;42.0;40.0;40.0;40.0;43.0;40.0;40.0;39.0;38.0;38.0;38.0;38.0;38.0;38.0;38.0;;1;1;1;1;1;1;1;1;1;1;1;1;1;1;1;1;1;1;1;1;1;1;1;1;1;1;1;1;1;1;
60130000;1;09/1989;1;1;66.0;38.0;42.0;24;24;1;1;1;62.0;1;42.0;42.0;42.0;42.0;66.0;54.0;45.0;43.0;42.0;42.0;42.0;42.0;42.0;42.0;42.0;42.0;40.0;40.0;40.0;43.0;40.0;40.0;39.0;38.0;38.0;38.0;38.0;38.0;38.0;38.0;;1;1;1;1;1;1;1;1;1;1;1;1;1;1;1;1;1;1;1;1;1;1;1;1;1;1;1;1;1;1;0
60130000;2;10/1989;1;1;43.0;32.0;36.677399;1;11;1;1;1;0.0;0;43.0;40.0;40.0;40.0;40.0;40.0;40.0;40.0;40.0;40.0;32.0;32.0;34.0;34.0;36.0;36.0;38.0;38.0;38.0;36.0;36.0;36.0;36.0;34.0;34.0;34.0;34.0;34.0;34.0;34.0;34.0;1;1;1;1;1;1;1;1;1;1;1;1;1;1;1;1;1;1;1;1;1;1;1;1;1;1;1;1;1;1;1
60130000;1;10/1989;1;1;44.0;32.0;37.0;11;11;1;1;1;62.0;1;43.0;40.0;40.0;40.0;40.0;40.0;40.0;40.0;40.0;40.0;32.0;32.0;34.0;34.0;36.0;36.0;38.0;38.0;38.0;36.0;36.0;36.0;36.0;34.0;34.0;34.0;34.0;34.0;34.0;34.0;34.0;1;1;1;1;1;1;1;1;1;1;1;1;1;1;1;1;1;1;1;1;1;1;1;1;1;1;1;1;1;1;1
60130000;2;11/1989;1;1;140.0;34.0;54.900002;22;1;1;1;1;0.0;0;34.0;34.0;34.0;34.0;38.0;38.0;36.0;34.0;34.0;36.0;41.0;51.0;52.0;50.0;42.0;43.0;55.0;76.0;83.0;86.0;76.0;140.0;56.0;56.0;80.0;65.0;73.0;68.0;50.0;52.0;;1;1;1;1;1;1;1;1;1;1;1;1;1;1;1;1;1;1;1;1;1;1;1;1;1;1;1;1;1;1;
60130000;1;11/1989;1;1;200.0;34.0;55.0;1;1;1;1;1;62.0;1;34.0;34.0;34.0;34.0;38.0;38.0;36.0;34.0;34.0;36.0;41.0;51.0;52.0;50.0;42.0;43.0;55.0;76.0;83.0;86.0;76.0;140.0;56.0;56.0;80.0;65.0;73.0;68.0;50.0;52.0;;1;1;1;1;1;1;1;1;1;1;1;1;1;1;1;1;1;1;1;1;1;1;1;1;1;1;1;1;1;1;0
60130000;2;12/1989;1;1;240.0;54.0;99.064499;12;3;1;1;1;0.0;0;60.0;60.0;54.0;54.0;54.0;54.0;54.0;54.0;67.0;90.0;200.0;240.0;188.0;170.0;133.0;188.0;123.0;102.0;98.0;105.0;84.0;85.0;84.0;70.0;74.0;76.0;74.0;79.0;85.0;110.0;102.0;1;1;1;1;1;1;1;1;1;1;1;1;1;1;1;1;1;1;1;1;1;1;1;1;1;1;1;1;1;1;1
60130000;1;12/1989;1;1;250.0;54.0;99.0;3;3;1;1;1;62.0;1;60.0;60.0;54.0;54.0;54.0;54.0;54.0;54.0;67.0;90.0;200.0;240.0;188.0;170.0;133.0;188.0;123.0;102.0;98.0;105.0;84.0;85.0;84.0;70.0;74.0;76.0;74.0;79.0;85.0;110.0;102.0;1;1;1;1;1;1;1;1;1;1;1;1;1;1;1;1;1;1;1;1;1;1;1;1;1;1;1;1;1;1;1
60130000;2;01/1990;1;1;200.0;70.0;92.096802;4;20;1;1;1;0.0;0;92.0;89.0;115.0;200.0;200.0;189.0;190.0;86.0;82.0;82.0;82.0;80.0;80.0;76.0;76.0;74.0;74.0;74.0;74.0;70.0;70.0;70.0;70.0;70.0;70.0;70.0;70.0;70.0;70.0;70.0;70.0;1;1;1;1;1;1;1;1;1;1;1;1;1;1;1;1;1;1;1;1;1;1;1;1;1;1;1;1;1;1;1
60130000;1;01/1990;1;1;200.0;70.0;92.0;4;20;1;1;1;;0;92.0;89.0;115.0;200.0;200.0;189.0;190.0;86.0;82.0;82.0;82.0;80.0;80.0;76.0;76.0;74.0;74.0;74.0;74.0;70.0;70.0;70.0;70.0;70.0;70.0;70.0;70.0;70.0;70.0;70.0;70.0;1;1;1;1;1;1;1;1;1;1;1;1;1;1;1;1;1;1;1;1;1;1;1;1;1;1;1;1;1;1;1
60130000;2;02/1990;1;1;;;;;;0;0;0;0.0;0;;;;;;;;;;;;;;;;;;;;;68.0;90.0;90.0;88.0;84.0;84.0;80.0;;;;;;;;;;;;;;;;;;;;;;;;;1;1;1;1;1;1;1;;;;
60130000;1;02/1990;1;1;;;;;;0;0;0;;0;;;;;;;;;;;;;;;;;;;;;68.0;90.0;90.0;88.0;84.0;84.0;80.0;;;;;0;0;0;0;0;0;0;0;0;0;0;0;0;0;0;0;0;0;0;0;1;1;1;1;1;1;1;0;0;0;0
60130000;2;03/1990;1;1;79.0;64.0;68.354797;5;20;1;1;1;0.0;0;74.0;72.0;70.0;70.0;79.0;77.0;72.0;70.0;70.0;70.0;70.0;70.0;70.0;66.0;66.0;66.0;66.0;66.0;66.0;64.0;64.0;64.0;68.0;68.0;68.0;67.0;66.0;66.0;66.0;64.0;64.0;1;1;1;1;1;1;1;1;1;1;1;1;1;1;1;1;1;1;1;1;1;1;1;1;1;1;1;1;1;1;1
60130000;1;03/1990;1;1;80.0;64.0;68.0;5;20;1;1;1;;0;74.0;72.0;70.0;70.0;79.0;77.0;72.0;70.0;70.0;70.0;70.0;70.0;70.0;66.0;66.0;66.0;66.0;66.0;66.0;64.0;64.0;64.0;68.0;68.0;68.0;67.0;66.0;66.0;66.0;64.0;64.0;1;1;1;1;1;1;1;1;1;1;1;1;1;1;1;1;1;1;1;1;1;1;1;1;1;1;1;1;1;1;1
60130000;2;04/1990;1;1;79.0;58.0;62.299999;16;14;1;1;1;0.0;0;62.0;62.0;60.0;60.0;60.0;60.0;60.0;70.0;68.0;65.0;63.0;60.0;60.0;58.0;63.0;79.0;60.0;68.0;67.0;62.0;62.0;62.0;60.0;60.0;60.0;60.0;60.0;60.0;60.0;58.0;;1;1;1;1;1;1;1;1;1;1;1;1;1;1;1;1;1;1;1;1;1;1;1;1;1;1;1;1;1;1;
60130000;1;04/1990;1;1;80.0;58.0;62.0;16;14;1;1;1;;0;62.0;62.0;60.0;60.0;60.0;60.0;60.0;70.0;68.0;65.0;63.0;60.0;60.0;58.0;63.0;79.0;60.0;68.0;67.0;62.0;62.0;62.0;60.0;60.0;60.0;60.0;60.0;60.0;60.0;58.0;;1;1;1;1;1;1;1;1;1;1;1;1;1;1;1;1;1;1;1;1;1;1;1;1;1;1;1;1;1;1;0
60130000;2;05/1990;1;1;68.0;52.0;57.258099;7;28;1;1;1;0.0;0;58.0;58.0;58.0;66.0;64.0;63.0;68.0;64.0;59.0;58.0;60.0;60.0;60.0;56.0;55.0;56.0;56.0;56.0;56.0;56.0;56.0;54.0;54.0;54.0;54.0;54.0;54.0;52.0;52.0;52.0;52.0;1;1;1;1;1;1;1;1;1;1;1;1;1;1;1;1;1;1;1;1;1;1;1;1;1;1;1;1;1;1;1
60130000;1;05/1990;1;1;68.0;52.0;57.0;7;28;1;1;1;;0;58.0;58.0;58.0;66.0;64.0;63.0;68.0;64.0;59.0;58.0;60.0;60.0;60.0;56.0;55.0;56.0;56.0;56.0;56.0;56.0;56.0;54.0;54.0;54.0;54.0;54.0;54.0;52.0;52.0;52.0;52.0;1;1;1;1;1;1;1;1;1;1;1;1;1;1;1;1;1;1;1;1;1;1;1;1;1;1;1;1;1;1;1
60130000;2;06/1990;1;1;50.0;50.0;50.0;1;1;1;1;1;0.0;0;50.0;50.0;50.0;50.0;50.0;50.0;50.0;50.0;50.0;50.0;50.0;50.0;50.0;50.0;50.0;50.0;50.0;50.0;50.0;50.0;50.0;50.0;50.0;50.0;50.0;50.0;50.0;50.0;50.0;50.0;;1;1;1;1;1;1;1;1;1;1;1;1;1;1;1;1;1;1;1;1;1;1;1;1;1;1;1;1;1;1;
60130000;1;06/1990;1;1;50.0;50.0;50.0;1;1;1;1;1;;0;50.0;50.0;50.0;50.0;50.0;50.0;50.0;50.0;50.0;50.0;50.0;50.0;50.0;50.0;50.0;50.0;50.0;50.0;50.0;50.0;50.0;50.0;50.0;50.0;50.0;50.0;50.0;50.0;50.0;50.0;;1;1;1;1;1;1;1;1;1;1;1;1;1;1;1;1;1;1;1;1;1;1;1;1;1;1;1;1;1;1;0
60130000;2;07/1990;1;1;50.0;44.0;46.290298;1;22;1;1;1;0.0;0;50.0;48.0;48.0;48.0;48.0;48.0;48.0;48.0;48.0;48.0;48.0;48.0;48.0;48.0;48.0;47.0;46.0;45.0;45.0;45.0;45.0;44.0;44.0;44.0;44.0;44.0;44.0;44.0;44.0;44.0;44.0;1;1;1;1;1;1;1;1;1;1;1;1;1;1;1;1;1;1;1;1;1;1;1;1;1;1;1;1;1;1;1
60130000;1;07/1990;1;1;50.0;44.0;46.0;1;22;1;1;1;;0;50.0;48.0;48.0;48.0;48.0;48.0;48.0;48.0;48.0;48.0;48.0;48.0;48.0;48.0;48.0;47.0;46.0;45.0;45.0;45.0;45.0;44.0;44.0;44.0;44.0;44.0;44.0;44.0;44.0;44.0;44.0;1;1;1;1;1;1;1;1;1;1;1;1;1;1;1;1;1;1;1;1;1;1;1;1;1;1;1;1;1;1;1
60130000;2;08/1990;1;1;44.0;40.0;41.2258;1;12;1;1;1;0.0;0;44.0;44.0;44.0;44.0;44.0;44.0;44.0;44.0;42.0;42.0;42.0;40.0;40.0;40.0;40.0;40.0;40.0;40.0;40.0;40.0;40.0;40.0;40.0;40.0;40.0;40.0;40.0;40.0;40.0;40.0;40.0;1;1;1;1;1;1;1;1;1;1;1;1;1;1;1;1;1;1;1;1;1;1;1;1;1;1;1;1;1;1;1
60130000;1;08/1990;1;1;44.0;40.0;41.0;1;12;1;1;1;;0;44.0;44.0;44.0;44.0;44.0;44.0;44.0;44.0;42.0;42.0;42.0;40.0;40.0;40.0;40.0;40.0;40.0;40.0;40.0;40.0;40.0;40.0;40.0;40.0;40.0;40.0;40.0;40.0;40.0;40.0;40.0;1;1;1;1;1;1;1;1;1;1;1;1;1;1;1;1;1;1;1;1;1;1;1;1;1;1;1;1;1;1;1
60130000;2;09/1990;1;1;45.0;38.0;39.0;14;5;1;1;1;0.0;0;40.0;40.0;40.0;40.0;38.0;38.0;38.0;38.0;38.0;38.0;38.0;39.0;44.0;45.0;43.0;40.0;39.0;38.0;38.0;38.0;38.0;38.0;38.0;38.0;38.0;38.0;38.0;38.0;38.0;38.0;;1;1;1;1;1;1;1;1;1;1;1;1;1;1;1;1;1;1;1;1;1;1;1;1;1;1;1;1;1;1;
60130000;1;09/1990;1;1;45.0;38.0;39.0;13;5;1;1;1;;0;40.0;40.0;40.0;40.0;38.0;38.0;38.0;38.0;38.0;38.0;38.0;39.0;44.0;45.0;43.0;40.0;39.0;38.0;38.0;38.0;38.0;38.0;38.0;38.0;38.0;38.0;38.0;38.0;38.0;38.0;;1;1;1;1;1;1;1;1;1;1;1;1;1;1;1;1;1;1;1;1;1;1;1;1;1;1;1;1;1;1;0
60130000;2;10/1990;1;1;50.0;34.0;39.258099;26;6;1;1;1;0.0;0;38.0;38.0;38.0;38.0;38.0;34.0;34.0;34.0;34.0;34.0;34.0;34.0;34.0;34.0;34.0;34.0;36.0;38.0;38.0;40.0;44.0;42.0;42.0;40.0;49.0;50.0;48.0;48.0;48.0;46.0;44.0;1;1;1;1;1;1;1;1;1;1;1;1;1;1;1;1;1;1;1;1;1;1;1;1;1;1;1;1;1;1;1
60130000;1;10/1990;1;1;50.0;34.0;39.0;25;6;1;1;1;;0;38.0;38.0;38.0;38.0;38.0;34.0;34.0;34.0;34.0;34.0;34.0;34.0;34.0;34.0;34.0;34.0;36.0;38.0;38.0;40.0;44.0;42.0;42.0;40.0;49.0;50.0;48.0;48.0;48.0;46.0;44.0;1;1;1;1;1;1;1;1;1;1;1;1;1;1;1;1;1;1;1;1;1;1;1;1;1;1;1;1;1;1;1
60130000;2;11/1990;1;1;48.0;38.0;40.200001;9;16;1;1;1;0.0;0;40.0;40.0;40.0;40.0;40.0;40.0;40.0;40.0;48.0;48.0;48.0;48.0;44.0;40.0;40.0;38.0;38.0;38.0;38.0;38.0;38.0;38.0;38.0;38.0;38.0;38.0;38.0;38.0;38.0;38.0;;1;1;1;1;1;1;1;1;1;1;1;1;1;1;1;1;1;1;1;1;1;1;1;1;1;1;1;1;1;1;
60130000;1;11/1990;1;1;48.0;38.0;40.0;9;16;1;1;1;;0;40.0;40.0;40.0;40.0;40.0;40.0;40.0;40.0;48.0;48.0;48.0;48.0;44.0;40.0;40.0;38.0;38.0;38.0;38.0;38.0;38.0;38.0;38.0;38.0;38.0;38.0;38.0;38.0;38.0;38.0;;1;1;1;1;1;1;1;1;1;1;1;1;1;1;1;1;1;1;1;1;1;1;1;1;1;1;1;1;1;1;0
60130000;2;12/1990;1;1;38.0;32.0;35.2258;1;7;1;1;1;0.0;0;38.0;38.0;38.0;38.0;36.0;34.0;32.0;32.0;32.0;32.0;32.0;32.0;33.0;36.0;36.0;36.0;36.0;36.0;36.0;36.0;35.0;34.0;34.0;36.0;36.0;34.0;34.0;36.0;38.0;38.0;38.0;1;1;1;1;1;1;1;1;1;1;1;1;1;1;1;1;1;1;1;1;1;1;1;1;1;1;1;1;1;1;1
60130000;1;12/1990;1;1;38.0;32.0;35.0;1;7;1;1;1;;0;38.0;38.0;38.0;38.0;36.0;34.0;32.0;32.0;32.0;32.0;32.0;32.0;33.0;36.0;36.0;36.0;36.0;36.0;36.0;36.0;35.0;34.0;34.0;36.0;36.0;34.0;34.0;36.0;38.0;38.0;38.0;1;1;1;1;1;1;1;1;1;1;1;1;1;1;1;1;1;1;1;1;1;1;1;1;1;1;1;1;1;1;1
60130000;2;01/1991;1;1;170.0;38.0;77.193497;24;1;1;1;1;0.0;0;38.0;38.0;38.0;38.0;38.0;39.0;40.0;50.0;50.0;59.0;105.0;64.0;60.0;60.0;60.0;58.0;58.0;58.0;58.0;48.0;59.0;84.0;82.0;170.0;169.0;165.0;133.0;140.0;147.0;135.0;52.0;1;1;1;1;1;1;1;1;1;1;1;1;1;1;1;1;1;1;1;1;1;1;1;1;1;1;1;1;1;1;1
60130000;1;01/1991;1;1;200.0;38.0;77.0;26;26;1;1;1;;0;38.0;38.0;38.0;38.0;38.0;39.0;40.0;50.0;50.0;59.0;105.0;64.0;60.0;60.0;60.0;58.0;58.0;58.0;58.0;48.0;59.0;84.0;82.0;170.0;169.0;165.0;133.0;140.0;147.0;135.0;52.0;1;1;1;1;1;1;1;1;1;1;1;1;1;1;1;1;1;1;1;1;1;1;1;1;1;1;1;1;1;1;1
60130000;2;02/1991;1;1;190.0;67.0;78.142899;1;4;2;2;2;0.0;0;190.0;119.0;82.0;67.0;67.0;69.0;68.0;69.0;68.0;68.0;70.0;74.0;74.0;72.0;70.0;70.0;70.0;68.0;71.0;67.0;71.0;69.0;68.0;67.0;78.0;75.0;96.0;91.0;;;;2;2;2;2;2;2;2;2;2;2;2;2;2;2;2;2;2;2;2;2;2;2;2;2;2;2;2;2;;;
60130000;2;03/1991;1;1;141.0;37.0;53.580601;17;6;1;1;1;0.0;0;39.0;43.0;45.0;40.0;41.0;37.0;47.0;47.0;39.0;49.0;60.0;44.0;44.0;70.0;65.0;103.0;141.0;79.0;79.0;52.0;37.0;61.0;38.0;43.0;47.0;55.0;47.0;45.0;44.0;40.0;40.0;1;1;1;1;1;1;1;1;1;1;1;1;1;1;1;1;1;1;1;1;1;1;1;1;1;1;1;1;1;1;1
60130000;1;03/1991;1;1;200.0;34.0;54.0;17;17;1;1;1;;0;39.0;43.0;45.0;40.0;41.0;37.0;47.0;47.0;39.0;49.0;60.0;44.0;44.0;70.0;65.0;103.0;141.0;79.0;79.0;52.0;37.0;61.0;38.0;43.0;47.0;55.0;47.0;45.0;44.0;40.0;40.0;1;1;1;1;1;1;1;1;1;1;1;1;1;1;1;1;1;1;1;1;1;1;1;1;1;1;1;1;1;1;1
60130000;2;04/1991;1;1;165.0;38.0;54.366699;7;19;1;1;1;0.0;0;55.0;39.0;41.0;47.0;43.0;81.0;165.0;63.0;81.0;70.0;52.0;69.0;70.0;72.0;77.0;40.0;41.0;41.0;38.0;46.0;41.0;40.0;40.0;38.0;39.0;40.0;40.0;41.0;41.0;40.0;;1;1;1;1;1;1;1;1;1;1;1;1;1;1;1;1;1;1;1;1;1;1;1;1;1;1;1;1;1;1;
60130000;1;04/1991;1;1;200.0;38.0;54.0;7;7;1;1;1;;0;55.0;39.0;41.0;47.0;43.0;81.0;165.0;63.0;81.0;70.0;52.0;69.0;70.0;72.0;77.0;40.0;41.0;41.0;38.0;46.0;41.0;40.0;40.0;38.0;39.0;40.0;40.0;41.0;41.0;40.0;;1;1;1;1;1;1;1;1;1;1;1;1;1;1;1;1;1;1;1;1;1;1;1;1;1;1;1;1;1;1;0
60130000;2;05/1991;1;1;77.0;37.0;47.193501;30;27;1;1;1;0.0;0;39.0;39.0;43.0;44.0;41.0;40.0;46.0;49.0;53.0;41.0;41.0;38.0;44.0;50.0;64.0;73.0;43.0;43.0;44.0;40.0;50.0;48.0;42.0;60.0;47.0;38.0;37.0;40.0;39.0;77.0;70.0;1;1;1;1;1;1;1;1;1;1;1;1;1;1;1;1;1;1;1;1;1;1;1;1;1;1;1;1;1;1;1
60130000;1;05/1991;1;1;90.0;30.0;47.0;16;16;1;1;1;;0;39.0;39.0;43.0;44.0;41.0;40.0;46.0;49.0;53.0;41.0;41.0;38.0;44.0;50.0;64.0;73.0;43.0;43.0;44.0;40.0;50.0;48.0;42.0;60.0;47.0;38.0;37.0;40.0;39.0;77.0;70.0;1;1;1;1;1;1;1;1;1;1;1;1;1;1;1;1;1;1;1;1;1;1;1;1;1;1;1;1;1;1;1
60130000;2;06/1991;1;1;70.0;32.0;44.533298;11;26;1;1;1;0.0;0;48.0;43.0;44.0;40.0;36.0;38.0;43.0;53.0;42.0;60.0;70.0;40.0;60.0;38.0;33.0;46.0;38.0;42.0;43.0;47.0;46.0;60.0;65.0;40.0;36.0;32.0;38.0;40.0;35.0;40.0;;1;1;1;1;1;1;1;1;1;1;1;1;1;1;1;1;1;1;1;1;1;1;1;1;1;1;1;1;1;1;
60130000;1;06/1991;1;1;90.0;32.0;45.0;11;11;1;1;1;;0;48.0;43.0;44.0;40.0;36.0;38.0;43.0;53.0;42.0;60.0;70.0;40.0;60.0;38.0;33.0;46.0;38.0;42.0;43.0;47.0;46.0;60.0;65.0;40.0;36.0;32.0;38.0;40.0;35.0;40.0;;1;1;1;1;1;1;1;1;1;1;1;1;1;1;1;1;1;1;1;1;1;1;1;1;1;1;1;1;1;1;0
60130000;2;07/1991;1;1;76.0;31.0;43.290298;10;3;1;1;1;0.0;0;45.0;41.0;31.0;39.0;40.0;44.0;36.0;40.0;39.0;76.0;42.0;41.0;40.0;40.0;44.0;41.0;34.0;45.0;47.0;42.0;36.0;44.0;41.0;51.0;61.0;40.0;42.0;39.0;43.0;40.0;58.0;1;1;1;1;1;1;1;1;1;1;1;1;1;1;1;1;1;1;1;1;1;1;1;1;1;1;1;1;1;1;1
60130000;1;07/1991;1;1;82.0;30.0;43.0;10;10;1;1;1;;0;45.0;41.0;31.0;39.0;40.0;44.0;36.0;40.0;39.0;76.0;42.0;41.0;40.0;40.0;44.0;41.0;34.0;45.0;47.0;42.0;36.0;44.0;41.0;51.0;61.0;40.0;42.0;39.0;43.0;40.0;58.0;1;1;1;1;1;1;1;1;1;1;1;1;1;1;1;1;1;1;1;1;1;1;1;1;1;1;1;1;1;1;1
60130000;2;08/1991;1;1;81.0;30.0;49.6129;5;10;1;1;1;0.0;0;60.0;44.0;53.0;41.0;81.0;40.0;34.0;49.0;42.0;30.0;40.0;36.0;52.0;60.0;80.0;41.0;41.0;34.0;53.0;40.0;41.0;55.0;41.0;41.0;41.0;72.0;65.0;58.0;72.0;65.0;36.0;1;1;1;1;1;1;1;1;1;1;1;1;1;1;1;1;1;1;1;1;1;1;1;1;1;1;1;1;1;1;1
60130000;1;08/1991;1;1;90.0;30.0;50.0;15;15;1;1;1;;0;60.0;44.0;53.0;41.0;81.0;40.0;34.0;49.0;42.0;30.0;40.0;36.0;52.0;60.0;80.0;41.0;41.0;34.0;53.0;40.0;41.0;55.0;41.0;41.0;41.0;72.0;65.0;58.0;72.0;65.0;36.0;1;1;1;1;1;1;1;1;1;1;1;1;1;1;1;1;1;1;1;1;1;1;1;1;1;1;1;1;1;1;1
60130000;2;09/1991;1;1;86.0;31.0;59.266701;29;3;1;1;1;0.0;0;50.0;50.0;31.0;44.0;49.0;60.0;41.0;40.0;52.0;79.0;43.0;50.0;38.0;65.0;44.0;61.0;41.0;60.0;72.0;82.0;76.0;50.0;81.0;82.0;76.0;68.0;57.0;64.0;86.0;86.0;;1;1;1;1;1;1;1;1;1;1;1;1;1;1;1;1;1;1;1;1;1;1;1;1;1;1;1;1;1;1;
60130000;1;09/1991;1;1;94.0;20.0;59.0;24;24;1;1;1;;0;50.0;50.0;31.0;44.0;49.0;60.0;41.0;40.0;52.0;79.0;43.0;50.0;38.0;65.0;44.0;61.0;41.0;60.0;72.0;82.0;76.0;50.0;81.0;82.0;76.0;68.0;57.0;64.0;86.0;86.0;;1;1;1;1;1;1;1;1;1;1;1;1;1;1;1;1;1;1;1;1;1;1;1;1;1;1;1;1;1;1;0
60130000;2;10/1991;1;1;95.0;34.0;47.806499;1;9;1;1;1;0.0;0;95.0;50.0;43.0;72.0;44.0;40.0;40.0;49.0;34.0;38.0;50.0;40.0;44.0;40.0;41.0;61.0;40.0;48.0;50.0;40.0;41.0;44.0;42.0;40.0;48.0;55.0;42.0;60.0;70.0;41.0;40.0;1;1;1;1;1;1;1;1;1;1;1;1;1;1;1;1;1;1;1;1;1;1;1;1;1;1;1;1;1;1;1
60130000;1;10/1991;1;1;100.0;30.0;48.0;1;1;1;1;1;;0;95.0;50.0;43.0;72.0;44.0;40.0;40.0;49.0;34.0;38.0;50.0;40.0;44.0;40.0;41.0;61.0;40.0;48.0;50.0;40.0;41.0;44.0;42.0;40.0;48.0;55.0;42.0;60.0;70.0;41.0;40.0;1;1;1;1;1;1;1;1;1;1;1;1;1;1;1;1;1;1;1;1;1;1;1;1;1;1;1;1;1;1;1
60130000;2;11/1991;1;1;75.0;32.0;46.966702;20;27;1;1;1;0.0;0;60.0;64.0;54.0;42.0;40.0;39.0;40.0;52.0;38.0;47.0;38.0;42.0;60.0;46.0;50.0;40.0;38.0;40.0;42.0;75.0;58.0;46.0;36.0;60.0;50.0;44.0;32.0;40.0;55.0;41.0;;1;1;1;1;1;1;1;1;1;1;1;1;1;1;1;1;1;1;1;1;1;1;1;1;1;1;1;1;1;1;
60130000;1;11/1991;1;1;82.0;32.0;47.0;13;13;1;1;1;;0;60.0;64.0;54.0;42.0;40.0;39.0;40.0;52.0;38.0;47.0;38.0;42.0;60.0;46.0;50.0;40.0;38.0;40.0;42.0;75.0;58.0;46.0;36.0;60.0;50.0;44.0;32.0;40.0;55.0;41.0;;1;1;1;1;1;1;1;1;1;1;1;1;1;1;1;1;1;1;1;1;1;1;1;1;1;1;1;1;1;1;0
60130000;2;12/1991;1;1;95.0;34.0;59.322601;21;7;1;1;1;0.0;0;50.0;55.0;43.0;50.0;60.0;37.0;34.0;44.0;65.0;47.0;44.0;54.0;44.0;42.0;70.0;65.0;65.0;80.0;65.0;85.0;95.0;90.0;75.0;55.0;35.0;50.0;55.0;55.0;77.0;83.0;70.0;1;1;1;1;1;1;1;1;1;1;1;1;1;1;1;1;1;1;1;1;1;1;1;1;1;1;1;1;1;1;1
60130000;1;12/1991;1;1;100.0;30.0;59.0;21;21;1;1;1;;0;50.0;55.0;43.0;50.0;60.0;37.0;34.0;44.0;65.0;47.0;44.0;54.0;44.0;42.0;70.0;65.0;65.0;80.0;65.0;85.0;95.0;90.0;75.0;55.0;35.0;50.0;55.0;55.0;77.0;83.0;70.0;1;1;1;1;1;1;1;1;1;1;1;1;1;1;1;1;1;1;1;1;1;1;1;1;1;1;1;1;1;1;1
60130000;2;01/1992;1;1;200.0;61.0;104.8065;26;13;2;2;2;0.0;0;86.0;85.0;86.0;77.0;76.0;71.0;68.0;65.0;64.0;68.0;64.0;62.0;61.0;64.0;68.0;68.0;100.0;104.0;111.0;113.0;117.0;125.0;143.0;193.0;178.0;200.0;163.0;150.0;138.0;145.0;136.0;2;2;2;2;2;2;2;2;2;2;2;2;2;2;2;2;2;2;2;2;2;2;2;2;2;2;2;2;2;2;2
60130000;2;02/1992;1;1;330.0;67.0;112.8276;4;28;2;2;2;0.0;0;106.0;107.0;138.0;330.0;213.0;138.0;115.0;141.0;119.0;310.0;115.0;109.0;99.0;94.0;78.0;77.0;85.0;91.0;82.0;76.0;74.0;74.0;74.0;75.0;71.0;68.0;72.0;67.0;74.0;;;2;2;2;2;2;2;2;2;2;2;2;2;2;2;2;2;2;2;2;2;2;2;2;2;2;2;2;2;2;;
60130000;2;03/1992;1;1;104.0;68.0;79.806503;13;30;2;2;2;0.0;0;82.0;76.0;74.0;72.0;70.0;83.0;82.0;83.0;77.0;76.0;76.0;84.0;104.0;85.0;85.0;85.0;85.0;92.0;97.0;86.0;83.0;82.0;79.0;76.0;76.0;74.0;72.0;71.0;70.0;68.0;69.0;2;2;2;2;2;2;2;2;2;2;2;2;2;2;2;2;2;2;2;2;2;2;2;2;2;2;2;2;2;2;2
60130000;2;04/1992;1;1;102.0;68.0;78.599998;27;12;2;2;2;0.0;0;70.0;72.0;70.0;70.0;69.0;72.0;71.0;70.0;70.0;70.0;70.0;68.0;69.0;72.0;76.0;85.0;87.0;85.0;81.0;85.0;85.0;82.0;84.0;87.0;84.0;84.0;102.0;91.0;92.0;85.0;;2;2;2;2;2;2;2;2;2;2;2;2;2;2;2;2;2;2;2;2;2;2;2;2;2;2;2;2;2;2;
60130000;2;05/1992;1;1;83.0;62.0;67.580597;1;21;2;2;2;0.0;0;83.0;82.0;76.0;70.0;73.0;71.0;71.0;69.0;70.0;68.0;70.0;68.0;68.0;68.0;66.0;68.0;65.0;63.0;65.0;63.0;62.0;64.0;63.0;65.0;63.0;64.0;68.0;62.0;62.0;63.0;62.0;2;2;2;2;2;2;2;2;2;2;2;2;2;2;2;2;2;2;2;2;2;2;2;2;2;2;2;2;2;2;2
60130000;2;06/1992;1;1;62.0;55.0;59.333302;2;12;2;2;2;0.0;0;61.0;62.0;62.0;62.0;62.0;62.0;60.0;62.0;59.0;58.0;56.0;55.0;58.0;59.0;57.0;59.0;59.0;60.0;58.0;58.0;59.0;60.0;59.0;59.0;60.0;59.0;59.0;58.0;59.0;59.0;;2;2;2;2;2;2;2;2;2;2;2;2;2;2;2;2;2;2;2;2;2;2;2;2;2;2;2;2;2;2;
60130000;2;07/1992;1;1;65.0;53.0;57.935501;4;10;2;2;2;0.0;0;60.0;63.0;64.0;65.0;65.0;63.0;56.0;55.0;56.0;53.0;54.0;53.0;55.0;54.0;54.0;58.0;58.0;59.0;58.0;59.0;59.0;58.0;58.0;59.0;59.0;58.0;58.0;58.0;56.0;55.0;56.0;2;2;2;2;2;2;2;2;2;2;2;2;2;2;2;2;2;2;2;2;2;2;2;2;2;2;2;2;2;2;2
60130000;2;08/1992;1;1;56.0;47.0;52.483898;2;29;2;2;2;0.0;0;55.0;56.0;55.0;54.0;55.0;56.0;55.0;55.0;56.0;53.0;53.0;53.0;52.0;52.0;53.0;52.0;51.0;52.0;52.0;52.0;52.0;52.0;52.0;50.0;52.0;52.0;52.0;52.0;47.0;47.0;47.0;2;2;2;2;2;2;2;2;2;2;2;2;2;2;2;2;2;2;2;2;2;2;2;2;2;2;2;2;2;2;2
60130000;2;09/1992;1;1;109.0;47.0;70.066704;28;1;2;2;2;0.0;0;47.0;48.0;48.0;48.0;49.0;51.0;53.0;53.0;62.0;54.0;60.0;62.0;64.0;66.0;70.0;68.0;66.0;64.0;66.0;68.0;72.0;79.0;89.0;89.0;100.0;100.0;97.0;109.0;103.0;97.0;;2;2;2;2;2;2;2;2;2;2;2;2;2;2;2;2;2;2;2;2;2;2;2;2;2;2;2;2;2;2;
60130000;2;10/1992;1;1;96.0;58.0;66.903198;29;13;2;2;2;0.0;0;74.0;70.0;64.0;64.0;68.0;70.0;68.0;66.0;64.0;62.0;60.0;60.0;58.0;62.0;66.0;64.0;64.0;68.0;70.0;66.0;60.0;66.0;62.0;58.0;66.0;70.0;79.0;64.0;96.0;77.0;68.0;2;2;2;2;2;2;2;2;2;2;2;2;2;2;2;2;2;2;2;2;2;2;2;2;2;2;2;2;2;2;2
60130000;2;11/1992;1;1;86.0;55.0;68.866699;7;27;2;2;2;0.0;0;60.0;69.0;77.0;85.0;82.0;85.0;86.0;83.0;82.0;80.0;86.0;79.0;76.0;73.0;70.0;69.0;66.0;63.0;62.0;59.0;58.0;58.0;58.0;59.0;57.0;57.0;55.0;55.0;58.0;59.0;;2;2;2;2;2;2;2;2;2;2;2;2;2;2;2;2;2;2;2;2;2;2;2;2;2;2;2;2;2;2;
60130000;2;12/1992;1;1;119.0;60.0;79.871002;6;1;2;2;2;0.0;0;60.0;64.0;79.0;97.0;107.0;119.0;99.0;97.0;96.0;96.0;99.0;99.0;96.0;81.0;76.0;69.0;69.0;69.0;73.0;75.0;72.0;69.0;66.0;65.0;63.0;62.0;63.0;69.0;85.0;73.0;69.0;2;2;2;2;2;2;2;2;2;2;2;2;2;2;2;2;2;2;2;2;2;2;2;2;2;2;2;2;2;2;2
60130000;2;01/1993;1;1;172.0;62.0;83.741898;6;28;2;2;2;0.0;0;69.0;69.0;67.0;96.0;85.0;172.0;119.0;99.0;94.0;96.0;102.0;117.0;85.0;81.0;79.0;76.0;76.0;82.0;82.0;76.0;89.0;82.0;76.0;73.0;71.0;67.0;66.0;62.0;62.0;62.0;64.0;2;2;2;2;2;2;2;2;2;2;2;2;2;2;2;2;2;2;2;2;2;2;2;2;2;2;2;2;2;2;2
60130000;2;02/1993;1;1;282.0;62.0;110.5;27;1;2;2;2;0.0;0;62.0;64.0;67.0;67.0;79.0;82.0;86.0;109.0;99.0;85.0;76.0;178.0;200.0;138.0;166.0;138.0;113.0;96.0;88.0;86.0;84.0;83.0;96.0;117.0;104.0;94.0;282.0;155.0;;;;2;2;2;2;2;2;2;2;2;2;2;2;2;2;2;2;2;2;2;2;2;2;2;2;2;2;2;2;;;
60130000;2;03/1993;1;1;119.0;67.0;78.7742;1;22;2;2;2;0.0;0;119.0;113.0;113.0;104.0;99.0;99.0;96.0;80.0;76.0;76.0;76.0;73.0;83.0;73.0;69.0;69.0;69.0;68.0;68.0;69.0;69.0;67.0;69.0;68.0;67.0;67.0;67.0;71.0;69.0;69.0;67.0;2;2;2;2;2;2;2;2;2;2;2;2;2;2;2;2;2;2;2;2;2;2;2;2;2;2;2;2;2;2;2
60130000;2;04/1993;1;1;138.0;64.0;90.066704;4;1;2;2;2;0.0;0;64.0;67.0;91.0;138.0;125.0;102.0;85.0;85.0;85.0;85.0;81.0;85.0;79.0;76.0;76.0;75.0;99.0;102.0;99.0;107.0;99.0;96.0;91.0;94.0;99.0;96.0;85.0;81.0;79.0;76.0;;2;2;2;2;2;2;2;2;2;2;2;2;2;2;2;2;2;2;2;2;2;2;2;2;2;2;2;2;2;2;
60130000;2;05/1993;1;1;78.0;64.0;68.483902;30;14;2;2;2;0.0;0;76.0;75.0;74.0;73.0;74.0;72.0;71.0;70.0;69.0;69.0;67.0;67.0;67.0;64.0;67.0;69.0;69.0;67.0;66.0;67.0;66.0;66.0;66.0;66.0;66.0;65.0;64.0;64.0;64.0;78.0;65.0;2;2;2;2;2;2;2;2;2;2;2;2;2;2;2;2;2;2;2;2;2;2;2;2;2;2;2;2;2;2;2
60130000;2;06/1993;1;1;73.0;62.0;66.699997;6;26;2;2;2;0.0;0;68.0;66.0;66.0;72.0;72.0;73.0;72.0;71.0;69.0;69.0;67.0;68.0;67.0;67.0;66.0;66.0;66.0;67.0;68.0;66.0;66.0;67.0;66.0;63.0;63.0;62.0;62.0;62.0;62.0;62.0;;2;2;2;2;2;2;2;2;2;2;2;2;2;2;2;2;2;2;2;2;2;2;2;2;2;2;2;2;2;2;
60130000;2;07/1993;1;1;64.0;59.0;61.419399;22;27;2;2;2;0.0;0;62.0;62.0;62.0;61.0;61.0;62.0;62.0;62.0;62.0;62.0;62.0;62.0;62.0;62.0;62.0;62.0;62.0;62.0;62.0;62.0;62.0;64.0;62.0;60.0;60.0;60.0;59.0;59.0;60.0;60.0;60.0;2;2;2;2;2;2;2;2;2;2;2;2;2;2;2;2;2;2;2;2;2;2;2;2;2;2;2;2;2;2;2
60130000;2;08/1993;1;1;59.0;51.0;55.903198;1;30;2;2;2;0.0;0;59.0;59.0;59.0;59.0;58.0;58.0;58.0;57.0;57.0;57.0;55.0;55.0;55.0;55.0;57.0;57.0;55.0;55.0;57.0;55.0;56.0;58.0;59.0;58.0;54.0;53.0;52.0;52.0;52.0;51.0;51.0;2;2;2;2;2;2;2;2;2;2;2;2;2;2;2;2;2;2;2;2;2;2;2;2;2;2;2;2;2;2;2
60130000;2;09/1993;1;1;54.0;50.0;51.533298;21;13;2;2;2;0.0;0;51.0;51.0;51.0;51.0;51.0;51.0;51.0;52.0;51.0;51.0;51.0;51.0;50.0;50.0;52.0;51.0;50.0;51.0;51.0;53.0;54.0;54.0;53.0;53.0;53.0;52.0;52.0;52.0;51.0;51.0;;2;2;2;2;2;2;2;2;2;2;2;2;2;2;2;2;2;2;2;2;2;2;2;2;2;2;2;2;2;2;
60130000;2;10/1993;1;1;77.0;51.0;55.645199;3;1;2;2;2;0.0;0;51.0;68.0;77.0;76.0;72.0;58.0;57.0;56.0;55.0;55.0;54.0;53.0;52.0;52.0;51.0;51.0;52.0;52.0;52.0;51.0;52.0;52.0;52.0;52.0;53.0;54.0;54.0;54.0;53.0;52.0;52.0;2;2;2;2;2;2;2;2;2;2;2;2;2;2;2;2;2;2;2;2;2;2;2;2;2;2;2;2;2;2;2
60130000;2;11/1993;1;1;62.0;49.0;54.400002;8;20;2;2;2;0.0;0;53.0;52.0;52.0;55.0;54.0;55.0;60.0;62.0;60.0;62.0;58.0;54.0;52.0;52.0;51.0;51.0;52.0;51.0;50.0;49.0;49.0;49.0;50.0;50.0;55.0;62.0;58.0;59.0;57.0;58.0;;2;2;2;2;2;2;2;2;2;2;2;2;2;2;2;2;2;2;2;2;2;2;2;2;2;2;2;2;2;2;
60130000;2;12/1993;1;1;115.0;49.0;65.709702;25;3;2;2;2;0.0;0;57.0;51.0;49.0;53.0;52.0;55.0;55.0;53.0;54.0;58.0;60.0;60.0;59.0;58.0;56.0;55.0;54.0;57.0;58.0;60.0;62.0;65.0;65.0;78.0;115.0;106.0;82.0;79.0;83.0;86.0;102.0;2;2;2;2;2;2;2;2;2;2;2;2;2;2;2;2;2;2;2;2;2;2;2;2;2;2;2;2;2;2;2
60130000;2;01/1994;1;1;273.0;79.0;111.4516;24;31;2;2;2;0.0;0;99.0;102.0;141.0;145.0;119.0;104.0;96.0;89.0;85.0;89.0;104.0;106.0;96.0;106.0;104.0;92.0;100.0;106.0;113.0;117.0;85.0;94.0;166.0;273.0;151.0;132.0;100.0;91.0;87.0;84.0;79.0;2;2;2;2;2;2;2;2;2;2;2;2;2;2;2;2;2;2;2;2;2;2;2;2;2;2;2;2;2;2;2
60130000;2;02/1994;1;1;103.0;66.0;73.357101;8;22;2;2;2;0.0;0;77.0;76.0;77.0;77.0;75.0;76.0;85.0;103.0;84.0;74.0;72.0;73.0;73.0;73.0;71.0;72.0;72.0;71.0;69.0;68.0;67.0;66.0;66.0;66.0;68.0;68.0;67.0;68.0;;;;2;2;2;2;2;2;2;2;2;2;2;2;2;2;2;2;2;2;2;2;2;2;2;2;2;2;2;2;;;
60130000;2;03/1994;1;1;108.0;70.0;90.6129;8;1;2;2;2;0.0;0;70.0;71.0;91.0;83.0;85.0;95.0;98.0;108.0;106.0;100.0;94.0;98.0;94.0;98.0;92.0;89.0;92.0;92.0;94.0;97.0;98.0;100.0;100.0;97.0;88.0;88.0;81.0;78.0;79.0;76.0;77.0;2;2;2;2;2;2;2;2;2;2;2;2;2;2;2;2;2;2;2;2;2;2;2;2;2;2;2;2;2;2;2
60130000;2;04/1994;1;1;176.0;159.0;164.10001;1;7;1;1;1;0.0;0;176.0;170.0;163.0;161.0;163.0;161.0;159.0;163.0;162.0;162.0;163.0;163.0;162.0;165.0;167.0;165.0;166.0;165.0;165.0;163.0;164.0;163.0;166.0;168.0;166.0;165.0;163.0;160.0;161.0;163.0;;1;1;1;1;1;1;1;1;1;1;1;1;1;1;1;1;1;1;1;1;1;1;1;1;1;1;1;1;1;1;
60130000;1;04/1994;1;1;178.0;158.0;164.0;1;7;1;1;1;;0;176.0;170.0;163.0;161.0;163.0;161.0;159.0;163.0;162.0;162.0;163.0;163.0;162.0;165.0;167.0;165.0;166.0;165.0;165.0;163.0;164.0;163.0;166.0;168.0;166.0;165.0;163.0;160.0;161.0;163.0;;1;1;1;1;1;1;1;1;1;1;1;1;1;1;1;1;1;1;1;1;1;1;1;1;1;1;1;1;1;1;0
60130000;2;05/1994;1;1;88.0;62.0;69.161301;18;12;2;2;2;0.0;0;70.0;69.0;69.0;67.0;66.0;64.0;66.0;76.0;68.0;66.0;63.0;62.0;62.0;66.0;74.0;73.0;80.0;88.0;76.0;69.0;68.0;68.0;68.0;67.0;73.0;72.0;69.0;68.0;66.0;66.0;65.0;2;2;2;2;2;2;2;2;2;2;2;2;2;2;2;2;2;2;2;2;2;2;2;2;2;2;2;2;2;2;2
60130000;2;06/1994;1;1;66.0;60.0;62.9333;4;13;2;2;2;0.0;0;65.0;65.0;65.0;66.0;66.0;65.0;63.0;63.0;62.0;61.0;61.0;61.0;60.0;61.0;61.0;61.0;61.0;62.0;63.0;63.0;63.0;64.0;63.0;64.0;65.0;63.0;63.0;61.0;63.0;64.0;;2;2;2;2;2;2;2;2;2;2;2;2;2;2;2;2;2;2;2;2;2;2;2;2;2;2;2;2;2;2;
60130000;2;07/1994;1;1;65.0;61.0;63.032299;12;10;2;2;2;0.0;0;64.0;63.0;63.0;63.0;63.0;62.0;62.0;62.0;62.0;61.0;61.0;65.0;65.0;65.0;63.0;63.0;64.0;63.0;63.0;62.0;63.0;65.0;65.0;64.0;63.0;63.0;63.0;62.0;62.0;62.0;63.0;2;2;2;2;2;2;2;2;2;2;2;2;2;2;2;2;2;2;2;2;2;2;2;2;2;2;2;2;2;2;2
60130000;2;08/1994;1;1;62.0;57.0;59.096802;1;23;2;2;2;0.0;0;62.0;62.0;62.0;61.0;61.0;61.0;61.0;61.0;61.0;61.0;60.0;60.0;59.0;59.0;59.0;59.0;59.0;59.0;58.0;58.0;58.0;58.0;57.0;57.0;57.0;57.0;57.0;57.0;57.0;57.0;57.0;2;2;2;2;2;2;2;2;2;2;2;2;2;2;2;2;2;2;2;2;2;2;2;2;2;2;2;2;2;2;2
60130000;2;09/1994;1;1;57.0;49.0;53.0667;1;24;2;2;2;0.0;0;57.0;57.0;57.0;57.0;57.0;57.0;57.0;56.0;56.0;56.0;56.0;55.0;54.0;54.0;54.0;54.0;52.0;53.0;50.0;50.0;50.0;50.0;50.0;49.0;49.0;49.0;49.0;49.0;49.0;49.0;;2;2;2;2;2;2;2;2;2;2;2;2;2;2;2;2;2;2;2;2;2;2;2;2;2;2;2;2;2;2;
60130000;2;10/1994;1;1;66.0;42.0;48.838699;31;26;2;2;2;0.0;0;48.0;48.0;46.0;45.0;45.0;48.0;50.0;54.0;55.0;54.0;52.0;51.0;50.0;49.0;49.0;50.0;50.0;49.0;49.0;47.0;46.0;44.0;45.0;44.0;43.0;42.0;42.0;45.0;46.0;62.0;66.0;2;2;2;2;2;2;2;2;2;2;2;2;2;2;2;2;2;2;2;2;2;2;2;2;2;2;2;2;2;2;2
60130000;2;11/1994;1;1;68.0;50.0;56.799999;1;7;2;2;2;0.0;0;68.0;58.0;58.0;55.0;54.0;53.0;50.0;51.0;50.0;50.0;52.0;52.0;51.0;65.0;57.0;57.0;57.0;57.0;59.0;60.0;59.0;59.0;61.0;62.0;61.0;59.0;57.0;55.0;56.0;61.0;;2;2;2;2;2;2;2;2;2;2;2;2;2;2;2;2;2;2;2;2;2;2;2;2;2;2;2;2;2;2;
60130000;2;12/1994;1;1;112.0;55.0;70.128998;8;3;2;2;2;0.0;0;57.0;56.0;55.0;57.0;59.0;61.0;97.0;112.0;86.0;84.0;71.0;63.0;57.0;56.0;57.0;56.0;61.0;59.0;63.0;65.0;65.0;78.0;108.0;100.0;105.0;70.0;64.0;66.0;65.0;61.0;60.0;2;2;2;2;2;2;2;2;2;2;2;2;2;2;2;2;2;2;2;2;2;2;2;2;2;2;2;2;2;2;2
60130000;2;01/1995;1;1;130.0;56.0;70.193497;6;17;2;2;2;0.0;0;63.0;61.0;84.0;112.0;103.0;130.0;86.0;76.0;66.0;63.0;62.0;60.0;59.0;59.0;57.0;57.0;56.0;56.0;56.0;56.0;56.0;63.0;61.0;60.0;59.0;58.0;66.0;69.0;68.0;103.0;91.0;2;2;2;2;2;2;2;2;2;2;2;2;2;2;2;2;2;2;2;2;2;2;2;2;2;2;2;2;2;2;2
60130000;2;02/1995;1;1;165.0;60.0;93.75;9;25;2;2;2;0.0;0;86.0;85.0;91.0;77.0;75.0;63.0;76.0;128.0;165.0;115.0;121.0;123.0;119.0;100.0;102.0;106.0;89.0;91.0;94.0;119.0;108.0;91.0;78.0;74.0;60.0;63.0;62.0;64.0;;;;2;2;2;2;2;2;2;2;2;2;2;2;2;2;2;2;2;2;2;2;2;2;2;2;2;2;2;2;;;
60130000;2;03/1995;1;1;79.0;61.0;66.903198;17;5;2;2;2;0.0;0;63.0;63.0;63.0;62.0;61.0;61.0;67.0;68.0;67.0;65.0;62.0;61.0;61.0;65.0;74.0;76.0;79.0;69.0;66.0;64.0;62.0;63.0;66.0;66.0;71.0;69.0;68.0;68.0;79.0;74.0;71.0;2;2;2;2;2;2;2;2;2;2;2;2;2;2;2;2;2;2;2;2;2;2;2;2;2;2;2;2;2;2;2
60130000;2;04/1995;1;1;76.0;55.0;62.866699;3;30;2;2;2;0.0;0;71.0;73.0;76.0;73.0;70.0;68.0;66.0;66.0;66.0;65.0;64.0;63.0;61.0;63.0;63.0;61.0;60.0;60.0;59.0;59.0;59.0;57.0;57.0;58.0;60.0;60.0;60.0;57.0;56.0;55.0;;2;2;2;2;2;2;2;2;2;2;2;2;2;2;2;2;2;2;2;2;2;2;2;2;2;2;2;2;2;2;
60130000;2;05/1995;1;1;239.0;57.0;80.516098;8;3;2;2;2;0.0;0;59.0;58.0;57.0;57.0;57.0;69.0;170.0;239.0;136.0;91.0;106.0;113.0;83.0;79.0;75.0;71.0;65.0;63.0;64.0;63.0;62.0;67.0;66.0;65.0;68.0;67.0;66.0;64.0;65.0;66.0;65.0;2;2;2;2;2;2;2;2;2;2;2;2;2;2;2;2;2;2;2;2;2;2;2;2;2;2;2;2;2;2;2
60130000;2;06/1995;1;1;65.0;62.0;63.0;1;11;2;2;2;0.0;0;65.0;64.0;63.0;63.0;63.0;63.0;63.0;63.0;63.0;63.0;62.0;62.0;63.0;63.0;62.0;62.0;62.0;63.0;62.0;63.0;64.0;65.0;65.0;64.0;63.0;62.0;63.0;63.0;62.0;62.0;;2;2;2;2;2;2;2;2;2;2;2;2;2;2;2;2;2;2;2;2;2;2;2;2;2;2;2;2;2;2;
60130000;2;07/1995;1;1;62.0;56.0;58.741901;1;29;2;2;2;0.0;0;62.0;62.0;61.0;61.0;61.0;61.0;60.0;60.0;60.0;59.0;59.0;59.0;59.0;59.0;59.0;59.0;59.0;59.0;58.0;58.0;58.0;57.0;58.0;57.0;57.0;57.0;57.0;57.0;56.0;56.0;56.0;2;2;2;2;2;2;2;2;2;2;2;2;2;2;2;2;2;2;2;2;2;2;2;2;2;2;2;2;2;2;2
60130000;2;08/1995;1;1;56.0;44.0;50.451599;1;31;2;2;2;0.0;0;56.0;56.0;56.0;56.0;56.0;55.0;55.0;55.0;55.0;55.0;52.0;51.0;51.0;50.0;50.0;50.0;50.0;49.0;49.0;49.0;48.0;48.0;47.0;47.0;46.0;46.0;46.0;46.0;45.0;45.0;44.0;2;2;2;2;2;2;2;2;2;2;2;2;2;2;2;2;2;2;2;2;2;2;2;2;2;2;2;2;2;2;2
60130000;2;09/1995;1;1;63.0;39.0;46.333302;30;17;2;2;2;0.0;0;44.0;44.0;44.0;43.0;43.0;42.0;42.0;42.0;42.0;42.0;42.0;42.0;42.0;41.0;40.0;40.0;39.0;42.0;46.0;53.0;52.0;52.0;49.0;50.0;49.0;49.0;53.0;57.0;61.0;63.0;;2;2;2;2;2;2;2;2;2;2;2;2;2;2;2;2;2;2;2;2;2;2;2;2;2;2;2;2;2;2;
60130000;2;10/1995;1;1;65.0;45.0;54.580601;22;9;2;2;2;0.0;0;61.0;59.0;54.0;49.0;49.0;46.0;46.0;46.0;45.0;50.0;48.0;46.0;48.0;53.0;57.0;63.0;60.0;61.0;63.0;61.0;64.0;65.0;63.0;59.0;57.0;54.0;53.0;54.0;50.0;51.0;57.0;2;2;2;2;2;2;2;2;2;2;2;2;2;2;2;2;2;2;2;2;2;2;2;2;2;2;2;2;2;2;2
60130000;2;11/1995;1;1;62.0;49.0;54.099998;1;17;2;2;2;0.0;0;62.0;60.0;60.0;59.0;57.0;56.0;52.0;50.0;50.0;50.0;50.0;50.0;52.0;50.0;50.0;50.0;49.0;50.0;53.0;55.0;54.0;54.0;54.0;54.0;59.0;59.0;57.0;56.0;56.0;55.0;;2;2;2;2;2;2;2;2;2;2;2;2;2;2;2;2;2;2;2;2;2;2;2;2;2;2;2;2;2;2;
60130000;2;12/1995;1;1;76.0;52.0;62.129002;27;12;2;2;2;0.0;0;54.0;54.0;56.0;58.0;59.0;57.0;56.0;56.0;55.0;54.0;54.0;52.0;54.0;60.0;62.0;59.0;59.0;60.0;59.0;62.0;69.0;69.0;68.0;71.0;73.0;73.0;76.0;74.0;72.0;70.0;71.0;2;2;2;2;2;2;2;2;2;2;2;2;2;2;2;2;2;2;2;2;2;2;2;2;2;2;2;2;2;2;2
60130000;2;01/1996;1;1;87.0;50.0;64.677399;10;31;2;2;2;0.0;0;70.0;75.0;80.0;76.0;70.0;64.0;61.0;58.0;63.0;87.0;81.0;81.0;83.0;73.0;70.0;65.0;63.0;60.0;57.0;56.0;57.0;59.0;58.0;56.0;56.0;57.0;56.0;56.0;55.0;52.0;50.0;2;2;2;2;2;2;2;2;2;2;2;2;2;2;2;2;2;2;2;2;2;2;2;2;2;2;2;2;2;2;2
60130000;2;02/1996;1;1;81.0;49.0;56.896599;8;2;2;2;2;0.0;0;50.0;49.0;49.0;49.0;49.0;54.0;61.0;81.0;71.0;61.0;60.0;63.0;65.0;63.0;61.0;59.0;57.0;57.0;59.0;58.0;56.0;55.0;54.0;54.0;52.0;52.0;51.0;50.0;50.0;;;2;2;2;2;2;2;2;2;2;2;2;2;2;2;2;2;2;2;2;2;2;2;2;2;2;2;2;2;2;;
60130000;2;03/1996;1;1;71.0;49.0;58.903198;22;1;2;2;2;0.0;0;49.0;49.0;49.0;52.0;52.0;52.0;52.0;65.0;63.0;61.0;60.0;60.0;57.0;54.0;56.0;68.0;67.0;64.0;63.0;66.0;68.0;71.0;68.0;66.0;63.0;59.0;58.0;57.0;54.0;52.0;51.0;2;2;2;2;2;2;2;2;2;2;2;2;2;2;2;2;2;2;2;2;2;2;2;2;2;2;2;2;2;2;2
60130000;2;04/1996;1;1;56.0;46.0;49.266701;18;6;2;2;2;0.0;0;50.0;49.0;49.0;48.0;47.0;46.0;47.0;46.0;46.0;47.0;47.0;48.0;49.0;50.0;50.0;51.0;54.0;56.0;56.0;55.0;54.0;52.0;50.0;49.0;49.0;48.0;46.0;46.0;46.0;47.0;;2;2;2;2;2;2;2;2;2;2;2;2;2;2;2;2;2;2;2;2;2;2;2;2;2;2;2;2;2;2;
60130000;2;05/1996;1;1;55.0;42.0;46.870998;19;9;2;2;2;0.0;0;46.0;46.0;46.0;46.0;43.0;43.0;43.0;43.0;42.0;43.0;46.0;46.0;44.0;44.0;48.0;47.0;48.0;49.0;55.0;54.0;52.0;52.0;52.0;50.0;48.0;47.0;47.0;46.0;47.0;45.0;45.0;2;2;2;2;2;2;2;2;2;2;2;2;2;2;2;2;2;2;2;2;2;2;2;2;2;2;2;2;2;2;2
60130000;2;06/1996;1;1;44.0;40.0;41.833302;1;16;2;2;2;0.0;0;44.0;44.0;43.0;43.0;44.0;43.0;43.0;43.0;42.0;42.0;41.0;42.0;42.0;41.0;42.0;40.0;40.0;40.0;40.0;41.0;41.0;41.0;41.0;41.0;41.0;41.0;41.0;42.0;43.0;43.0;;2;2;2;2;2;2;2;2;2;2;2;2;2;2;2;2;2;2;2;2;2;2;2;2;2;2;2;2;2;2;
60130000;2;07/1996;1;1;43.0;36.0;38.677399;1;23;2;2;2;0.0;0;43.0;42.0;41.0;41.0;40.0;40.0;40.0;40.0;39.0;39.0;38.0;38.0;38.0;38.0;39.0;38.0;38.0;38.0;38.0;38.0;38.0;38.0;36.0;36.0;36.0;37.0;38.0;38.0;38.0;38.0;40.0;2;2;2;2;2;2;2;2;2;2;2;2;2;2;2;2;2;2;2;2;2;2;2;2;2;2;2;2;2;2;2
60130000;2;08/1996;1;1;46.0;33.0;37.741901;15;31;2;2;2;0.0;0;39.0;39.0;38.0;38.0;38.0;37.0;36.0;36.0;36.0;36.0;36.0;37.0;38.0;38.0;46.0;44.0;42.0;41.0;40.0;39.0;38.0;38.0;37.0;37.0;37.0;37.0;36.0;35.0;34.0;34.0;33.0;2;2;2;2;2;2;2;2;2;2;2;2;2;2;2;2;2;2;2;2;2;2;2;2;2;2;2;2;2;2;2
60130000;2;09/1996;1;1;54.0;31.0;41.099998;5;2;2;2;2;0.0;0;33.0;31.0;31.0;39.0;54.0;54.0;52.0;50.0;50.0;51.0;49.0;46.0;45.0;45.0;44.0;43.0;42.0;38.0;38.0;37.0;37.0;36.0;36.0;36.0;36.0;36.0;35.0;36.0;36.0;37.0;;2;2;2;2;2;2;2;2;2;2;2;2;2;2;2;2;2;2;2;2;2;2;2;2;2;2;2;2;2;2;
60130000;2;10/1996;1;1;51.0;34.0;41.838699;29;3;2;2;2;0.0;0;36.0;36.0;34.0;38.0;40.0;43.0;43.0;41.0;40.0;41.0;40.0;37.0;42.0;43.0;41.0;40.0;42.0;43.0;42.0;43.0;41.0;39.0;40.0;39.0;40.0;46.0;48.0;48.0;51.0;51.0;49.0;2;2;2;2;2;2;2;2;2;2;2;2;2;2;2;2;2;2;2;2;2;2;2;2;2;2;2;2;2;2;2
60130000;2;11/1996;1;1;96.0;49.0;60.5;22;13;2;2;2;0.0;0;51.0;52.0;53.0;53.0;53.0;55.0;60.0;59.0;57.0;53.0;51.0;51.0;49.0;51.0;53.0;54.0;54.0;56.0;59.0;66.0;74.0;96.0;85.0;82.0;74.0;73.0;69.0;59.0;58.0;55.0;;2;2;2;2;2;2;2;2;2;2;2;2;2;2;2;2;2;2;2;2;2;2;2;2;2;2;2;2;2;2;
60130000;2;12/1996;1;1;81.0;52.0;61.129002;26;2;2;2;2;0.0;0;53.0;52.0;55.0;55.0;57.0;55.0;56.0;58.0;59.0;59.0;58.0;57.0;55.0;54.0;56.0;56.0;57.0;60.0;62.0;59.0;57.0;59.0;61.0;64.0;62.0;81.0;78.0;77.0;74.0;75.0;74.0;2;2;2;2;2;2;2;2;2;2;2;2;2;2;2;2;2;2;2;2;2;2;2;2;2;2;2;2;2;2;2
60130000;2;01/1997;1;1;140.0;71.0;88.645203;6;27;2;2;2;0.0;0;72.0;75.0;86.0;94.0;106.0;140.0;126.0;111.0;124.0;108.0;88.0;83.0;80.0;80.0;78.0;79.0;77.0;77.0;80.0;79.0;85.0;81.0;76.0;74.0;73.0;72.0;71.0;74.0;93.0;102.0;104.0;2;2;2;2;2;2;2;2;2;2;2;2;2;2;2;2;2;2;2;2;2;2;2;2;2;2;2;2;2;2;2
60130000;2;02/1997;1;1;101.0;59.0;72.214302;1;16;2;2;2;0.0;0;101.0;89.0;93.0;86.0;96.0;93.0;88.0;84.0;82.0;81.0;80.0;72.0;64.0;61.0;60.0;59.0;62.0;62.0;62.0;61.0;61.0;60.0;60.0;61.0;62.0;60.0;61.0;61.0;;;;2;2;2;2;2;2;2;2;2;2;2;2;2;2;2;2;2;2;2;2;2;2;2;2;2;2;2;2;;;
60130000;2;03/1997;1;1;104.0;64.0;75.451599;31;28;2;2;2;0.0;0;78.0;77.0;75.0;75.0;75.0;77.0;73.0;72.0;72.0;73.0;72.0;71.0;71.0;71.0;71.0;79.0;97.0;87.0;79.0;78.0;78.0;75.0;74.0;73.0;72.0;67.0;67.0;64.0;66.0;76.0;104.0;2;2;2;2;2;2;2;2;2;2;2;2;2;2;2;2;2;2;2;2;2;2;2;2;2;2;2;2;2;2;2
60130000;2;04/1997;1;1;179.0;66.0;80.300003;1;20;2;2;2;0.0;0;179.0;155.0;118.0;86.0;84.0;79.0;76.0;75.0;76.0;75.0;75.0;74.0;74.0;73.0;72.0;72.0;70.0;67.0;67.0;66.0;66.0;66.0;68.0;69.0;72.0;74.0;74.0;71.0;68.0;68.0;;2;2;2;2;2;2;2;2;2;2;2;2;2;2;2;2;2;2;2;2;2;2;2;2;2;2;2;2;2;2;
60130000;2;05/1997;1;1;;;;;;0;0;0;0.0;0;;;72.0;72.0;72.0;72.0;72.0;71.0;71.0;71.0;70.0;70.0;69.0;69.0;69.0;68.0;68.0;68.0;68.0;69.0;69.0;68.0;66.0;66.0;74.0;76.0;76.0;76.0;66.0;66.0;66.0;;;1;1;1;1;1;1;1;1;1;1;1;1;1;1;1;1;1;1;1;1;1;1;1;1;1;1;1;1;1
60130000;1;05/1997;1;1;;;;;;0;0;0;;0;;;72.0;72.0;72.0;72.0;72.0;71.0;71.0;71.0;70.0;70.0;69.0;69.0;69.0;68.0;68.0;68.0;68.0;69.0;69.0;68.0;66.0;66.0;74.0;76.0;76.0;76.0;66.0;66.0;66.0;4;4;1;1;1;1;1;1;1;1;1;1;1;1;1;1;1;1;1;1;1;1;1;1;1;1;1;1;1;1;1
60130000;2;06/1997;1;1;96.0;62.0;67.400002;6;30;1;1;1;0.0;0;66.0;66.0;65.0;65.0;65.0;96.0;70.0;69.0;69.0;66.0;66.0;66.0;66.0;66.0;74.0;73.0;73.0;67.0;66.0;66.0;66.0;66.0;65.0;65.0;64.0;64.0;64.0;63.0;63.0;62.0;;1;1;1;1;1;1;1;1;1;1;1;1;1;1;1;1;1;1;1;1;1;1;1;1;1;1;1;1;1;1;
60130000;1;06/1997;1;1;96.0;62.0;67.0;6;30;1;1;1;;0;66.0;66.0;65.0;65.0;65.0;96.0;70.0;69.0;69.0;66.0;66.0;66.0;66.0;66.0;74.0;73.0;73.0;67.0;66.0;66.0;66.0;66.0;65.0;65.0;64.0;64.0;64.0;63.0;63.0;62.0;;1;1;1;1;1;1;1;1;1;1;1;1;1;1;1;1;1;1;1;1;1;1;1;1;1;1;1;1;1;1;0
60130000;2;07/1997;1;1;62.0;56.0;58.935501;1;29;1;1;1;0.0;0;62.0;62.0;62.0;62.0;62.0;62.0;60.0;60.0;60.0;60.0;60.0;60.0;60.0;60.0;59.0;58.0;58.0;58.0;58.0;58.0;58.0;58.0;57.0;57.0;57.0;57.0;57.0;57.0;56.0;56.0;56.0;1;1;1;1;1;1;1;1;1;1;1;1;1;1;1;1;1;1;1;1;1;1;1;1;1;1;1;1;1;1;1
60130000;1;07/1997;1;1;62.0;56.0;59.0;1;29;1;1;1;;0;62.0;62.0;62.0;62.0;62.0;62.0;60.0;60.0;60.0;60.0;60.0;60.0;60.0;60.0;59.0;58.0;58.0;58.0;58.0;58.0;58.0;58.0;57.0;57.0;57.0;57.0;57.0;57.0;56.0;56.0;56.0;1;1;1;1;1;1;1;1;1;1;1;1;1;1;1;1;1;1;1;1;1;1;1;1;1;1;1;1;1;1;1
60130000;2;08/1997;1;1;56.0;46.0;51.677399;1;30;1;1;1;0.0;0;56.0;56.0;56.0;56.0;55.0;54.0;54.0;54.0;54.0;54.0;54.0;54.0;53.0;52.0;52.0;52.0;52.0;52.0;52.0;50.0;50.0;50.0;50.0;48.0;48.0;48.0;48.0;48.0;48.0;46.0;46.0;1;1;1;1;1;1;1;1;1;1;1;1;1;1;1;1;1;1;1;1;1;1;1;1;1;1;1;1;1;1;1
60130000;1;08/1997;1;1;56.0;46.0;52.0;1;30;1;1;1;;0;56.0;56.0;56.0;56.0;55.0;54.0;54.0;54.0;54.0;54.0;54.0;54.0;53.0;52.0;52.0;52.0;52.0;52.0;52.0;50.0;50.0;50.0;50.0;48.0;48.0;48.0;48.0;48.0;48.0;46.0;46.0;1;1;1;1;1;1;1;1;1;1;1;1;1;1;1;1;1;1;1;1;1;1;1;1;1;1;1;1;1;1;1
60130000;2;09/1997;1;1;48.0;40.0;42.233299;30;8;1;1;1;0.0;0;46.0;46.0;46.0;44.0;44.0;44.0;42.0;40.0;40.0;40.0;41.0;41.0;41.0;41.0;41.0;41.0;41.0;41.0;41.0;40.0;40.0;40.0;40.0;40.0;42.0;42.0;43.0;47.0;44.0;48.0;;1;1;1;1;1;1;1;1;1;1;1;1;1;1;1;1;1;1;1;1;1;1;1;1;1;1;1;1;1;1;
60130000;1;09/1997;1;1;48.0;40.0;42.0;30;8;1;1;1;;0;46.0;46.0;46.0;44.0;44.0;44.0;42.0;40.0;40.0;40.0;41.0;41.0;41.0;41.0;41.0;41.0;41.0;41.0;41.0;40.0;40.0;40.0;40.0;40.0;42.0;42.0;43.0;47.0;44.0;48.0;;1;1;1;1;1;1;1;1;1;1;1;1;1;1;1;1;1;1;1;1;1;1;1;1;1;1;1;1;1;1;0
60130000;2;10/1997;1;1;59.0;36.0;44.2258;21;15;1;1;1;0.0;0;48.0;47.0;46.0;45.0;45.0;44.0;44.0;44.0;44.0;40.0;40.0;40.0;39.0;39.0;36.0;36.0;38.0;41.0;40.0;40.0;59.0;56.0;48.0;46.0;42.0;49.0;51.0;46.0;46.0;46.0;46.0;1;1;1;1;1;1;1;1;1;1;1;1;1;1;1;1;1;1;1;1;1;1;1;1;1;1;1;1;1;1;1
60130000;1;10/1997;1;1;59.0;36.0;44.0;21;15;1;1;1;;0;48.0;47.0;46.0;45.0;45.0;44.0;44.0;44.0;44.0;40.0;40.0;40.0;39.0;39.0;36.0;36.0;38.0;41.0;40.0;40.0;59.0;56.0;48.0;46.0;42.0;49.0;51.0;46.0;46.0;46.0;46.0;1;1;1;1;1;1;1;1;1;1;1;1;1;1;1;1;1;1;1;1;1;1;1;1;1;1;1;1;1;1;1
60130000;2;11/1997;1;1;68.0;40.0;48.200001;29;7;1;1;1;0.0;0;44.0;44.0;43.0;42.0;42.0;41.0;40.0;42.0;42.0;41.0;40.0;42.0;44.0;43.0;43.0;53.0;53.0;46.0;62.0;62.0;51.0;50.0;46.0;46.0;41.0;57.0;61.0;52.0;68.0;65.0;;1;1;1;1;1;1;1;1;1;1;1;1;1;1;1;1;1;1;1;1;1;1;1;1;1;1;1;1;1;1;
60130000;1;11/1997;1;1;68.0;40.0;48.0;29;7;1;1;1;;0;44.0;44.0;43.0;42.0;42.0;41.0;40.0;42.0;42.0;41.0;40.0;42.0;44.0;43.0;43.0;53.0;53.0;46.0;62.0;62.0;51.0;50.0;46.0;46.0;41.0;57.0;61.0;52.0;68.0;65.0;;1;1;1;1;1;1;1;1;1;1;1;1;1;1;1;1;1;1;1;1;1;1;1;1;1;1;1;1;1;1;0
60130000;2;12/1997;1;1;66.0;24.0;54.354801;1;28;1;1;1;0.0;0;66.0;65.0;65.0;60.0;56.0;52.0;52.0;53.0;53.0;52.0;52.0;52.0;52.0;56.0;60.0;62.0;61.0;60.0;60.0;51.0;50.0;50.0;50.0;50.0;50.0;66.0;53.0;24.0;40.0;56.0;56.0;1;1;1;1;1;1;1;1;1;1;1;1;1;1;1;1;1;1;1;1;1;1;1;1;1;1;1;1;1;1;1
60130000;1;12/1997;1;1;66.0;24.0;54.0;1;28;1;1;1;;0;66.0;65.0;65.0;60.0;56.0;52.0;52.0;53.0;53.0;52.0;52.0;52.0;52.0;56.0;60.0;62.0;61.0;60.0;60.0;51.0;50.0;50.0;50.0;50.0;50.0;66.0;53.0;24.0;40.0;56.0;56.0;1;1;1;1;1;1;1;1;1;1;1;1;1;1;1;1;1;1;1;1;1;1;1;1;1;1;1;1;1;1;1
60130000;2;01/1998;1;1;193.0;41.0;87.548401;10;2;1;1;1;0.0;0;42.0;41.0;51.0;50.0;50.0;42.0;156.0;184.0;188.0;193.0;167.0;158.0;161.0;140.0;65.0;64.0;66.0;65.0;63.0;61.0;58.0;74.0;78.0;64.0;64.0;63.0;62.0;61.0;62.0;61.0;60.0;1;1;1;1;1;1;1;1;1;1;1;1;1;1;1;1;1;1;1;1;1;1;1;1;1;1;1;1;1;1;1
60130000;1;01/1998;1;1;193.0;41.0;88.0;10;2;1;1;1;55.0;1;42.0;41.0;51.0;50.0;50.0;42.0;156.0;184.0;188.0;193.0;167.0;158.0;161.0;140.0;65.0;64.0;66.0;65.0;63.0;61.0;58.0;74.0;78.0;64.0;64.0;63.0;62.0;61.0;62.0;61.0;60.0;1;1;1;1;1;1;1;1;1;1;1;1;1;1;1;1;1;1;1;1;1;1;1;1;1;1;1;1;1;1;1
60130000;2;02/1998;1;1;199.0;49.0;73.035698;25;10;1;1;1;0.0;0;60.0;58.0;58.0;58.0;58.0;56.0;56.0;56.0;50.0;49.0;51.0;51.0;67.0;74.0;66.0;75.0;74.0;67.0;65.0;60.0;58.0;139.0;68.0;144.0;199.0;84.0;74.0;70.0;;;;1;1;1;1;1;1;1;1;1;1;1;1;1;1;1;1;1;1;1;1;1;1;1;1;1;1;1;1;;;
60130000;1;02/1998;1;1;199.0;49.0;73.0;25;10;1;1;1;55.0;1;60.0;58.0;58.0;58.0;58.0;56.0;56.0;56.0;50.0;49.0;51.0;51.0;67.0;74.0;66.0;75.0;74.0;67.0;65.0;60.0;58.0;139.0;68.0;144.0;199.0;84.0;74.0;70.0;;;;1;1;1;1;1;1;1;1;1;1;1;1;1;1;1;1;1;1;1;1;1;1;1;1;1;1;1;1;0;0;0
60130000;2;03/1998;1;1;88.0;48.0;64.709702;23;11;1;1;1;0.0;0;67.0;65.0;78.0;79.0;74.0;59.0;59.0;69.0;63.0;50.0;48.0;48.0;48.0;65.0;66.0;66.0;67.0;68.0;67.0;68.0;68.0;66.0;88.0;75.0;66.0;65.0;60.0;62.0;60.0;60.0;62.0;1;1;1;1;1;1;1;1;1;1;1;1;1;1;1;1;1;1;1;1;1;1;1;1;1;1;1;1;1;1;1
60130000;1;03/1998;1;1;88.0;48.0;65.0;23;11;1;1;1;55.0;1;67.0;65.0;78.0;79.0;74.0;59.0;59.0;69.0;63.0;50.0;48.0;48.0;48.0;65.0;66.0;66.0;67.0;68.0;67.0;68.0;68.0;66.0;88.0;75.0;66.0;65.0;60.0;62.0;60.0;60.0;62.0;1;1;1;1;1;1;1;1;1;1;1;1;1;1;1;1;1;1;1;1;1;1;1;1;1;1;1;1;1;1;1
60130000;2;04/1998;1;1;78.0;51.0;59.799999;29;22;1;1;1;0.0;0;70.0;68.0;72.0;64.0;64.0;61.0;61.0;60.0;59.0;58.0;58.0;59.0;59.0;59.0;58.0;57.0;56.0;56.0;56.0;56.0;56.0;51.0;56.0;56.0;56.0;56.0;55.0;59.0;78.0;60.0;;1;1;1;1;1;1;1;1;1;1;1;1;1;1;1;1;1;1;1;1;1;1;1;1;1;1;1;1;1;1;
60130000;1;04/1998;1;1;78.0;51.0;60.0;29;22;1;1;1;55.0;1;70.0;68.0;72.0;64.0;64.0;61.0;61.0;60.0;59.0;58.0;58.0;59.0;59.0;59.0;58.0;57.0;56.0;56.0;56.0;56.0;56.0;51.0;56.0;56.0;56.0;56.0;55.0;59.0;78.0;60.0;;1;1;1;1;1;1;1;1;1;1;1;1;1;1;1;1;1;1;1;1;1;1;1;1;1;1;1;1;1;1;0
60130000;2;05/1998;1;1;78.0;52.0;55.548401;30;26;1;1;1;0.0;0;57.0;56.0;56.0;55.0;59.0;57.0;56.0;56.0;56.0;55.0;55.0;54.0;54.0;54.0;54.0;54.0;54.0;54.0;54.0;54.0;54.0;53.0;53.0;53.0;53.0;52.0;52.0;54.0;56.0;78.0;60.0;1;1;1;1;1;1;1;1;1;1;1;1;1;1;1;1;1;1;1;1;1;1;1;1;1;1;1;1;1;1;1
60130000;1;05/1998;1;1;78.0;52.0;56.0;30;26;1;1;1;55.0;1;57.0;56.0;56.0;55.0;59.0;57.0;56.0;56.0;56.0;55.0;55.0;54.0;54.0;54.0;54.0;54.0;54.0;54.0;54.0;54.0;54.0;53.0;53.0;53.0;53.0;52.0;52.0;54.0;56.0;78.0;60.0;1;1;1;1;1;1;1;1;1;1;1;1;1;1;1;1;1;1;1;1;1;1;1;1;1;1;1;1;1;1;1
60130000;2;06/1998;1;1;58.0;46.0;51.133301;4;29;1;1;1;0.0;0;56.0;53.0;56.0;58.0;52.0;52.0;52.0;52.0;52.0;52.0;52.0;52.0;52.0;52.0;52.0;51.0;51.0;50.0;50.0;50.0;51.0;50.0;50.0;50.0;50.0;48.0;48.0;48.0;46.0;46.0;;1;1;1;1;1;1;1;1;1;1;1;1;1;1;1;1;1;1;1;1;1;1;1;1;1;1;1;1;1;1;
60130000;1;06/1998;1;1;58.0;46.0;51.0;4;29;1;1;1;55.0;1;56.0;53.0;56.0;58.0;52.0;52.0;52.0;52.0;52.0;52.0;52.0;52.0;52.0;52.0;52.0;51.0;51.0;50.0;50.0;50.0;51.0;50.0;50.0;50.0;50.0;48.0;48.0;48.0;46.0;46.0;;1;1;1;1;1;1;1;1;1;1;1;1;1;1;1;1;1;1;1;1;1;1;1;1;1;1;1;1;1;1;0
60130000;2;07/1998;1;1;47.0;41.0;44.354801;4;30;1;1;1;0.0;0;46.0;46.0;45.0;47.0;47.0;47.0;45.0;45.0;44.0;44.0;45.0;45.0;45.0;45.0;45.0;44.0;44.0;44.0;44.0;44.0;44.0;44.0;44.0;44.0;44.0;44.0;43.0;43.0;42.0;41.0;41.0;1;1;1;1;1;1;1;1;1;1;1;1;1;1;1;1;1;1;1;1;1;1;1;1;1;1;1;1;1;1;1
60130000;1;07/1998;1;1;47.0;41.0;44.0;4;30;1;1;1;55.0;1;46.0;46.0;45.0;47.0;47.0;47.0;45.0;45.0;44.0;44.0;45.0;45.0;45.0;45.0;45.0;44.0;44.0;44.0;44.0;44.0;44.0;44.0;44.0;44.0;44.0;44.0;43.0;43.0;42.0;41.0;41.0;1;1;1;1;1;1;1;1;1;1;1;1;1;1;1;1;1;1;1;1;1;1;1;1;1;1;1;1;1;1;1
60130000;2;08/1998;1;1;65.0;39.0;44.580601;9;6;1;1;1;0.0;0;41.0;40.0;41.0;41.0;40.0;39.0;41.0;44.0;65.0;55.0;55.0;50.0;50.0;46.0;46.0;45.0;45.0;45.0;45.0;45.0;45.0;43.0;43.0;42.0;42.0;43.0;43.0;42.0;40.0;40.0;40.0;1;1;1;1;1;1;1;1;1;1;1;1;1;1;1;1;1;1;1;1;1;1;1;1;1;1;1;1;1;1;1
60130000;1;08/1998;1;1;65.0;39.0;45.0;9;6;1;1;1;55.0;1;41.0;40.0;41.0;41.0;40.0;39.0;41.0;44.0;65.0;55.0;55.0;50.0;50.0;46.0;46.0;45.0;45.0;45.0;45.0;45.0;45.0;43.0;43.0;42.0;42.0;43.0;43.0;42.0;40.0;40.0;40.0;1;1;1;1;1;1;1;1;1;1;1;1;1;1;1;1;1;1;1;1;1;1;1;1;1;1;1;1;1;1;1
60130000;2;09/1998;1;1;41.0;31.0;36.533298;3;26;1;1;1;0.0;0;40.0;40.0;41.0;41.0;39.0;38.0;38.0;39.0;37.0;38.0;38.0;38.0;38.0;36.0;36.0;36.0;35.0;36.0;36.0;37.0;36.0;36.0;35.0;34.0;34.0;31.0;34.0;34.0;33.0;32.0;;1;1;1;1;1;1;1;1;1;1;1;1;1;1;1;1;1;1;1;1;1;1;1;1;1;1;1;1;1;1;
60130000;1;09/1998;1;1;41.0;31.0;37.0;3;26;1;1;1;55.0;1;40.0;40.0;41.0;41.0;39.0;38.0;38.0;39.0;37.0;38.0;38.0;38.0;38.0;36.0;36.0;36.0;35.0;36.0;36.0;37.0;36.0;36.0;35.0;34.0;34.0;31.0;34.0;34.0;33.0;32.0;;1;1;1;1;1;1;1;1;1;1;1;1;1;1;1;1;1;1;1;1;1;1;1;1;1;1;1;1;1;1;0
60130000;2;10/1998;1;1;47.0;34.0;38.161301;13;1;1;1;1;0.0;0;34.0;36.0;36.0;36.0;35.0;34.0;35.0;35.0;34.0;34.0;34.0;34.0;47.0;42.0;42.0;42.0;46.0;41.0;40.0;40.0;40.0;39.0;37.0;37.0;37.0;37.0;37.0;39.0;42.0;40.0;41.0;1;1;1;1;1;1;1;1;1;1;1;1;1;1;1;1;1;1;1;1;1;1;1;1;1;1;1;1;1;1;1
60130000;1;10/1998;1;1;47.0;34.0;38.0;13;1;1;1;1;55.0;1;34.0;36.0;36.0;36.0;35.0;34.0;35.0;35.0;34.0;34.0;34.0;34.0;47.0;42.0;42.0;42.0;46.0;41.0;40.0;40.0;40.0;39.0;37.0;37.0;37.0;37.0;37.0;39.0;42.0;40.0;41.0;1;1;1;1;1;1;1;1;1;1;1;1;1;1;1;1;1;1;1;1;1;1;1;1;1;1;1;1;1;1;1
60130000;2;11/1998;1;1;77.0;38.0;44.133301;19;13;1;1;1;0.0;0;40.0;48.0;43.0;43.0;42.0;40.0;40.0;40.0;40.0;40.0;40.0;39.0;38.0;54.0;58.0;44.0;41.0;40.0;77.0;44.0;43.0;42.0;42.0;42.0;41.0;41.0;43.0;49.0;45.0;45.0;;1;1;1;1;1;1;1;1;1;1;1;1;1;1;1;1;1;1;1;1;1;1;1;1;1;1;1;1;1;1;
60130000;1;11/1998;1;1;77.0;38.0;44.0;19;13;1;1;1;55.0;1;40.0;48.0;43.0;43.0;42.0;40.0;40.0;40.0;40.0;40.0;40.0;39.0;38.0;54.0;58.0;44.0;41.0;40.0;77.0;44.0;43.0;42.0;42.0;42.0;41.0;41.0;43.0;49.0;45.0;45.0;;1;1;1;1;1;1;1;1;1;1;1;1;1;1;1;1;1;1;1;1;1;1;1;1;1;1;1;1;1;1;0
60130000;2;12/1998;1;1;123.0;40.0;59.580601;31;12;1;1;1;0.0;0;46.0;58.0;51.0;50.0;51.0;50.0;78.0;58.0;51.0;47.0;41.0;40.0;40.0;44.0;49.0;48.0;68.0;53.0;55.0;50.0;57.0;52.0;50.0;68.0;55.0;62.0;60.0;116.0;75.0;101.0;123.0;1;1;1;1;1;1;1;1;1;1;1;1;1;1;1;1;1;1;1;1;1;1;1;1;1;1;1;1;1;1;1
60130000;1;12/1998;1;1;123.0;40.0;60.0;31;12;1;1;1;55.0;1;46.0;58.0;51.0;50.0;51.0;50.0;78.0;58.0;51.0;47.0;41.0;40.0;40.0;44.0;49.0;48.0;68.0;53.0;55.0;50.0;57.0;52.0;50.0;68.0;55.0;62.0;60.0;116.0;75.0;101.0;123.0;1;1;1;1;1;1;1;1;1;1;1;1;1;1;1;1;1;1;1;1;1;1;1;1;1;1;1;1;1;1;1
60130000;2;01/1999;1;1;184.0;60.0;82.258102;6;22;1;1;1;0.0;0;81.0;76.0;85.0;73.0;105.0;184.0;100.0;183.0;82.0;88.0;79.0;73.0;75.0;77.0;74.0;77.0;76.0;70.0;67.0;66.0;66.0;60.0;63.0;65.0;64.0;65.0;76.0;77.0;84.0;68.0;71.0;1;1;1;1;1;1;1;1;1;1;1;1;1;1;1;1;1;1;1;1;1;1;1;1;1;1;1;1;1;1;1
60130000;1;01/1999;1;1;184.0;60.0;82.0;6;22;1;1;1;54.0;1;81.0;76.0;85.0;73.0;105.0;184.0;100.0;183.0;82.0;88.0;79.0;73.0;75.0;77.0;74.0;77.0;76.0;70.0;67.0;66.0;66.0;60.0;63.0;65.0;64.0;65.0;76.0;77.0;84.0;68.0;71.0;1;1;1;1;1;1;1;1;1;1;1;1;1;1;1;1;1;1;1;1;1;1;1;1;1;1;1;1;1;1;1
60130000;2;02/1999;1;1;102.0;60.0;68.178596;27;5;1;1;1;0.0;0;67.0;66.0;67.0;71.0;60.0;63.0;63.0;64.0;64.0;72.0;68.0;64.0;64.0;64.0;64.0;64.0;64.0;62.0;65.0;64.0;64.0;71.0;65.0;66.0;66.0;92.0;102.0;83.0;;;;1;1;1;1;1;1;1;1;1;1;1;1;1;1;1;1;1;1;1;1;1;1;1;1;1;1;1;1;;;
60130000;1;02/1999;1;1;102.0;60.0;68.0;27;5;1;1;1;54.0;1;67.0;66.0;67.0;71.0;60.0;63.0;63.0;64.0;64.0;72.0;68.0;64.0;64.0;64.0;64.0;64.0;64.0;62.0;65.0;64.0;64.0;71.0;65.0;66.0;66.0;92.0;102.0;83.0;;;;1;1;1;1;1;1;1;1;1;1;1;1;1;1;1;1;1;1;1;1;1;1;1;1;1;1;1;1;0;0;0
60130000;2;03/1999;1;1;91.0;66.0;71.838699;8;22;1;1;1;0.0;0;70.0;76.0;74.0;80.0;71.0;69.0;72.0;91.0;76.0;76.0;72.0;70.0;70.0;70.0;70.0;69.0;74.0;72.0;69.0;68.0;67.0;66.0;66.0;78.0;81.0;72.0;70.0;68.0;67.0;67.0;66.0;1;1;1;1;1;1;1;1;1;1;1;1;1;1;1;1;1;1;1;1;1;1;1;1;1;1;1;1;1;1;1
60130000;1;03/1999;1;1;91.0;66.0;72.0;8;22;1;1;1;54.0;1;70.0;76.0;74.0;80.0;71.0;69.0;72.0;91.0;76.0;76.0;72.0;70.0;70.0;70.0;70.0;69.0;74.0;72.0;69.0;68.0;67.0;66.0;66.0;78.0;81.0;72.0;70.0;68.0;67.0;67.0;66.0;1;1;1;1;1;1;1;1;1;1;1;1;1;1;1;1;1;1;1;1;1;1;1;1;1;1;1;1;1;1;1
60130000;2;04/1999;1;1;66.0;59.0;61.733299;1;28;1;1;1;0.0;0;66.0;64.0;62.0;61.0;62.0;62.0;62.0;63.0;63.0;62.0;60.0;62.0;62.0;62.0;65.0;65.0;63.0;64.0;62.0;62.0;61.0;60.0;60.0;60.0;60.0;60.0;60.0;59.0;59.0;59.0;;1;1;1;1;1;1;1;1;1;1;1;1;1;1;1;1;1;1;1;1;1;1;1;1;1;1;1;1;1;1;
60130000;1;04/1999;1;1;66.0;59.0;62.0;1;28;1;1;1;54.0;1;66.0;64.0;62.0;61.0;62.0;62.0;62.0;63.0;63.0;62.0;60.0;62.0;62.0;62.0;65.0;65.0;63.0;64.0;62.0;62.0;61.0;60.0;60.0;60.0;60.0;60.0;60.0;59.0;59.0;59.0;;1;1;1;1;1;1;1;1;1;1;1;1;1;1;1;1;1;1;1;1;1;1;1;1;1;1;1;1;1;1;0
60130000;2;05/1999;1;1;59.0;52.0;54.838699;1;23;1;1;1;0.0;0;59.0;57.0;57.0;56.0;57.0;57.0;57.0;57.0;56.0;56.0;56.0;56.0;56.0;56.0;56.0;56.0;56.0;55.0;55.0;55.0;53.0;53.0;52.0;52.0;52.0;52.0;52.0;52.0;52.0;52.0;52.0;1;1;1;1;1;1;1;1;1;1;1;1;1;1;1;1;1;1;1;1;1;1;1;1;1;1;1;1;1;1;1
60130000;1;05/1999;1;1;59.0;52.0;55.0;1;23;1;1;1;54.0;1;59.0;57.0;57.0;56.0;57.0;57.0;57.0;57.0;56.0;56.0;56.0;56.0;56.0;56.0;56.0;56.0;56.0;55.0;55.0;55.0;53.0;53.0;52.0;52.0;52.0;52.0;52.0;52.0;52.0;52.0;52.0;1;1;1;1;1;1;1;1;1;1;1;1;1;1;1;1;1;1;1;1;1;1;1;1;1;1;1;1;1;1;1
60130000;2;06/1999;1;1;52.0;49.0;50.099998;1;11;1;1;1;0.0;0;52.0;52.0;51.0;51.0;50.0;50.0;50.0;50.0;50.0;50.0;49.0;49.0;49.0;49.0;50.0;51.0;50.0;50.0;50.0;50.0;50.0;50.0;50.0;50.0;50.0;50.0;50.0;50.0;50.0;50.0;;1;1;1;1;1;1;1;1;1;1;1;1;1;1;1;1;1;1;1;1;1;1;1;1;1;1;1;1;1;1;
60130000;1;06/1999;1;1;52.0;49.0;50.0;1;11;1;1;1;54.0;1;52.0;52.0;51.0;51.0;50.0;50.0;50.0;50.0;50.0;50.0;49.0;49.0;49.0;49.0;50.0;51.0;50.0;50.0;50.0;50.0;50.0;50.0;50.0;50.0;50.0;50.0;50.0;50.0;50.0;50.0;;1;1;1;1;1;1;1;1;1;1;1;1;1;1;1;1;1;1;1;1;1;1;1;1;1;1;1;1;1;1;0
60130000;2;07/1999;1;1;49.0;42.0;45.6129;1;28;1;1;1;0.0;0;49.0;49.0;48.0;48.0;48.0;48.0;48.0;48.0;48.0;47.0;46.0;46.0;46.0;46.0;46.0;46.0;46.0;46.0;46.0;45.0;45.0;45.0;44.0;43.0;43.0;43.0;43.0;42.0;42.0;42.0;42.0;1;1;1;1;1;1;1;1;1;1;1;1;1;1;1;1;1;1;1;1;1;1;1;1;1;1;1;1;1;1;1
60130000;1;07/1999;1;1;49.0;42.0;46.0;1;28;1;1;1;54.0;1;49.0;49.0;48.0;48.0;48.0;48.0;48.0;48.0;48.0;47.0;46.0;46.0;46.0;46.0;46.0;46.0;46.0;46.0;46.0;45.0;45.0;45.0;44.0;43.0;43.0;43.0;43.0;42.0;42.0;42.0;42.0;1;1;1;1;1;1;1;1;1;1;1;1;1;1;1;1;1;1;1;1;1;1;1;1;1;1;1;1;1;1;1
60130000;2;08/1999;1;1;42.0;37.0;38.258099;1;10;1;1;1;0.0;0;42.0;42.0;42.0;42.0;41.0;40.0;40.0;40.0;40.0;37.0;37.0;37.0;37.0;37.0;37.0;37.0;37.0;38.0;38.0;38.0;37.0;37.0;37.0;37.0;37.0;37.0;37.0;37.0;37.0;37.0;37.0;1;1;1;1;1;1;1;1;1;1;1;1;1;1;1;1;1;1;1;1;1;1;1;1;1;1;1;1;1;1;1
60130000;1;08/1999;1;1;42.0;37.0;38.0;1;10;1;1;1;54.0;1;42.0;42.0;42.0;42.0;41.0;40.0;40.0;40.0;40.0;37.0;37.0;37.0;37.0;37.0;37.0;37.0;37.0;38.0;38.0;38.0;37.0;37.0;37.0;37.0;37.0;37.0;37.0;37.0;37.0;37.0;37.0;1;1;1;1;1;1;1;1;1;1;1;1;1;1;1;1;1;1;1;1;1;1;1;1;1;1;1;1;1;1;1
60130000;2;09/1999;1;1;39.0;25.0;33.733299;23;8;1;1;1;0.0;0;30.0;30.0;30.0;30.0;29.0;29.0;29.0;25.0;25.0;25.0;36.0;37.0;37.0;37.0;38.0;38.0;36.0;36.0;36.0;36.0;37.0;37.0;39.0;37.0;36.0;36.0;36.0;36.0;36.0;33.0;;1;1;1;1;1;1;1;1;1;1;1;1;1;1;1;1;1;1;1;1;1;1;1;1;1;1;1;1;1;1;
60130000;1;09/1999;1;1;39.0;25.0;34.0;23;8;1;1;1;54.0;1;30.0;30.0;30.0;30.0;29.0;29.0;29.0;25.0;25.0;25.0;36.0;37.0;37.0;37.0;38.0;38.0;36.0;36.0;36.0;36.0;37.0;37.0;39.0;37.0;36.0;36.0;36.0;36.0;36.0;33.0;;1;1;1;1;1;1;1;1;1;1;1;1;1;1;1;1;1;1;1;1;1;1;1;1;1;1;1;1;1;1;0
60130000;2;10/1999;1;1;43.0;22.0;31.451599;27;15;1;1;1;0.0;0;34.0;34.0;34.0;34.0;34.0;34.0;34.0;34.0;34.0;29.0;28.0;27.0;23.0;23.0;22.0;22.0;22.0;30.0;31.0;32.0;32.0;32.0;30.0;31.0;31.0;32.0;43.0;41.0;37.0;36.0;35.0;1;1;1;1;1;1;1;1;1;1;1;1;1;1;1;1;1;1;1;1;1;1;1;1;1;1;1;1;1;1;1
60130000;1;10/1999;1;1;43.0;22.0;31.0;27;15;1;1;1;54.0;1;34.0;34.0;34.0;34.0;34.0;34.0;34.0;34.0;34.0;29.0;28.0;27.0;23.0;23.0;22.0;22.0;22.0;30.0;31.0;32.0;32.0;32.0;30.0;31.0;31.0;32.0;43.0;41.0;37.0;36.0;35.0;1;1;1;1;1;1;1;1;1;1;1;1;1;1;1;1;1;1;1;1;1;1;1;1;1;1;1;1;1;1;1
60130000;2;11/1999;1;1;99.0;30.0;48.533298;20;5;1;1;1;0.0;0;35.0;33.0;33.0;32.0;30.0;32.0;36.0;37.0;46.0;70.0;56.0;53.0;76.0;66.0;46.0;43.0;42.0;42.0;44.0;99.0;59.0;54.0;45.0;47.0;46.0;47.0;50.0;51.0;53.0;53.0;;1;1;1;1;1;1;1;1;1;1;1;1;1;1;1;1;1;1;1;1;1;1;1;1;1;1;1;1;1;1;
60130000;1;11/1999;1;1;99.0;30.0;49.0;20;5;1;1;1;54.0;1;35.0;33.0;33.0;32.0;30.0;32.0;36.0;37.0;46.0;70.0;56.0;53.0;76.0;66.0;46.0;43.0;42.0;42.0;44.0;99.0;59.0;54.0;45.0;47.0;46.0;47.0;50.0;51.0;53.0;53.0;;1;1;1;1;1;1;1;1;1;1;1;1;1;1;1;1;1;1;1;1;1;1;1;1;1;1;1;1;1;1;0
60130000;2;12/1999;1;1;130.0;48.0;62.870998;5;3;1;1;1;0.0;0;54.0;51.0;48.0;58.0;130.0;62.0;58.0;129.0;81.0;71.0;63.0;58.0;59.0;60.0;58.0;56.0;54.0;54.0;54.0;54.0;55.0;54.0;53.0;58.0;58.0;56.0;56.0;56.0;66.0;60.0;65.0;1;1;1;1;1;1;1;1;1;1;1;1;1;1;1;1;1;1;1;1;1;1;1;1;1;1;1;1;1;1;1
60130000;1;12/1999;1;1;130.0;48.0;63.0;5;3;1;1;1;54.0;1;54.0;51.0;48.0;58.0;130.0;62.0;58.0;129.0;81.0;71.0;63.0;58.0;59.0;60.0;58.0;56.0;54.0;54.0;54.0;54.0;55.0;54.0;53.0;58.0;58.0;56.0;56.0;56.0;66.0;60.0;65.0;1;1;1;1;1;1;1;1;1;1;1;1;1;1;1;1;1;1;1;1;1;1;1;1;1;1;1;1;1;1;1
60130000;2;01/2000;1;1;190.0;61.0;84.709702;3;1;1;1;1;0.0;0;61.0;64.0;190.0;166.0;120.0;93.0;90.0;83.0;80.0;74.0;70.0;70.0;70.0;70.0;69.0;69.0;69.0;70.0;68.0;74.0;158.0;78.0;70.0;78.0;71.0;76.0;72.0;73.0;75.0;78.0;77.0;1;1;1;1;1;1;1;1;1;1;1;1;1;1;1;1;1;1;1;1;1;1;1;1;1;1;1;1;1;1;1
60130000;1;01/2000;1;1;190.0;61.0;85.0;3;1;1;1;1;;0;61.0;64.0;190.0;166.0;120.0;93.0;90.0;83.0;80.0;74.0;70.0;70.0;70.0;70.0;69.0;69.0;69.0;70.0;68.0;74.0;158.0;78.0;70.0;78.0;71.0;76.0;72.0;73.0;75.0;78.0;77.0;1;1;1;1;1;1;1;1;1;1;1;1;1;1;1;1;1;1;1;1;1;1;1;1;1;1;1;1;1;1;1
60130000;2;02/2000;1;1;243.0;89.0;129.20689;12;1;1;1;1;0.0;0;89.0;155.0;92.0;93.0;98.0;96.0;116.0;110.0;166.0;198.0;212.0;243.0;173.0;177.0;141.0;131.0;130.0;126.0;120.0;119.0;116.0;111.0;102.0;104.0;103.0;104.0;104.0;104.0;114.0;;;1;1;1;1;1;1;1;1;1;1;1;1;1;1;1;1;1;1;1;1;1;1;1;1;1;1;1;1;1;;
60130000;1;02/2000;1;1;243.0;89.0;129.0;12;1;1;1;1;;0;89.0;155.0;92.0;93.0;98.0;96.0;116.0;110.0;166.0;198.0;212.0;243.0;173.0;177.0;141.0;131.0;130.0;126.0;120.0;119.0;116.0;111.0;102.0;104.0;103.0;104.0;104.0;104.0;114.0;;;1;1;1;1;1;1;1;1;1;1;1;1;1;1;1;1;1;1;1;1;1;1;1;1;1;1;1;1;1;0;0
60130000;2;03/2000;1;1;185.0;90.0;114.7742;19;9;1;1;1;0.0;0;116.0;110.0;105.0;100.0;100.0;96.0;92.0;91.0;90.0;130.0;151.0;115.0;120.0;106.0;95.0;94.0;137.0;119.0;185.0;182.0;126.0;114.0;109.0;109.0;111.0;114.0;105.0;107.0;116.0;113.0;100.0;1;1;1;1;1;1;1;1;1;1;1;1;1;1;1;1;1;1;1;1;1;1;1;1;1;1;1;1;1;1;1
60130000;1;03/2000;1;1;185.0;90.0;115.0;19;9;1;1;1;;0;116.0;110.0;105.0;100.0;100.0;96.0;92.0;91.0;90.0;130.0;151.0;115.0;120.0;106.0;95.0;94.0;137.0;119.0;185.0;182.0;126.0;114.0;109.0;109.0;111.0;114.0;105.0;107.0;116.0;113.0;100.0;1;1;1;1;1;1;1;1;1;1;1;1;1;1;1;1;1;1;1;1;1;1;1;1;1;1;1;1;1;1;1
60130000;2;04/2000;1;1;111.0;79.0;89.866699;13;29;1;1;1;0.0;0;100.0;100.0;101.0;97.0;97.0;96.0;95.0;88.0;87.0;88.0;87.0;89.0;111.0;101.0;89.0;99.0;91.0;89.0;88.0;88.0;85.0;84.0;82.0;82.0;82.0;82.0;80.0;80.0;79.0;79.0;;1;1;1;1;1;1;1;1;1;1;1;1;1;1;1;1;1;1;1;1;1;1;1;1;1;1;1;1;1;1;
60130000;1;04/2000;1;1;125.0;78.0;90.0;13;29;1;1;1;;0;100.0;100.0;101.0;97.0;97.0;96.0;95.0;88.0;87.0;88.0;87.0;89.0;111.0;101.0;89.0;99.0;91.0;89.0;88.0;88.0;85.0;84.0;82.0;82.0;82.0;82.0;80.0;80.0;79.0;79.0;;1;1;1;1;1;1;1;1;1;1;1;1;1;1;1;1;1;1;1;1;1;1;1;1;1;1;1;1;1;1;0
60130000;2;05/2000;1;1;78.0;62.0;69.2258;1;14;1;1;1;0.0;0;78.0;77.0;76.0;73.0;74.0;74.0;73.0;74.0;73.0;72.0;69.0;68.0;67.0;62.0;70.0;70.0;67.0;69.0;69.0;65.0;66.0;66.0;67.0;67.0;66.0;66.0;66.0;67.0;65.0;65.0;65.0;1;1;1;1;1;1;1;1;1;1;1;1;1;1;1;1;1;1;1;1;1;1;1;1;1;1;1;1;1;1;1
60130000;1;05/2000;1;1;78.0;62.0;69.0;1;14;1;1;1;;0;78.0;77.0;76.0;73.0;74.0;74.0;73.0;74.0;73.0;72.0;69.0;68.0;67.0;62.0;70.0;70.0;67.0;69.0;69.0;65.0;66.0;66.0;67.0;67.0;66.0;66.0;66.0;67.0;65.0;65.0;65.0;1;1;1;1;1;1;1;1;1;1;1;1;1;1;1;1;1;1;1;1;1;1;1;1;1;1;1;1;1;1;1
60130000;2;06/2000;1;1;66.0;60.0;62.599998;4;25;1;1;1;0.0;0;65.0;64.0;65.0;66.0;66.0;66.0;65.0;64.0;63.0;63.0;64.0;64.0;64.0;64.0;64.0;62.0;62.0;61.0;61.0;61.0;61.0;61.0;61.0;61.0;60.0;60.0;60.0;60.0;60.0;60.0;;1;1;1;1;1;1;1;1;1;1;1;1;1;1;1;1;1;1;1;1;1;1;1;1;1;1;1;1;1;1;
60130000;1;06/2000;1;1;66.0;60.0;63.0;3;24;1;1;1;;0;65.0;64.0;65.0;66.0;66.0;66.0;65.0;64.0;63.0;63.0;64.0;64.0;64.0;64.0;64.0;62.0;62.0;61.0;61.0;61.0;61.0;61.0;61.0;61.0;60.0;60.0;60.0;60.0;60.0;60.0;;1;1;1;1;1;1;1;1;1;1;1;1;1;1;1;1;1;1;1;1;1;1;1;1;1;1;1;1;1;1;0
60130000;2;07/2000;1;1;66.0;54.0;58.516102;2;29;1;1;1;0.0;0;60.0;66.0;61.0;60.0;60.0;60.0;60.0;60.0;60.0;59.0;59.0;59.0;59.0;58.0;58.0;59.0;59.0;59.0;58.0;58.0;57.0;58.0;59.0;60.0;59.0;57.0;55.0;55.0;54.0;54.0;54.0;1;1;1;1;1;1;1;1;1;1;1;1;1;1;1;1;1;1;1;1;1;1;1;1;1;1;1;1;1;1;1
60130000;1;07/2000;1;1;70.0;54.0;59.0;2;29;1;1;1;;0;60.0;66.0;61.0;60.0;60.0;60.0;60.0;60.0;60.0;59.0;59.0;59.0;59.0;58.0;58.0;59.0;59.0;59.0;58.0;58.0;57.0;58.0;59.0;60.0;59.0;57.0;55.0;55.0;54.0;54.0;54.0;1;1;1;1;1;1;1;1;1;1;1;1;1;1;1;1;1;1;1;1;1;1;1;1;1;1;1;1;1;1;1
60130000;2;08/2000;1;1;54.0;46.0;49.032299;1;21;1;1;1;0.0;0;54.0;53.0;52.0;52.0;52.0;51.0;52.0;52.0;50.0;50.0;50.0;50.0;50.0;50.0;49.0;49.0;48.0;47.0;47.0;47.0;46.0;46.0;46.0;46.0;46.0;46.0;46.0;46.0;48.0;50.0;49.0;1;1;1;1;1;1;1;1;1;1;1;1;1;1;1;1;1;1;1;1;1;1;1;1;1;1;1;1;1;1;1
60130000;1;08/2000;1;1;54.0;46.0;49.0;1;21;1;1;1;;0;54.0;53.0;52.0;52.0;52.0;51.0;52.0;52.0;50.0;50.0;50.0;50.0;50.0;50.0;49.0;49.0;48.0;47.0;47.0;47.0;46.0;46.0;46.0;46.0;46.0;46.0;46.0;46.0;48.0;50.0;49.0;1;1;1;1;1;1;1;1;1;1;1;1;1;1;1;1;1;1;1;1;1;1;1;1;1;1;1;1;1;1;1
60130000;2;09/2000;1;1;59.0;48.0;52.5;1;23;1;1;1;0.0;0;59.0;54.0;58.0;53.0;53.0;53.0;54.0;54.0;54.0;54.0;53.0;55.0;58.0;58.0;55.0;53.0;52.0;52.0;52.0;51.0;50.0;49.0;48.0;48.0;48.0;49.0;50.0;50.0;49.0;49.0;;1;1;1;1;1;1;1;1;1;1;1;1;1;1;1;1;1;1;1;1;1;1;1;1;1;1;1;1;1;1;
60130000;1;09/2000;1;1;60.0;48.0;52.0;3;23;0;0;0;;0;59.0;54.0;58.0;53.0;53.0;53.0;54.0;54.0;54.0;54.0;53.0;55.0;58.0;58.0;55.0;53.0;52.0;52.0;52.0;51.0;50.0;49.0;48.0;48.0;48.0;49.0;50.0;50.0;49.0;49.0;;1;1;1;1;1;1;1;1;1;1;1;1;1;1;1;1;1;1;1;1;1;1;1;1;1;1;1;1;1;1;0
60130000;2;10/2000;1;1;53.0;40.0;44.935501;29;19;1;1;1;0.0;0;50.0;50.0;49.0;49.0;48.0;48.0;48.0;47.0;46.0;46.0;46.0;46.0;46.0;42.0;44.0;44.0;44.0;42.0;40.0;40.0;40.0;40.0;40.0;40.0;43.0;41.0;41.0;41.0;53.0;50.0;49.0;1;1;1;1;1;1;1;1;1;1;1;1;1;1;1;1;1;1;1;1;1;1;1;1;1;1;1;1;1;1;1
60130000;1;10/2000;1;1;54.0;40.0;45.0;29;19;0;0;0;;0;50.0;50.0;49.0;49.0;48.0;48.0;48.0;47.0;46.0;46.0;46.0;46.0;46.0;42.0;44.0;44.0;44.0;42.0;40.0;40.0;40.0;40.0;40.0;40.0;43.0;41.0;41.0;41.0;53.0;50.0;49.0;1;1;1;1;1;1;1;1;1;1;1;1;1;1;1;1;1;1;1;1;1;1;1;1;1;1;1;1;1;1;1
60130000;2;11/2000;1;1;68.0;45.0;53.799999;20;3;1;1;1;0.0;0;47.0;47.0;45.0;48.0;47.0;47.0;47.0;50.0;49.0;47.0;46.0;46.0;56.0;67.0;65.0;67.0;58.0;54.0;61.0;68.0;64.0;60.0;58.0;54.0;54.0;51.0;53.0;52.0;51.0;55.0;;1;1;1;1;1;1;1;1;1;1;1;1;1;1;1;1;1;1;1;1;1;1;1;1;1;1;1;1;1;1;
60130000;1;11/2000;1;1;72.0;45.0;54.0;20;3;0;0;0;;0;47.0;47.0;45.0;48.0;47.0;47.0;47.0;50.0;49.0;47.0;46.0;46.0;56.0;67.0;65.0;67.0;58.0;54.0;61.0;68.0;64.0;60.0;58.0;54.0;54.0;51.0;53.0;52.0;51.0;55.0;;1;1;1;1;1;1;1;1;1;1;1;1;1;1;1;1;1;1;1;1;1;1;1;1;1;1;1;1;1;1;0
60130000;2;12/2000;1;1;173.0;53.0;74.064499;14;9;1;1;1;0.0;0;54.0;61.0;84.0;66.0;58.0;56.0;55.0;54.0;53.0;54.0;56.0;57.0;58.0;173.0;69.0;61.0;136.0;163.0;82.0;70.0;65.0;64.0;67.0;78.0;97.0;72.0;69.0;66.0;66.0;66.0;66.0;1;1;1;1;1;1;1;1;1;1;1;1;1;1;1;1;1;1;1;1;1;1;1;1;1;1;1;1;1;1;1
60130000;1;12/2000;1;1;186.0;52.0;74.0;14;9;0;0;0;;0;54.0;61.0;84.5;66.0;58.5;55.5;54.5;54.0;53.0;54.0;55.5;57.0;58.5;173.0;69.0;61.0;136.0;163.0;82.0;69.5;65.0;64.0;67.0;78.0;97.0;72.0;69.0;66.0;66.5;66.5;66.0;;;;;;;;;;;;;;;;;;;;;;;;;;;;;;;
60130000;2;01/2001;1;1;86.0;58.0;63.6129;24;18;1;1;1;0.0;0;64.0;78.0;66.0;70.0;67.0;64.0;63.0;60.0;61.0;64.0;60.0;60.0;60.0;60.0;60.0;60.0;59.0;58.0;58.0;58.0;58.0;60.0;81.0;86.0;70.0;62.0;65.0;60.0;60.0;60.0;60.0;1;1;1;1;1;1;1;1;1;1;1;1;1;1;1;1;1;1;1;1;1;1;1;1;1;1;1;1;1;1;1
60130000;1;01/2001;1;1;100.0;58.0;64.0;24;18;0;0;0;;0;64.5;78.0;66.0;70.0;67.0;64.0;63.0;60.0;61.0;64.5;60.0;60.0;60.0;60.0;60.0;60.0;59.0;58.0;58.0;58.0;58.0;59.5;81.0;86.0;70.0;62.5;65.0;60.0;60.0;60.0;60.0;1;1;1;1;1;1;1;1;1;1;1;1;1;1;1;1;1;1;1;1;1;1;1;1;1;1;1;1;1;1;1
60130000;2;02/2001;1;1;110.0;58.0;64.035698;9;20;1;1;1;0.0;0;62.0;80.0;65.0;60.0;59.0;59.0;60.0;64.0;110.0;64.0;64.0;61.0;61.0;61.0;61.0;60.0;62.0;60.0;60.0;58.0;70.0;60.0;64.0;64.0;62.0;60.0;62.0;60.0;;;;1;1;1;1;1;1;1;1;1;1;1;1;1;1;1;1;1;1;1;1;1;1;1;1;1;1;1;1;;;
60130000;1;02/2001;1;1;125.0;58.0;64.0;9;20;0;0;0;;0;62.5;80.5;65.0;60.0;59.0;59.0;59.5;64.0;110.0;64.5;64.0;61.0;61.0;61.0;61.0;60.0;62.0;60.0;60.0;58.0;70.0;60.0;64.0;64.0;62.0;60.0;62.5;60.0;;;;1;1;1;1;1;1;1;1;1;1;1;1;1;1;1;1;1;1;1;1;1;1;1;1;1;1;1;1;0;0;0
60130000;2;03/2001;1;1;119.0;55.0;63.709702;31;26;1;1;1;0.0;0;59.0;64.0;61.0;62.0;60.0;63.0;61.0;58.0;58.0;62.0;60.0;74.0;71.0;64.0;61.0;60.0;59.0;58.0;58.0;64.0;68.0;66.0;59.0;58.0;56.0;55.0;55.0;57.0;76.0;69.0;119.0;1;1;1;1;1;1;1;1;1;1;1;1;1;1;1;1;1;1;1;1;1;1;1;1;1;1;1;1;1;1;1
60130000;1;03/2001;1;1;164.0;54.0;64.0;31;26;0;0;0;;0;59.0;64.0;61.0;61.5;60.0;63.0;61.0;58.5;58.0;62.0;60.0;74.5;71.0;64.0;61.0;60.0;59.0;58.5;58.0;64.0;68.0;66.0;59.0;58.5;56.0;55.0;55.0;57.5;76.0;69.0;119.0;1;1;1;1;1;1;1;1;1;1;1;1;1;1;1;1;1;1;1;1;1;1;1;1;1;1;1;1;1;1;1
60130000;2;04/2001;1;1;139.0;55.0;62.533298;1;28;1;1;1;0.0;0;139.0;72.0;67.0;67.0;65.0;62.0;61.0;60.0;60.0;60.0;60.0;60.0;60.0;63.0;60.0;61.0;61.0;58.0;58.0;58.0;58.0;58.0;58.0;57.0;56.0;56.0;56.0;55.0;55.0;55.0;;1;1;1;1;1;1;1;1;1;1;1;1;1;1;1;1;1;1;1;1;1;1;1;1;1;1;1;1;1;1;
60130000;1;04/2001;1;1;160.0;55.0;63.0;1;27;0;0;0;;0;139.0;72.5;67.0;67.0;65.0;62.0;61.0;60.0;60.0;60.0;60.0;60.0;60.0;63.0;60.5;61.0;61.0;58.0;58.0;58.0;58.0;58.0;58.0;57.0;56.0;56.0;55.5;55.0;55.0;55.0;;1;1;1;1;1;1;1;1;1;1;1;1;1;1;1;1;1;1;1;1;1;1;1;1;1;1;1;1;1;1;0
60130000;2;05/2001;1;1;65.0;50.0;53.451599;17;15;1;1;1;0.0;0;55.0;55.0;54.0;53.0;53.0;53.0;52.0;51.0;51.0;51.0;52.0;52.0;52.0;51.0;50.0;50.0;65.0;64.0;61.0;52.0;52.0;52.0;53.0;53.0;53.0;53.0;53.0;53.0;53.0;53.0;52.0;1;1;1;1;1;1;1;1;1;1;1;1;1;1;1;1;1;1;1;1;1;1;1;1;1;1;1;1;1;1;1
60130000;1;05/2001;1;1;66.0;50.0;53.0;17;14;0;0;0;;0;55.0;54.5;54.0;53.0;53.0;53.0;51.5;51.0;51.0;51.0;52.0;52.0;52.0;51.0;50.0;50.0;65.0;64.0;61.0;52.0;52.0;52.0;53.0;53.0;53.0;53.0;53.0;53.0;53.0;53.0;52.0;1;1;1;1;1;1;1;1;1;1;1;1;1;1;1;1;1;1;1;1;1;1;1;1;1;1;1;1;1;1;1
60130000;2;06/2001;1;1;52.0;46.0;48.700001;1;27;1;1;1;0.0;0;52.0;51.0;51.0;50.0;50.0;50.0;50.0;50.0;50.0;50.0;50.0;50.0;49.0;48.0;48.0;48.0;48.0;48.0;48.0;48.0;48.0;48.0;48.0;48.0;48.0;48.0;46.0;46.0;46.0;46.0;;1;1;1;1;1;1;1;1;1;1;1;1;1;1;1;1;1;1;1;1;1;1;1;1;1;1;1;1;1;1;
60130000;1;06/2001;1;1;52.0;46.0;49.0;1;27;0;0;0;;0;52.0;51.0;51.0;50.5;50.0;50.0;50.0;50.0;50.0;50.0;50.0;50.0;49.0;48.0;48.0;48.0;48.0;48.0;48.0;48.0;48.0;48.0;48.0;48.0;48.0;48.0;46.0;46.0;46.0;46.0;;;;;;;;;;;;;;;;;;;;;;;;;;;;;;;;0
60130000;1;07/2001;1;1;45.0;40.0;43.0;1;29;0;0;0;;0;45.0;45.0;45.0;45.0;45.0;44.0;44.0;44.0;44.0;44.0;44.0;44.0;44.0;44.0;44.0;43.5;43.0;43.0;42.0;41.5;41.0;41.5;42.0;42.0;42.0;42.0;42.0;42.0;40.0;40.0;40.0;1;1;1;1;1;1;1;1;1;1;1;1;1;1;1;1;1;1;1;1;1;1;1;1;1;1;1;1;1;1;1
60130000;2;07/2001;1;1;45.0;40.0;43.032299;1;29;1;1;1;0.0;0;45.0;45.0;45.0;45.0;45.0;44.0;44.0;44.0;44.0;44.0;44.0;44.0;44.0;44.0;44.0;44.0;43.0;43.0;42.0;42.0;41.0;42.0;42.0;42.0;42.0;42.0;42.0;42.0;40.0;40.0;40.0;1;1;1;1;1;1;1;1;1;1;1;1;1;1;1;1;1;1;1;1;1;1;1;1;1;1;1;1;1;1;1
60130000;2;08/2001;1;1;40.0;31.0;36.677399;1;23;1;1;1;0.0;0;40.0;40.0;40.0;40.0;40.0;40.0;38.0;38.0;38.0;38.0;38.0;38.0;37.0;37.0;36.0;35.0;33.0;33.0;33.0;34.0;33.0;33.0;31.0;34.0;36.0;38.0;38.0;40.0;36.0;36.0;36.0;1;1;1;1;1;1;1;1;1;1;1;1;1;1;1;1;1;1;1;1;1;1;1;1;1;1;1;1;1;1;1
60130000;1;08/2001;1;1;40.0;30.0;37.0;1;23;0;0;0;;0;40.0;40.0;40.0;40.0;40.0;39.5;38.5;38.0;38.0;38.0;38.0;37.5;37.0;37.0;36.5;35.0;33.0;33.0;33.0;34.5;33.0;33.0;31.0;34.0;36.5;38.0;38.0;40.0;36.5;36.0;36.0;1;1;1;1;1;1;1;1;1;1;1;1;1;1;1;1;1;1;1;1;1;1;1;1;1;1;1;1;1;1;1
60130000;1;09/2001;1;1;56.0;26.0;36.0;29;12;0;0;0;;0;36.0;36.0;36.0;34.5;32.0;32.0;32.0;30.0;30.0;30.0;28.0;28.5;35.0;39.5;40.0;40.0;40.0;39.0;38.0;36.0;36.0;36.0;35.0;34.5;34.0;34.0;36.0;42.0;52.0;40.0;;1;1;1;1;1;1;1;1;1;1;1;1;1;1;1;1;1;1;1;1;1;1;1;1;1;1;1;1;1;1;0
60130000;2;09/2001;1;1;52.0;28.0;35.700001;29;11;1;1;1;0.0;0;36.0;36.0;36.0;34.0;32.0;32.0;32.0;30.0;30.0;30.0;28.0;28.0;35.0;40.0;40.0;40.0;40.0;39.0;38.0;36.0;36.0;36.0;35.0;34.0;34.0;34.0;36.0;42.0;52.0;40.0;;1;1;1;1;1;1;1;1;1;1;1;1;1;1;1;1;1;1;1;1;1;1;1;1;1;1;1;1;1;1;
60130000;1;10/2001;1;1;80.0;36.0;41.0;9;27;0;0;0;;0;40.0;41.0;42.0;40.0;37.5;37.0;37.0;40.0;78.5;50.5;49.0;44.0;42.0;41.0;49.5;38.0;38.0;39.0;40.0;40.0;40.0;40.0;40.0;38.0;38.0;38.0;36.5;36.0;36.0;36.0;41.5;;;;;;;;;;;;;;;;;;;;;;;;;;;;;;;
60130000;2;10/2001;1;1;78.0;36.0;41.419399;9;27;1;1;1;0.0;0;40.0;41.0;42.0;40.0;38.0;37.0;37.0;40.0;78.0;50.0;49.0;44.0;42.0;41.0;50.0;38.0;38.0;39.0;40.0;40.0;40.0;40.0;40.0;38.0;38.0;38.0;36.0;36.0;36.0;36.0;42.0;1;1;1;1;1;1;1;1;1;1;1;1;1;1;1;1;1;1;1;1;1;1;1;1;1;1;1;1;1;1;1
60130000;1;11/2001;1;1;240.0;42.0;64.0;15;8;1;1;1;;0;53.0;50.0;45.0;48.0;58.0;52.0;46.0;42.0;50.0;46.0;48.0;43.0;45.0;54.0;220.0;73.0;60.0;60.0;77.0;109.0;60.0;58.0;56.0;96.0;58.0;56.0;56.0;55.0;56.0;77.0;;1;1;1;1;1;1;1;1;1;1;1;1;1;1;3;1;1;1;1;1;1;1;1;1;1;1;1;1;1;1;0
60130000;2;11/2001;1;1;220.0;42.0;63.5667;15;8;1;1;1;0.0;0;53.0;50.0;45.0;48.0;58.0;52.0;46.0;42.0;50.0;46.0;48.0;43.0;45.0;54.0;220.0;73.0;60.0;60.0;77.0;109.0;60.0;58.0;56.0;96.0;58.0;56.0;56.0;55.0;56.0;77.0;;1;1;1;1;1;1;1;1;1;1;1;1;1;1;1;1;1;1;1;1;1;1;1;1;1;1;1;1;1;1;
60130000;2;12/2001;1;1;232.0;60.0;88.3871;29;4;1;1;1;0.0;0;124.0;71.0;63.0;60.0;60.0;101.0;74.0;73.0;72.0;69.0;67.0;60.0;60.0;60.0;60.0;60.0;64.0;62.0;62.0;61.0;74.0;81.0;83.0;74.0;68.0;73.0;206.0;89.0;232.0;225.0;152.0;1;1;1;1;1;1;1;1;1;1;1;1;1;1;1;1;1;1;1;1;1;1;1;1;1;1;1;1;1;1;1
60130000;1;12/2001;1;1;258.0;60.0;88.0;30;4;0;0;0;;0;124.0;71.0;63.0;60.5;60.0;101.0;73.5;73.0;72.0;69.0;67.0;60.0;60.0;60.0;60.0;60.0;64.0;62.0;62.0;61.0;74.0;81.0;83.0;74.0;68.0;73.0;206.0;89.0;231.5;225.0;152.0;1;1;1;1;1;1;1;1;1;1;1;1;1;1;1;1;1;1;1;1;1;1;1;1;1;1;1;1;1;1;1
60130000;1;01/2002;1;1;242.0;83.0;119.0;15;11;0;0;0;;0;121.5;121.5;120.0;118.0;88.5;88.5;87.0;87.0;86.0;85.0;83.0;83.0;115.5;166.0;194.0;119.0;128.5;189.0;153.0;149.0;130.0;127.0;120.0;119.0;112.0;110.0;110.0;124.0;131.0;120.0;106.0;1;1;1;1;1;1;1;1;1;1;1;1;1;1;1;1;1;1;1;1;1;1;1;1;1;1;1;1;1;1;1
60130000;2;01/2002;1;1;194.0;83.0;119.0968;15;11;1;1;1;0.0;0;122.0;122.0;120.0;118.0;88.0;88.0;87.0;87.0;86.0;85.0;83.0;83.0;116.0;166.0;194.0;119.0;128.0;189.0;153.0;149.0;130.0;127.0;120.0;119.0;112.0;110.0;110.0;124.0;131.0;120.0;106.0;1;1;1;1;1;1;1;1;1;1;1;1;1;1;1;1;1;1;1;1;1;1;1;1;1;1;1;1;1;1;1
60130000;2;02/2002;1;1;260.0;100.0;152.71429;20;6;1;1;1;0.0;0;106.0;119.0;119.0;112.0;105.0;100.0;111.0;112.0;243.0;189.0;232.0;171.0;155.0;146.0;179.0;161.0;158.0;162.0;160.0;260.0;170.0;160.0;145.0;140.0;134.0;155.0;142.0;130.0;;;;1;1;1;1;1;1;1;1;1;1;1;1;1;1;1;1;1;1;1;1;1;1;1;1;1;1;1;1;;;
60130000;1;02/2002;1;1;286.0;100.0;153.0;11;6;0;0;0;;0;106.0;119.0;119.0;112.5;105.0;100.0;111.0;112.0;243.0;189.0;232.0;171.0;155.0;146.0;179.0;161.0;158.0;162.0;159.5;260.0;170.0;160.5;145.0;139.5;133.5;155.0;142.0;130.0;;;;1;1;1;1;1;1;1;1;1;1;1;1;1;1;1;1;1;1;1;1;1;1;1;1;1;1;1;1;0;0;0
60130000;1;03/2002;1;1;232.0;100.0;116.0;27;21;0;0;0;;0;130.0;121.0;120.0;120.0;118.0;115.0;114.0;112.0;110.0;108.0;108.0;104.0;104.5;106.5;106.0;127.0;132.0;113.5;108.0;103.0;100.5;100.0;100.0;115.5;120.0;118.5;230.0;123.0;113.0;107.0;102.5;1;1;1;1;1;1;1;1;1;1;1;1;1;1;1;1;1;1;1;1;1;1;1;1;1;1;1;1;1;1;1
60130000;2;03/2002;1;1;230.0;100.0;116.4194;27;21;1;1;1;0.0;0;130.0;121.0;120.0;120.0;118.0;115.0;114.0;112.0;110.0;108.0;108.0;104.0;104.0;106.0;106.0;127.0;132.0;114.0;108.0;103.0;100.0;100.0;100.0;116.0;120.0;118.0;230.0;123.0;113.0;107.0;102.0;1;1;1;1;1;1;1;1;1;1;1;1;1;1;1;1;1;1;1;1;1;1;1;1;1;1;1;1;1;1;1
60130000;2;04/2002;1;1;102.0;78.0;88.766701;1;26;1;1;1;0.0;0;102.0;100.0;100.0;98.0;97.0;96.0;98.0;98.0;95.0;93.0;92.0;92.0;95.0;91.0;90.0;89.0;86.0;86.0;85.0;85.0;82.0;82.0;81.0;80.0;80.0;78.0;78.0;78.0;78.0;78.0;;1;1;1;1;1;1;1;1;1;1;1;1;1;1;1;1;1;1;1;1;1;1;1;1;1;1;1;1;1;1;
60130000;1;04/2002;1;1;102.0;77.0;89.0;1;27;0;0;0;;0;102.0;100.0;100.5;97.5;97.0;96.0;98.0;98.0;95.0;93.0;92.5;92.0;95.0;91.0;90.0;89.0;86.0;86.0;85.0;85.0;82.0;82.0;81.0;80.0;80.0;78.5;77.5;78.0;78.0;78.0;;1;1;1;1;1;1;1;1;1;1;1;1;1;1;1;1;1;1;1;1;1;1;1;1;1;1;1;1;1;1;0
60130000;2;05/2002;1;1;78.0;72.0;74.193497;1;16;1;1;1;0.0;0;78.0;78.0;78.0;76.0;75.0;76.0;76.0;75.0;75.0;75.0;75.0;75.0;74.0;74.0;73.0;72.0;72.0;72.0;72.0;72.0;74.0;77.0;78.0;74.0;72.0;72.0;72.0;72.0;72.0;72.0;72.0;1;1;1;1;1;1;1;1;1;1;1;1;1;1;1;1;1;1;1;1;1;1;1;1;1;1;1;1;1;1;1
60130000;1;05/2002;1;1;79.0;72.0;74.0;23;15;0;0;0;;0;78.0;78.0;78.0;75.5;75.0;76.5;76.5;75.0;75.0;75.0;75.0;75.0;74.5;74.0;73.0;72.0;72.0;72.0;72.0;72.0;74.5;77.0;78.5;74.5;72.0;72.0;72.0;72.0;72.0;72.0;72.0;1;1;1;1;1;1;1;1;1;1;1;1;1;1;1;1;1;1;1;1;1;1;1;1;1;1;1;1;1;1;1
60130000;2;06/2002;1;1;72.0;65.0;67.033302;1;23;1;1;1;0.0;0;72.0;71.0;71.0;70.0;70.0;70.0;70.0;69.0;68.0;68.0;66.0;66.0;66.0;66.0;66.0;66.0;66.0;66.0;66.0;66.0;66.0;66.0;65.0;65.0;65.0;65.0;65.0;65.0;65.0;65.0;;1;1;1;1;1;1;1;1;1;1;1;1;1;1;1;1;1;1;1;1;1;1;1;1;1;1;1;1;1;1;
60130000;1;06/2002;1;1;72.0;65.0;67.0;1;23;0;0;0;;0;72.0;71.0;71.0;70.0;70.0;70.0;70.0;69.0;68.0;68.0;66.5;66.0;66.0;66.0;66.0;66.0;66.0;66.0;66.0;66.0;66.0;65.5;65.0;65.0;65.0;65.0;65.0;65.0;65.0;65.0;;1;1;1;1;1;1;1;1;1;1;1;1;1;1;1;1;1;1;1;1;1;1;1;1;1;1;1;1;1;1;0
60130000;1;07/2002;1;1;65.0;58.0;62.0;1;27;0;0;0;;0;64.5;64.0;64.0;64.0;64.0;64.0;64.0;63.5;63.0;62.5;62.0;62.0;62.0;62.0;62.0;62.0;62.0;62.0;62.0;62.0;61.0;60.0;60.0;60.0;60.0;60.0;58.0;58.0;59.0;60.0;60.0;1;1;1;1;1;1;1;1;1;1;1;1;1;1;1;1;1;1;1;1;1;1;1;1;1;1;1;1;1;1;1
60130000;2;07/2002;1;1;64.0;58.0;61.709702;1;27;1;1;1;0.0;0;64.0;64.0;64.0;64.0;64.0;64.0;64.0;64.0;63.0;62.0;62.0;62.0;62.0;62.0;62.0;62.0;62.0;62.0;62.0;62.0;61.0;60.0;60.0;60.0;60.0;60.0;58.0;58.0;59.0;60.0;60.0;1;1;1;1;1;1;1;1;1;1;1;1;1;1;1;1;1;1;1;1;1;1;1;1;1;1;1;1;1;1;1
60130000;2;08/2002;1;1;60.0;50.0;53.645199;1;29;1;1;1;0.0;0;60.0;56.0;56.0;56.0;56.0;57.0;56.0;55.0;54.0;54.0;54.0;54.0;54.0;53.0;52.0;52.0;52.0;52.0;52.0;52.0;53.0;54.0;54.0;55.0;53.0;53.0;53.0;51.0;50.0;50.0;50.0;1;1;1;1;1;1;1;1;1;1;1;1;1;1;1;1;1;1;1;1;1;1;1;1;1;1;1;1;1;1;1
60130000;1;08/2002;1;1;60.0;50.0;54.0;1;28;0;0;0;;0;60.0;56.0;56.0;56.0;56.0;57.0;55.5;55.0;54.0;54.0;54.0;54.0;54.0;53.0;52.0;52.0;52.0;52.0;52.0;52.0;53.0;54.0;54.0;55.0;53.0;53.0;53.0;51.0;50.0;50.0;50.0;1;1;1;1;1;1;1;1;1;1;1;1;1;1;1;1;1;1;1;1;1;1;1;1;1;1;1;1;1;1;1
60130000;2;09/2002;1;1;60.0;48.0;50.533298;9;12;1;1;1;0.0;0;50.0;50.0;52.0;50.0;50.0;50.0;52.0;54.0;60.0;50.0;50.0;48.0;48.0;48.0;48.0;48.0;48.0;48.0;48.0;48.0;49.0;51.0;55.0;55.0;56.0;52.0;52.0;50.0;48.0;48.0;;1;1;1;1;1;1;1;1;1;1;1;1;1;1;1;1;1;1;1;1;1;1;1;1;1;1;1;1;1;1;
60130000;1;09/2002;1;1;60.0;47.0;51.0;9;19;0;0;0;;0;50.0;50.0;52.0;50.0;50.0;50.0;52.5;54.0;60.0;50.0;50.0;48.0;48.0;48.0;48.0;48.0;48.0;48.0;47.5;48.5;49.0;51.0;54.5;55.0;56.5;52.5;52.0;50.0;48.5;48.0;;1;1;1;1;1;1;1;1;1;1;1;1;1;1;1;1;1;1;1;1;1;1;1;1;1;1;1;1;1;1;0
60130000;2;10/2002;1;1;62.0;40.0;51.032299;27;17;1;1;1;0.0;0;48.0;48.0;48.0;46.0;48.0;49.0;49.0;48.0;47.0;45.0;44.0;44.0;44.0;44.0;42.0;42.0;40.0;46.0;52.0;54.0;55.0;56.0;59.0;60.0;60.0;58.0;62.0;62.0;62.0;60.0;60.0;1;1;1;1;1;1;1;1;1;1;1;1;1;1;1;1;1;1;1;1;1;1;1;1;1;1;1;1;1;1;1
60130000;1;10/2002;1;1;62.0;39.0;51.0;23;17;0;0;0;;0;48.0;48.0;48.0;46.0;48.0;49.0;49.0;48.0;47.0;45.0;44.0;44.0;44.0;44.0;42.0;42.0;39.5;46.0;52.0;54.0;54.5;56.0;59.0;60.0;60.0;58.0;62.0;62.0;62.0;60.0;60.0;1;1;1;1;1;1;1;1;1;1;1;1;1;1;1;1;1;1;1;1;1;1;1;1;1;1;1;1;1;1;1
60130000;1;11/2002;1;1;66.0;52.0;57.0;19;10;0;0;0;;0;60.0;59.0;59.0;58.0;56.5;55.0;54.0;54.0;54.0;53.0;59.0;62.0;60.0;62.0;57.0;56.0;56.0;59.0;65.0;60.0;55.5;56.0;56.0;56.0;56.0;56.0;56.0;52.0;52.0;52.0;;1;1;1;1;1;1;1;1;1;1;1;1;1;1;1;1;1;1;1;1;1;1;1;1;1;1;1;1;1;1;0
60130000;2;11/2002;1;1;65.0;52.0;56.866699;19;28;1;1;1;0.0;0;60.0;59.0;59.0;58.0;56.0;55.0;54.0;54.0;54.0;53.0;59.0;62.0;60.0;62.0;57.0;56.0;56.0;59.0;65.0;60.0;56.0;56.0;56.0;56.0;56.0;56.0;56.0;52.0;52.0;52.0;;1;1;1;1;1;1;1;1;1;1;1;1;1;1;1;1;1;1;1;1;1;1;1;1;1;1;1;1;1;1;
60130000;1;12/2002;1;1;105.0;45.0;55.0;31;5;0;0;0;;0;52.5;51.5;50.0;49.0;47.5;51.0;52.0;52.0;52.0;56.0;62.0;61.0;56.5;54.0;55.0;56.0;62.0;55.0;53.0;52.0;52.0;52.5;54.0;53.0;54.0;69.0;54.0;52.5;50.0;50.0;90.5;1;1;1;1;1;1;1;1;1;1;1;1;1;1;1;1;1;1;1;1;1;1;1;1;1;1;1;1;1;1;1
60130000;2;12/2002;1;1;90.0;48.0;55.161301;31;5;1;1;1;0.0;0;52.0;52.0;50.0;49.0;48.0;51.0;52.0;52.0;52.0;56.0;62.0;61.0;56.0;54.0;55.0;56.0;62.0;55.0;53.0;52.0;52.0;52.0;54.0;53.0;54.0;69.0;54.0;52.0;50.0;50.0;90.0;1;1;1;1;1;1;1;1;1;1;1;1;1;1;1;1;1;1;1;1;1;1;1;1;1;1;1;1;1;1;1
60130000;1;01/2003;1;1;284.0;60.0;99.0;16;1;0;0;0;;0;61.0;75.0;93.0;110.0;90.5;79.0;77.0;93.0;76.0;70.0;68.0;88.5;98.0;78.0;82.0;233.0;155.0;84.0;142.0;93.0;94.5;141.0;88.0;82.0;82.0;84.0;78.0;86.0;120.0;150.0;119.0;;;;;;;;;;;;;;;;;;;;;;;;;;;;;;;
60130000;2;01/2003;1;1;233.0;61.0;99.0;16;1;1;1;1;0.0;0;61.0;75.0;93.0;110.0;90.0;79.0;77.0;93.0;76.0;70.0;68.0;88.0;98.0;78.0;82.0;233.0;155.0;84.0;142.0;93.0;94.0;141.0;88.0;82.0;82.0;84.0;78.0;86.0;120.0;150.0;119.0;1;1;1;1;1;1;1;1;1;1;1;1;1;1;1;1;1;1;1;1;1;1;1;1;1;1;1;1;1;1;1
60130000;1;02/2003;1;1;140.0;72.0;82.0;4;28;0;0;0;;0;117.0;96.0;84.5;111.0;82.0;81.0;88.5;82.0;80.0;78.0;76.5;76.0;75.5;76.0;76.0;81.5;80.0;78.0;78.0;78.0;92.0;78.0;78.0;78.0;74.0;74.0;74.0;72.0;;;;1;1;1;1;1;1;1;1;1;1;1;1;1;1;1;1;1;1;1;1;1;1;1;1;1;1;1;1;0;0;0
60130000;2;02/2003;1;1;117.0;72.0;81.964302;1;28;1;1;1;0.0;0;117.0;96.0;84.0;111.0;82.0;81.0;88.0;82.0;80.0;78.0;76.0;76.0;76.0;76.0;76.0;82.0;80.0;78.0;78.0;78.0;92.0;78.0;78.0;78.0;74.0;74.0;74.0;72.0;;;;1;1;1;1;1;1;1;1;1;1;1;1;1;1;1;1;1;1;1;1;1;1;1;1;1;1;1;1;;;
60130000;2;03/2003;1;1;117.0;70.0;80.7742;26;7;1;1;1;0.0;0;72.0;72.0;72.0;71.0;74.0;71.0;70.0;73.0;76.0;76.0;80.0;79.0;111.0;90.0;84.0;102.0;90.0;86.0;80.0;78.0;78.0;77.0;75.0;74.0;75.0;117.0;87.0;80.0;78.0;78.0;78.0;1;1;1;1;1;1;1;1;1;1;1;1;1;1;1;1;1;1;1;1;1;1;1;1;1;1;1;1;1;1;1
60130000;1;03/2003;1;1;144.0;70.0;81.0;13;6;0;0;0;;0;72.0;72.0;71.5;71.0;74.0;71.0;70.0;73.0;76.0;76.0;80.0;79.0;111.0;90.0;84.5;102.0;90.0;86.0;80.0;78.0;78.0;77.0;75.0;74.0;75.0;117.0;87.0;80.0;78.0;77.5;78.0;1;1;1;1;1;1;1;1;1;1;1;1;1;1;1;1;1;1;1;1;1;1;1;1;1;1;1;1;1;1;1
60130000;1;04/2003;1;1;218.0;71.0;81.0;10;30;0;0;0;;0;78.0;75.0;75.5;76.0;75.5;75.5;81.0;76.0;76.0;202.0;104.5;83.0;80.0;80.0;79.5;78.0;77.0;76.5;76.0;76.0;75.5;75.0;74.5;74.0;74.0;72.0;73.0;72.0;72.0;71.5;;1;1;1;1;1;1;1;1;1;1;1;1;1;1;1;1;1;1;1;1;1;1;1;1;1;1;1;1;1;1;0
60130000;2;04/2003;1;1;202.0;72.0;81.199997;10;26;1;1;1;0.0;0;78.0;75.0;76.0;76.0;76.0;76.0;81.0;76.0;76.0;202.0;104.0;83.0;80.0;80.0;80.0;78.0;77.0;76.0;76.0;76.0;76.0;75.0;74.0;74.0;74.0;72.0;73.0;72.0;72.0;72.0;;1;1;1;1;1;1;1;1;1;1;1;1;1;1;1;1;1;1;1;1;1;1;1;1;1;1;1;1;1;1;
60130000;1;05/2003;1;1;118.0;64.0;69.0;6;30;0;0;0;;0;71.0;70.5;70.0;70.0;70.0;95.0;81.0;73.5;71.0;70.0;70.0;70.0;70.0;69.5;69.5;68.0;68.0;68.0;68.0;67.5;66.5;66.0;66.0;66.5;66.0;66.0;66.0;65.5;65.5;64.5;65.0;1;1;1;1;1;1;1;1;1;1;1;1;1;1;1;1;1;1;1;1;1;1;1;1;1;1;1;1;1;1;1
60130000;2;05/2003;1;1;95.0;64.0;69.516098;6;30;1;1;1;0.0;0;71.0;70.0;70.0;70.0;70.0;95.0;81.0;74.0;71.0;70.0;70.0;70.0;70.0;70.0;70.0;68.0;68.0;68.0;68.0;68.0;66.0;66.0;66.0;66.0;66.0;66.0;66.0;66.0;66.0;64.0;65.0;1;1;1;1;1;1;1;1;1;1;1;1;1;1;1;1;1;1;1;1;1;1;1;1;1;1;1;1;1;1;1
60130000;2;06/2003;1;1;65.0;58.0;61.200001;1;26;1;1;1;0.0;0;65.0;65.0;64.0;64.0;64.0;64.0;63.0;63.0;62.0;62.0;62.0;62.0;62.0;62.0;62.0;62.0;61.0;60.0;60.0;60.0;60.0;60.0;59.0;59.0;59.0;58.0;58.0;58.0;58.0;58.0;;1;1;1;1;1;1;1;1;1;1;1;1;1;1;1;1;1;1;1;1;1;1;1;1;1;1;1;1;1;1;
60130000;1;06/2003;1;1;65.0;58.0;61.0;1;26;0;0;0;;0;65.0;65.0;64.0;64.0;64.0;63.5;63.0;63.0;62.5;62.0;62.0;62.0;62.0;62.0;62.0;62.0;61.0;60.5;60.0;60.0;60.0;59.5;59.0;59.0;59.0;58.5;58.0;58.0;58.0;58.0;;1;1;1;1;1;1;1;1;1;1;1;1;1;1;1;1;1;1;1;1;1;1;1;1;1;1;1;1;1;1;0
60130000;2;07/2003;1;1;58.0;52.0;55.161301;1;30;1;1;1;0.0;0;58.0;58.0;56.0;56.0;56.0;56.0;56.0;56.0;56.0;56.0;56.0;56.0;56.0;56.0;56.0;56.0;56.0;56.0;56.0;54.0;54.0;53.0;53.0;54.0;54.0;55.0;54.0;54.0;53.0;52.0;52.0;1;1;1;1;1;1;1;1;1;1;1;1;1;1;1;1;1;1;1;1;1;1;1;1;1;1;1;1;1;1;1
60130000;1;07/2003;1;1;58.0;52.0;55.0;1;30;0;0;0;;0;58.0;58.0;56.0;56.0;56.0;56.0;56.0;56.0;56.0;56.0;56.0;56.0;56.0;56.0;56.0;56.0;56.0;56.0;56.0;54.0;53.5;53.0;53.0;54.0;54.0;55.0;54.0;54.0;53.0;52.5;52.0;1;1;1;1;1;1;1;1;1;1;1;1;1;1;1;1;1;1;1;1;1;1;1;1;1;1;1;1;1;1;1
60130000;2;08/2003;1;1;56.0;46.0;49.516102;14;24;1;1;1;0.0;0;52.0;52.0;52.0;51.0;50.0;50.0;50.0;50.0;50.0;54.0;51.0;50.0;50.0;56.0;50.0;50.0;50.0;50.0;48.0;48.0;48.0;48.0;47.0;46.0;46.0;46.0;47.0;47.0;49.0;48.0;49.0;1;1;1;1;1;1;1;1;1;1;1;1;1;1;1;1;1;1;1;1;1;1;1;1;1;1;1;1;1;1;1
60130000;1;08/2003;1;1;60.0;46.0;50.0;14;24;0;0;0;;0;52.0;52.0;51.5;51.0;50.5;50.0;50.0;50.0;50.0;54.0;51.0;50.0;50.0;55.5;50.5;50.0;50.0;49.5;48.5;48.0;48.0;48.0;47.0;46.0;46.0;46.0;47.0;47.0;49.0;47.5;49.0;;;;;;;;;;;;;;;;;;;;;;;;;;;;;;;1
60130000;2;09/2003;1;1;58.0;42.0;46.733299;17;10;1;1;1;0.0;0;47.0;46.0;46.0;46.0;44.0;44.0;45.0;44.0;43.0;42.0;44.0;44.0;46.0;48.0;47.0;57.0;58.0;52.0;49.0;49.0;47.0;48.0;47.0;46.0;44.0;45.0;44.0;42.0;48.0;50.0;;1;1;1;1;1;1;1;1;1;1;1;1;1;1;1;1;1;1;1;1;1;1;1;1;1;1;1;1;1;1;
60130000;1;09/2003;1;1;60.0;42.0;47.0;17;10;0;0;0;;0;47.0;46.0;46.0;46.0;44.5;44.0;45.0;44.0;43.0;42.0;44.0;44.0;46.0;48.5;47.0;57.0;58.0;52.0;49.0;49.0;47.0;47.5;47.0;46.0;44.0;45.0;44.0;42.0;48.0;50.0;;1;1;1;1;1;1;1;1;1;1;1;1;1;1;1;1;1;1;1;1;1;1;1;1;1;1;1;1;1;1;0
60130000;2;10/2003;1;1;52.0;42.0;46.0;11;21;1;1;1;0.0;0;48.0;47.0;46.0;46.0;46.0;44.0;44.0;46.0;46.0;49.0;52.0;50.0;49.0;48.0;46.0;46.0;44.0;44.0;43.0;44.0;42.0;43.0;44.0;49.0;47.0;46.0;44.0;46.0;45.0;46.0;46.0;1;1;1;1;1;1;1;1;1;1;1;1;1;1;1;1;1;1;1;1;1;1;1;1;1;1;1;1;1;1;1
60130000;1;10/2003;1;1;52.0;42.0;46.0;11;21;0;0;0;;0;48.0;47.0;46.5;46.0;46.0;43.5;44.0;46.0;46.0;49.0;52.0;50.0;49.0;48.0;45.5;46.0;44.5;43.5;43.0;44.0;42.0;43.0;44.0;49.0;47.0;45.5;44.0;46.0;45.0;46.5;45.5;1;1;1;1;1;1;1;1;1;1;1;1;1;1;1;1;1;1;1;1;1;1;1;1;1;1;1;1;1;1;1
60130000;2;11/2003;1;1;62.0;40.0;48.666698;28;3;1;1;1;0.0;0;44.0;47.0;40.0;46.0;44.0;44.0;44.0;46.0;57.0;54.0;48.0;46.0;44.0;44.0;46.0;51.0;50.0;51.0;50.0;50.0;48.0;48.0;48.0;47.0;47.0;46.0;50.0;62.0;60.0;58.0;;1;1;1;1;1;1;1;1;1;1;1;1;1;1;1;1;1;1;1;1;1;1;1;1;1;1;1;1;1;1;
60130000;1;11/2003;1;1;62.0;40.0;49.0;28;3;0;0;0;;0;44.5;47.0;40.0;46.0;44.0;44.0;44.0;46.0;57.0;54.0;48.0;46.0;44.0;44.0;46.0;51.0;50.0;51.0;50.0;49.5;48.5;48.0;47.5;47.0;47.0;46.0;50.0;62.0;60.0;58.0;;1;1;1;1;1;1;1;1;1;1;1;1;1;1;1;1;1;1;1;1;1;1;1;1;1;1;1;1;1;1;0
60130000;2;12/2003;1;1;131.0;45.0;55.064499;29;21;1;1;1;0.0;0;58.0;56.0;52.0;52.0;53.0;66.0;56.0;54.0;54.0;54.0;53.0;52.0;52.0;51.0;50.0;50.0;48.0;48.0;46.0;46.0;45.0;45.0;51.0;52.0;49.0;49.0;50.0;50.0;131.0;70.0;64.0;1;1;1;1;1;1;1;1;1;1;1;1;1;1;1;1;1;1;1;1;1;1;1;1;1;1;1;1;1;1;1
60130000;1;12/2003;1;1;132.0;45.0;55.0;29;21;0;0;0;;0;58.0;55.5;52.5;52.0;53.0;66.0;56.0;54.0;54.0;54.0;53.0;52.0;52.0;51.0;50.0;50.0;48.0;48.0;46.0;46.0;45.0;45.0;51.0;52.0;49.0;49.0;50.0;50.0;131.0;70.0;64.0;1;1;1;1;1;1;1;1;1;1;1;1;1;1;1;1;1;1;1;1;1;1;1;1;1;1;1;1;1;1;1
60130000;2;01/2004;1;1;290.0;53.0;85.193497;27;6;1;1;1;0.0;0;58.0;58.0;63.0;58.0;54.0;53.0;53.0;54.0;60.0;58.0;63.0;65.0;59.0;58.0;102.0;71.0;68.0;68.0;70.0;72.0;68.0;60.0;95.0;94.0;105.0;173.0;290.0;169.0;133.0;100.0;89.0;1;1;1;1;1;1;1;1;1;1;1;1;1;1;1;1;1;1;1;1;1;1;1;1;1;1;1;1;1;1;1
60130000;1;01/2004;1;1;290.0;53.0;85.0;27;6;0;0;0;;0;58.0;58.0;63.0;58.0;54.0;53.0;53.0;54.0;60.0;58.0;63.0;65.0;59.0;58.0;102.5;71.0;68.0;68.0;70.0;72.0;68.0;60.0;95.0;94.0;105.0;173.0;290.0;169.0;133.0;100.5;89.0;1;1;1;1;1;1;1;1;1;1;1;1;1;1;1;1;1;1;1;1;1;1;1;1;1;1;1;1;1;1;1
60130000;2;02/2004;1;1;310.0;80.0;127.3793;23;7;1;1;1;0.0;0;88.0;87.0;82.0;82.0;84.0;84.0;80.0;80.0;108.0;82.0;80.0;88.0;84.0;87.0;89.0;86.0;82.0;94.0;92.0;100.0;93.0;186.0;310.0;270.0;254.0;272.0;254.0;166.0;150.0;;;1;1;1;1;1;1;1;1;1;1;1;1;1;1;1;1;1;1;1;1;1;1;1;1;1;1;1;1;1;;
60130000;1;02/2004;1;1;366.0;80.0;127.0;23;7;2;2;2;;0;88.0;87.0;82.0;82.0;84.0;84.0;80.0;80.0;108.0;82.0;80.0;88.0;84.0;87.0;89.0;86.0;82.0;94.0;92.0;100.0;93.0;186.0;310.0;270.0;254.0;272.0;254.0;166.0;150.0;;;1;1;1;1;1;1;1;1;1;1;1;1;1;1;1;1;1;1;1;1;1;1;1;2;1;1;1;1;1;0;0
60130000;2;03/2004;1;1;254.0;106.0;133.4194;7;30;1;1;1;0.0;0;129.0;126.0;118.0;112.0;110.0;198.0;254.0;190.0;164.0;152.0;133.0;129.0;126.0;156.0;137.0;136.0;134.0;130.0;128.0;126.0;123.0;119.0;118.0;117.0;115.0;114.0;112.0;110.0;108.0;106.0;106.0;1;1;1;1;1;1;1;1;1;1;1;1;1;1;1;1;1;1;1;1;1;1;1;1;1;1;1;1;1;1;1
60130000;1;03/2004;1;1;263.0;105.0;133.0;7;31;0;0;0;;0;129.0;126.5;118.0;112.5;110.0;198.0;254.0;190.0;164.0;152.5;133.0;129.0;126.5;155.5;137.0;136.0;134.0;130.0;128.0;126.0;123.0;119.0;118.0;117.0;115.0;114.0;112.0;110.0;108.0;106.0;105.5;1;1;1;1;1;1;1;1;1;1;1;1;1;1;1;1;1;1;1;1;1;1;1;1;1;1;1;1;1;1;1
60130000;2;04/2004;1;1;126.0;80.0;98.766701;12;29;1;1;1;0.0;0;105.0;104.0;104.0;103.0;103.0;102.0;102.0;99.0;99.0;98.0;98.0;126.0;118.0;111.0;108.0;104.0;98.0;98.0;96.0;96.0;92.0;92.0;90.0;90.0;90.0;92.0;93.0;92.0;80.0;80.0;;1;1;1;1;1;1;1;1;1;1;1;1;1;1;1;1;1;1;1;1;1;1;1;1;1;1;1;1;1;1;
60130000;1;04/2004;1;1;126.0;80.0;99.0;12;29;0;0;0;;0;105.0;104.0;104.0;103.0;103.0;102.0;102.0;99.0;99.0;98.0;98.0;126.0;118.0;111.0;108.0;104.0;98.0;98.0;96.0;96.0;92.0;92.0;90.0;90.0;90.0;92.0;93.0;92.0;80.0;80.0;;1;1;1;1;1;1;1;1;1;1;1;1;1;1;1;1;1;1;1;1;1;1;1;1;1;1;1;1;1;1;0
60130000;2;05/2004;1;1;97.0;76.0;80.903198;22;29;1;1;1;0.0;0;80.0;80.0;82.0;82.0;82.0;83.0;84.0;84.0;82.0;82.0;82.0;81.0;81.0;81.0;81.0;80.0;79.0;79.0;79.0;79.0;81.0;97.0;86.0;80.0;79.0;78.0;78.0;77.0;76.0;77.0;76.0;1;1;1;1;1;1;1;1;1;1;1;1;1;1;1;1;1;1;1;1;1;1;1;1;1;1;1;1;1;1;1
60130000;1;05/2004;1;1;98.0;76.0;81.0;22;29;0;0;0;;0;80.0;80.0;82.0;82.0;82.0;83.0;84.0;84.0;82.0;82.0;82.0;81.0;81.0;81.0;81.0;80.0;79.0;79.0;79.0;79.0;81.0;97.0;86.0;80.0;79.0;78.0;78.0;77.0;76.5;77.0;76.0;1;1;1;1;1;1;1;1;1;1;1;1;1;1;1;1;1;1;1;1;1;1;1;1;1;1;1;1;1;1;1
60130000;2;06/2004;1;1;76.0;68.0;72.533302;1;30;1;1;1;0.0;0;76.0;76.0;76.0;76.0;75.0;74.0;74.0;74.0;74.0;74.0;74.0;72.0;72.0;72.0;72.0;72.0;72.0;72.0;72.0;72.0;72.0;71.0;71.0;71.0;71.0;71.0;70.0;70.0;70.0;68.0;;1;1;1;1;1;1;1;1;1;1;1;1;1;1;1;1;1;1;1;1;1;1;1;1;1;1;1;1;1;1;
60130000;1;06/2004;1;1;76.0;68.0;73.0;1;30;0;0;0;;0;76.0;76.0;76.0;76.0;75.0;74.0;74.0;74.0;74.0;74.0;73.5;72.0;72.0;72.0;72.0;72.0;72.0;72.0;72.0;72.0;72.0;71.0;71.0;71.0;71.0;71.0;70.0;70.0;70.0;68.0;;1;1;1;1;1;1;1;1;1;1;1;1;1;1;1;1;1;1;1;1;1;1;1;1;1;1;1;1;1;1;0
60130000;2;07/2004;1;1;75.0;62.0;65.838699;12;30;1;1;1;0.0;0;68.0;68.0;68.0;68.0;68.0;68.0;68.0;67.0;67.0;65.0;65.0;75.0;66.0;66.0;66.0;65.0;65.0;65.0;65.0;66.0;66.0;66.0;65.0;64.0;64.0;64.0;63.0;63.0;63.0;62.0;62.0;1;1;1;1;1;1;1;1;1;1;1;1;1;1;1;1;1;1;1;1;1;1;1;1;1;1;1;1;1;1;1
60130000;1;07/2004;1;1;75.0;62.0;66.0;12;30;0;0;0;;0;68.0;68.0;68.0;68.0;68.0;68.0;68.0;67.0;67.0;65.0;65.0;75.0;66.0;66.0;66.0;65.0;65.0;65.0;65.0;66.0;66.0;66.0;65.0;64.0;64.0;64.0;63.0;63.0;63.0;62.0;62.0;1;1;1;1;1;1;1;1;1;1;1;1;1;1;1;1;1;1;1;1;1;1;1;1;1;1;1;1;1;1;1
60130000;2;08/2004;1;1;62.0;55.0;58.419399;1;29;1;1;1;0.0;0;62.0;62.0;62.0;62.0;60.0;60.0;60.0;60.0;60.0;60.0;60.0;60.0;60.0;58.0;58.0;58.0;58.0;58.0;58.0;58.0;57.0;57.0;57.0;57.0;56.0;56.0;56.0;56.0;55.0;55.0;55.0;1;1;1;1;1;1;1;1;1;1;1;1;1;1;1;1;1;1;1;1;1;1;1;1;1;1;1;1;1;1;1
60130000;1;08/2004;1;1;62.0;55.0;58.0;1;29;0;0;0;;0;62.0;62.0;62.0;62.0;60.0;60.0;60.0;60.0;60.0;60.0;60.0;60.0;60.0;58.0;58.0;58.0;58.0;58.0;58.0;58.0;57.0;57.0;57.0;57.0;56.0;56.0;56.0;56.0;55.0;55.0;55.0;1;1;1;1;1;1;1;1;1;1;1;1;1;1;1;1;1;1;1;1;1;1;1;1;1;1;1;1;1;1;1
60130000;2;09/2004;1;1;55.0;44.0;49.200001;1;30;1;1;1;0.0;0;55.0;55.0;54.0;53.0;53.0;52.0;51.0;51.0;50.0;50.0;50.0;50.0;50.0;50.0;50.0;48.0;48.0;48.0;48.0;48.0;48.0;48.0;46.0;46.0;46.0;46.0;46.0;46.0;46.0;44.0;;1;1;1;1;1;1;1;1;1;1;1;1;1;1;1;1;1;1;1;1;1;1;1;1;1;1;1;1;1;1;
60130000;1;09/2004;1;1;55.0;44.0;49.0;1;30;0;0;0;;0;55.0;55.0;54.0;53.0;53.0;52.0;51.0;51.0;50.0;50.0;50.0;50.0;50.0;50.0;50.0;48.0;48.0;48.0;48.0;48.0;48.0;48.0;46.0;46.0;46.0;46.0;46.0;46.0;46.0;44.0;;1;1;1;1;1;1;1;1;1;1;1;1;1;1;1;1;1;1;1;1;1;1;1;1;1;1;1;1;1;1;0
60130000;2;10/2004;1;1;50.0;43.0;45.322601;29;18;1;1;1;0.0;0;44.0;44.0;44.0;44.0;48.0;46.0;46.0;44.0;44.0;44.0;47.0;46.0;46.0;46.0;46.0;44.0;44.0;43.0;43.0;43.0;48.0;46.0;45.0;44.0;44.0;44.0;47.0;49.0;50.0;46.0;46.0;1;1;1;1;1;1;1;1;1;1;1;1;1;1;1;1;1;1;1;1;1;1;1;1;1;1;1;1;1;1;1
60130000;1;10/2004;1;1;52.0;43.0;45.0;28;18;0;0;0;;0;44.0;44.0;44.0;44.0;48.0;46.0;46.0;44.0;44.0;44.0;47.0;46.5;46.0;46.0;46.0;44.0;44.0;43.0;43.0;43.0;48.0;46.0;45.0;44.0;44.0;44.0;47.0;49.0;50.0;46.0;46.0;1;1;1;1;1;1;1;1;1;1;1;1;1;1;1;1;1;1;1;1;1;1;1;1;1;1;1;1;1;1;1
60130000;2;11/2004;1;1;76.0;43.0;50.966702;8;3;1;1;1;0.0;0;46.0;44.0;43.0;45.0;47.0;46.0;56.0;76.0;72.0;50.0;48.0;48.0;48.0;48.0;51.0;52.0;51.0;50.0;50.0;50.0;50.0;50.0;48.0;48.0;48.0;50.0;50.0;54.0;54.0;56.0;;1;1;1;1;1;1;1;1;1;1;1;1;1;1;1;1;1;1;1;1;1;1;1;1;1;1;1;1;1;1;
60130000;1;11/2004;1;1;78.0;43.0;51.0;8;3;0;0;0;;0;46.0;44.0;43.0;45.0;47.0;46.0;56.0;76.5;72.0;50.0;48.0;48.0;48.0;48.0;51.0;51.5;51.0;50.0;50.0;50.0;50.0;50.0;48.0;48.0;48.0;50.0;50.0;54.0;54.0;56.0;;1;1;1;1;1;1;1;1;1;1;1;1;1;1;1;1;1;1;1;1;1;1;1;1;1;1;1;1;1;1;0
60130000;1;12/2004;1;1;108.0;46.0;62.0;26;7;0;0;0;;0;56.0;55.0;50.0;50.0;50.0;48.0;46.0;46.0;51.5;67.0;69.0;66.0;79.0;56.0;54.0;54.0;53.5;53.0;53.5;54.0;66.0;66.0;66.0;65.0;64.0;106.0;84.0;66.0;68.0;74.0;72.0;1;1;1;1;1;1;1;1;1;1;1;1;1;1;1;1;1;1;1;1;1;1;1;1;1;1;1;1;1;1;1
60130000;2;12/2004;1;1;106.0;46.0;61.6129;26;7;1;1;1;0.0;0;56.0;55.0;50.0;50.0;50.0;48.0;46.0;46.0;52.0;67.0;69.0;66.0;79.0;56.0;54.0;54.0;54.0;53.0;54.0;54.0;66.0;66.0;66.0;65.0;64.0;106.0;84.0;66.0;68.0;74.0;72.0;1;1;1;1;1;1;1;1;1;1;1;1;1;1;1;1;1;1;1;1;1;1;1;1;1;1;1;1;1;1;1
60130000;2;01/2005;1;1;113.0;64.0;74.677399;30;3;1;1;1;0.0;0;73.0;68.0;64.0;72.0;78.0;80.0;68.0;64.0;82.0;74.0;72.0;68.0;72.0;72.0;70.0;72.0;72.0;72.0;70.0;68.0;70.0;76.0;77.0;80.0;77.0;74.0;70.0;72.0;73.0;113.0;102.0;1;1;1;1;1;1;1;1;1;1;1;1;1;1;1;1;1;1;1;1;1;1;1;1;1;1;1;1;1;1;1
60130000;1;01/2005;1;1;118.0;64.0;75.0;30;3;0;0;0;;0;73.0;68.0;64.0;72.0;78.0;80.0;68.0;64.0;82.0;74.0;72.0;68.0;72.0;72.0;70.0;71.5;72.0;72.0;70.0;68.0;70.0;76.0;77.0;80.0;77.0;74.0;70.5;72.5;73.0;113.0;102.0;;;;;;;;;;;;;;;;;;;;;;;;;;;;;;;
60130000;2;02/2005;1;1;96.0;66.0;72.607101;1;24;1;1;1;0.0;0;96.0;89.0;80.0;78.0;76.0;77.0;78.0;76.0;74.0;74.0;72.0;72.0;70.0;69.0;68.0;68.0;68.0;67.0;70.0;70.0;70.0;68.0;67.0;66.0;66.0;66.0;68.0;70.0;;;;1;1;1;1;1;1;1;1;1;1;1;1;1;1;1;1;1;1;1;1;1;1;1;1;1;1;1;1;;;
60130000;1;02/2005;1;1;96.0;66.0;73.0;1;23;0;0;0;;0;96.0;89.0;80.0;78.0;76.0;77.0;78.0;76.0;74.5;74.0;72.0;72.0;70.0;69.0;68.0;68.0;67.5;67.0;70.0;70.0;70.0;68.0;67.0;66.0;66.0;66.0;68.0;70.0;;;;1;1;1;1;1;1;1;1;1;1;1;1;1;1;1;1;1;1;1;1;1;1;1;1;1;1;1;1;0;0;0
60130000;2;03/2005;1;1;122.0;69.0;79.2258;8;13;1;1;1;0.0;0;70.0;72.0;70.0;73.0;72.0;72.0;80.0;122.0;79.0;78.0;76.0;73.0;69.0;74.0;79.0;107.0;98.0;90.0;84.0;78.0;78.0;80.0;79.0;78.0;75.0;74.0;73.0;72.0;78.0;77.0;76.0;1;1;1;1;1;1;1;1;1;1;1;1;1;1;1;1;1;1;1;1;1;1;1;1;1;1;1;1;1;1;1
60130000;1;03/2005;1;1;160.0;69.0;79.0;8;13;0;0;0;;0;70.0;72.0;70.0;73.0;72.0;72.0;80.0;121.5;79.0;78.0;76.0;73.0;69.0;74.0;79.0;107.0;98.0;90.0;84.0;78.0;78.0;80.0;79.0;78.0;75.0;74.0;73.0;72.0;78.0;77.0;76.0;1;1;1;1;1;1;1;1;1;1;1;1;1;1;1;1;1;1;1;1;1;1;1;1;1;1;1;1;1;1;1
60130000;2;04/2005;1;1;76.0;60.0;66.866699;1;24;1;1;1;0.0;0;76.0;74.0;71.0;70.0;68.0;68.0;68.0;68.0;67.0;66.0;66.0;68.0;68.0;68.0;67.0;66.0;66.0;66.0;64.0;64.0;64.0;62.0;62.0;60.0;60.0;70.0;68.0;68.0;67.0;66.0;;1;1;1;1;1;1;1;1;1;1;1;1;1;1;1;1;1;1;1;1;1;1;1;1;1;1;1;1;1;1;
60130000;1;04/2005;1;1;76.0;60.0;67.0;1;24;0;0;0;;0;76.0;74.0;71.0;70.0;68.0;68.0;68.0;68.0;67.0;66.0;66.0;68.0;68.0;68.0;67.0;66.0;66.0;66.0;64.0;64.0;64.0;62.0;62.0;60.0;60.0;70.0;68.0;68.0;67.0;66.0;;1;1;1;1;1;1;1;1;1;1;1;1;1;1;1;1;1;1;1;1;1;1;1;1;1;1;1;1;1;1;0
60130000;2;05/2005;1;1;81.0;58.0;64.483902;24;13;1;1;1;0.0;0;66.0;64.0;64.0;64.0;62.0;62.0;62.0;60.0;60.0;60.0;60.0;60.0;58.0;58.0;58.0;60.0;60.0;60.0;62.0;58.0;58.0;58.0;58.0;81.0;78.0;77.0;76.0;76.0;74.0;73.0;72.0;1;1;1;1;1;1;1;1;1;1;1;1;1;1;1;1;1;1;1;1;1;1;1;1;1;1;1;1;1;1;1
60130000;1;05/2005;1;1;84.0;58.0;64.0;24;13;0;0;0;;0;66.0;64.0;64.0;64.0;62.0;62.0;62.0;60.0;60.0;60.0;60.0;60.0;58.0;58.0;58.0;60.0;60.0;60.0;62.0;58.0;58.0;58.0;58.0;81.0;78.0;77.0;76.0;76.0;74.0;73.0;72.0;;;;;;;;;;;;;;;;;;;;;;;;;;;;;;;
60130000;1;06/2005;1;1;72.0;54.0;60.0;1;16;0;0;0;;0;72.0;70.0;70.0;68.0;68.0;68.0;68.0;66.0;64.0;62.0;62.0;60.0;58.0;58.0;56.0;54.0;54.0;55.0;56.0;56.0;57.0;57.0;57.0;56.0;56.0;55.0;54.0;54.0;54.0;54.0;;1;1;1;1;1;1;1;1;1;1;1;1;1;1;1;1;1;1;1;1;1;1;1;1;1;1;1;1;1;1;0
60130000;2;06/2005;1;1;72.0;54.0;59.966702;1;16;1;1;1;0.0;0;72.0;70.0;70.0;68.0;68.0;68.0;68.0;66.0;64.0;62.0;62.0;60.0;58.0;58.0;56.0;54.0;54.0;55.0;56.0;56.0;57.0;57.0;57.0;56.0;56.0;55.0;54.0;54.0;54.0;54.0;;1;1;1;1;1;1;1;1;1;1;1;1;1;1;1;1;1;1;1;1;1;1;1;1;1;1;1;1;1;1;
60130000;1;07/2005;1;1;54.0;46.0;50.0;1;29;0;0;0;;0;54.0;54.0;54.0;54.0;53.0;53.0;53.0;52.0;52.0;52.0;52.0;52.0;52.0;50.0;50.0;49.0;49.0;49.0;49.0;48.0;48.0;48.0;48.0;48.0;48.0;48.0;47.0;47.0;46.5;46.0;46.0;1;1;1;1;1;1;1;1;1;1;1;1;1;1;1;1;1;1;1;1;1;1;1;1;1;1;1;1;1;1;1
60130000;2;07/2005;1;1;54.0;46.0;50.032299;1;29;1;1;1;0.0;0;54.0;54.0;54.0;54.0;53.0;53.0;53.0;52.0;52.0;52.0;52.0;52.0;52.0;50.0;50.0;49.0;49.0;49.0;49.0;48.0;48.0;48.0;48.0;48.0;48.0;48.0;47.0;47.0;46.0;46.0;46.0;1;1;1;1;1;1;1;1;1;1;1;1;1;1;1;1;1;1;1;1;1;1;1;1;1;1;1;1;1;1;1
60130000;1;08/2005;1;1;46.0;37.0;44.0;1;29;0;0;0;;0;46.0;46.0;46.0;46.0;46.0;46.0;46.0;46.0;46.0;46.0;46.0;46.0;46.0;45.0;45.0;45.0;45.0;45.0;45.0;44.0;41.0;41.0;41.0;41.0;41.0;41.0;43.0;38.0;37.0;37.0;37.0;1;1;1;1;1;1;1;1;1;1;1;1;1;1;1;1;1;1;1;1;1;1;1;1;1;1;1;1;1;1;1
60130000;2;08/2005;1;1;46.0;37.0;43.548401;1;29;1;1;1;0.0;0;46.0;46.0;46.0;46.0;46.0;46.0;46.0;46.0;46.0;46.0;46.0;46.0;46.0;45.0;45.0;45.0;45.0;45.0;45.0;44.0;41.0;41.0;41.0;41.0;41.0;41.0;43.0;38.0;37.0;37.0;37.0;1;1;1;1;1;1;1;1;1;1;1;1;1;1;1;1;1;1;1;1;1;1;1;1;1;1;1;1;1;1;1
60130000;1;09/2005;1;1;38.0;30.0;33.0;6;4;0;0;0;;0;33.0;33.0;32.0;30.0;30.0;38.0;36.0;36.0;36.0;36.0;35.0;35.0;33.0;32.0;30.0;31.0;31.0;32.0;32.0;32.0;32.0;32.0;32.0;31.0;36.0;33.0;33.0;33.0;32.0;31.0;;1;1;1;1;1;1;1;1;1;1;1;1;1;1;1;1;1;1;1;1;1;1;1;1;1;1;1;1;1;1;0
60130000;2;09/2005;1;1;38.0;30.0;32.9333;6;4;1;1;1;0.0;0;33.0;33.0;32.0;30.0;30.0;38.0;36.0;36.0;36.0;36.0;35.0;35.0;33.0;32.0;30.0;31.0;31.0;32.0;32.0;32.0;32.0;32.0;32.0;31.0;36.0;33.0;33.0;33.0;32.0;31.0;;1;1;1;1;1;1;1;1;1;1;1;1;1;1;1;1;1;1;1;1;1;1;1;1;1;1;1;1;1;1;
60130000;2;10/2005;1;1;44.0;27.0;30.193501;28;21;1;1;1;0.0;0;30.0;30.0;30.0;30.0;30.0;29.0;29.0;29.0;30.0;30.0;30.0;30.0;30.0;29.0;30.0;28.0;28.0;28.0;28.0;28.0;27.0;27.0;27.0;30.0;30.0;30.0;30.0;44.0;41.0;32.0;32.0;1;1;1;1;1;1;1;1;1;1;1;1;1;1;1;1;1;1;1;1;1;1;1;1;1;1;1;1;1;1;1
60130000;1;10/2005;1;1;44.0;27.0;30.0;28;21;0;0;0;;0;30.0;30.0;30.0;30.0;30.0;29.0;29.0;29.0;30.0;30.0;30.0;30.0;30.0;29.0;30.0;28.0;28.0;28.0;28.0;28.0;27.0;27.0;27.0;30.0;30.0;30.0;30.0;44.0;41.0;32.0;32.0;1;1;1;1;1;1;1;1;1;1;1;1;1;1;1;1;1;1;1;1;1;1;1;1;1;1;1;1;1;1;1
60130000;2;11/2005;1;1;80.0;32.0;49.5;29;1;1;1;1;0.0;0;32.0;32.0;33.0;64.0;52.0;52.0;48.0;48.0;48.0;38.0;38.0;38.0;36.0;36.0;40.0;42.0;42.0;42.0;42.0;50.0;56.0;53.0;54.0;53.0;50.0;52.0;78.0;77.0;80.0;79.0;;1;1;1;1;1;1;1;1;1;1;1;1;1;1;1;1;1;1;1;1;1;1;1;1;1;1;1;1;1;1;
60130000;1;11/2005;1;1;80.0;32.0;50.0;29;1;0;0;0;;0;32.0;32.0;33.0;64.0;52.0;52.0;48.0;48.0;48.0;38.0;38.0;38.0;36.0;36.0;40.0;42.0;42.0;42.0;42.0;50.0;56.0;53.0;54.0;53.0;50.0;52.0;78.0;77.0;80.0;79.0;;;;;;;;;;;;;;;;;;;;;;;;;;;;;;;;0
60130000;2;12/2005;1;1;130.0;70.0;80.935501;3;11;1;1;1;0.0;0;95.0;116.0;130.0;92.0;78.0;74.0;82.0;88.0;118.0;75.0;70.0;70.0;70.0;78.0;78.0;86.0;87.0;77.0;77.0;73.0;72.0;74.0;71.0;70.0;78.0;72.0;76.0;72.0;70.0;70.0;70.0;1;1;1;1;1;1;1;1;1;1;1;1;1;1;1;1;1;1;1;1;1;1;1;1;1;1;1;1;1;1;1
60130000;1;12/2005;1;1;130.0;70.0;81.0;3;11;0;0;0;;0;95.0;116.5;130.0;92.0;78.0;74.0;82.0;88.0;118.0;75.0;70.0;70.0;70.0;78.0;78.0;86.0;87.0;77.0;77.0;73.0;72.0;74.0;71.0;70.0;78.0;72.0;76.0;72.0;70.0;70.0;70.0;;;;;;;;;;;;;;;;;;;;;;;;;;;;;;;
60130000;2;01/2006;1;1;136.0;66.0;78.709702;8;27;1;1;1;0.0;0;75.0;79.0;85.0;76.0;85.0;132.0;79.0;136.0;84.0;82.0;78.0;82.0;82.0;80.0;78.0;77.0;72.0;74.0;74.0;72.0;70.0;71.0;70.0;69.0;69.0;67.0;66.0;66.0;70.0;71.0;69.0;1;1;1;1;1;1;1;1;1;1;1;1;1;1;1;1;1;1;1;1;1;1;1;1;1;1;1;1;1;1;1
60130000;1;01/2006;1;1;190.0;66.0;79.0;8;27;0;0;0;;0;75.0;79.0;85.0;76.5;85.0;132.5;79.0;136.5;84.5;82.0;78.0;82.0;82.0;80.0;77.5;77.0;72.5;74.0;74.0;72.0;70.5;71.0;70.0;69.0;69.0;67.0;66.5;66.0;70.5;71.0;69.0;1;1;1;1;1;1;1;1;1;1;1;1;1;1;1;1;1;1;1;1;1;1;1;1;1;1;1;1;1;1;1
60130000;1;02/2006;1;1;191.0;66.0;74.0;28;11;0;0;0;;0;70.0;69.0;70.0;75.5;68.0;67.0;67.0;68.0;69.0;67.0;66.0;77.0;72.0;75.0;89.5;74.0;72.0;68.0;68.0;66.0;68.0;70.0;73.0;79.0;72.0;69.0;72.0;141.5;;;;1;1;1;1;1;1;1;1;1;1;1;1;1;1;1;1;1;1;1;1;1;1;1;1;1;1;1;1;0;0;0
60130000;2;02/2006;1;1;142.0;66.0;73.714302;28;11;1;1;1;0.0;0;70.0;69.0;70.0;76.0;68.0;67.0;67.0;68.0;69.0;67.0;66.0;77.0;72.0;75.0;90.0;74.0;72.0;68.0;68.0;66.0;68.0;70.0;73.0;79.0;72.0;69.0;72.0;142.0;;;;1;1;1;1;1;1;1;1;1;1;1;1;1;1;1;1;1;1;1;1;1;1;1;1;1;1;1;1;;;
60130000;1;03/2006;1;1;100.0;66.0;72.0;27;6;0;0;0;;0;74.5;68.5;67.0;68.0;68.0;66.0;66.0;73.0;69.5;69.0;68.0;69.5;68.0;72.0;69.0;74.0;73.5;72.5;76.0;76.0;71.5;69.5;70.0;69.0;69.0;70.0;90.0;74.5;70.0;77.0;82.0;1;1;1;1;1;1;1;1;1;1;1;1;1;1;1;1;1;1;1;1;1;1;1;1;1;1;1;1;1;1;1
60130000;2;03/2006;1;1;90.0;66.0;71.645203;27;6;1;1;1;0.0;0;74.0;68.0;67.0;68.0;68.0;66.0;66.0;73.0;70.0;69.0;68.0;70.0;68.0;72.0;69.0;74.0;74.0;72.0;76.0;76.0;72.0;70.0;70.0;69.0;69.0;70.0;90.0;74.0;70.0;77.0;82.0;1;1;1;1;1;1;1;1;1;1;1;1;1;1;1;1;1;1;1;1;1;1;1;1;1;1;1;1;1;1;1
60130000;1;04/2006;1;1;112.0;66.0;73.0;18;28;0;0;0;;0;77.0;74.0;74.0;77.0;72.0;75.0;107.0;80.0;76.0;73.0;69.5;70.0;69.5;70.0;70.0;70.0;71.0;98.5;75.0;72.0;69.5;69.0;69.0;69.0;69.0;67.0;67.0;66.0;66.0;66.0;;1;1;1;1;1;1;1;1;1;1;1;1;1;1;1;1;1;1;1;1;1;1;1;1;1;1;1;1;1;1;0
60130000;2;04/2006;1;1;107.0;66.0;73.300003;7;28;1;1;1;0.0;0;77.0;74.0;74.0;77.0;72.0;75.0;107.0;80.0;76.0;73.0;70.0;70.0;70.0;70.0;70.0;70.0;71.0;98.0;75.0;72.0;70.0;69.0;69.0;69.0;69.0;67.0;67.0;66.0;66.0;66.0;;1;1;1;1;1;1;1;1;1;1;1;1;1;1;1;1;1;1;1;1;1;1;1;1;1;1;1;1;1;1;
60130000;1;05/2006;1;1;74.0;59.0;63.0;25;20;0;0;0;;0;68.0;66.0;64.5;64.0;64.0;64.0;64.0;62.0;64.0;66.0;65.5;65.0;63.0;62.0;60.5;63.0;61.5;62.0;62.0;59.5;59.0;60.5;61.0;60.5;73.0;65.0;63.0;62.0;61.0;60.0;59.0;1;1;1;1;1;1;1;1;1;1;1;1;1;1;1;1;1;1;1;1;1;1;1;1;1;1;1;1;1;1;1
60130000;2;05/2006;1;1;73.0;59.0;63.032299;25;21;1;1;1;0.0;0;68.0;66.0;64.0;64.0;64.0;64.0;64.0;62.0;64.0;66.0;66.0;65.0;63.0;62.0;60.0;63.0;62.0;62.0;62.0;60.0;59.0;60.0;61.0;60.0;73.0;65.0;63.0;62.0;61.0;60.0;59.0;1;1;1;1;1;1;1;1;1;1;1;1;1;1;1;1;1;1;1;1;1;1;1;1;1;1;1;1;1;1;1
60130000;1;06/2006;1;1;60.0;56.0;58.0;3;20;0;0;0;;0;58.0;58.0;60.0;60.0;60.0;59.0;59.0;58.0;58.0;58.0;58.0;58.0;58.0;58.0;58.0;58.0;58.0;58.0;58.0;56.0;56.0;56.0;56.0;56.0;56.0;56.0;56.0;56.0;56.0;56.0;;1;1;1;1;1;1;1;1;1;1;1;1;1;1;1;1;1;1;1;1;1;1;1;1;1;1;1;1;1;1;0
60130000;2;06/2006;1;1;60.0;56.0;57.533298;3;20;1;1;1;0.0;0;58.0;58.0;60.0;60.0;60.0;59.0;59.0;58.0;58.0;58.0;58.0;58.0;58.0;58.0;58.0;58.0;58.0;58.0;58.0;56.0;56.0;56.0;56.0;56.0;56.0;56.0;56.0;56.0;56.0;56.0;;1;1;1;1;1;1;1;1;1;1;1;1;1;1;1;1;1;1;1;1;1;1;1;1;1;1;1;1;1;1;
60130000;1;07/2006;1;1;55.0;49.0;52.0;1;30;0;0;0;;0;55.0;55.0;55.0;55.0;55.0;55.0;55.0;54.0;54.0;54.0;54.0;53.0;52.0;52.0;52.0;52.0;52.0;52.0;52.0;52.0;52.0;52.0;50.0;50.0;50.0;50.0;50.0;50.0;50.0;49.0;49.0;;;;;;;;;;;;;;;;;;;;;;;;;;;;;;;
60130000;2;07/2006;1;1;55.0;49.0;52.322601;1;30;1;1;1;0.0;0;55.0;55.0;55.0;55.0;55.0;55.0;55.0;54.0;54.0;54.0;54.0;53.0;52.0;52.0;52.0;52.0;52.0;52.0;52.0;52.0;52.0;52.0;50.0;50.0;50.0;50.0;50.0;50.0;50.0;49.0;49.0;1;1;1;1;1;1;1;1;1;1;1;1;1;1;1;1;1;1;1;1;1;1;1;1;1;1;1;1;1;1;1
60130000;1;08/2006;1;1;59.0;44.0;48.0;1;21;0;0;0;;0;59.0;59.0;59.0;59.0;59.0;59.0;54.0;48.0;47.0;47.0;47.0;47.5;48.0;47.0;46.0;46.0;46.0;45.0;45.0;45.0;44.0;44.0;44.0;44.0;44.0;44.5;44.5;44.5;44.5;44.5;44.5;1;1;1;1;1;1;1;1;1;1;1;1;1;1;1;1;1;1;1;1;1;1;1;1;1;1;1;1;1;1;1
60130000;2;08/2006;1;1;59.0;44.0;48.290298;1;21;1;1;1;0.0;0;59.0;59.0;59.0;59.0;59.0;59.0;54.0;48.0;47.0;47.0;47.0;48.0;48.0;47.0;46.0;46.0;46.0;45.0;45.0;45.0;44.0;44.0;44.0;44.0;44.0;44.0;44.0;44.0;44.0;44.0;44.0;1;1;1;1;1;1;1;1;1;1;1;1;1;1;1;1;1;1;1;1;1;1;1;1;1;1;1;1;1;1;1
60130000;1;09/2006;1;1;58.0;34.0;43.0;24;17;0;0;0;;0;45.0;50.0;48.0;46.0;45.0;44.0;44.0;43.0;42.0;42.0;40.0;40.0;40.0;39.0;36.5;36.0;34.5;36.0;36.0;37.0;37.5;39.5;48.5;55.0;50.5;49.0;48.0;47.0;46.0;46.0;;1;1;1;1;1;1;1;1;1;1;1;1;1;1;1;1;1;1;1;1;1;1;1;1;1;1;1;1;1;1;0
60130000;2;09/2006;1;1;55.0;34.0;43.0;24;17;1;1;1;0.0;0;45.0;50.0;48.0;46.0;45.0;44.0;44.0;43.0;42.0;42.0;40.0;40.0;40.0;39.0;36.0;36.0;34.0;36.0;36.0;37.0;38.0;40.0;48.0;55.0;50.0;49.0;48.0;47.0;46.0;46.0;;1;1;1;1;1;1;1;1;1;1;1;1;1;1;1;1;1;1;1;1;1;1;1;1;1;1;1;1;1;1;
60130000;2;10/2006;1;1;59.0;44.0;49.483898;18;29;1;1;1;0.0;0;46.0;46.0;48.0;48.0;47.0;47.0;48.0;49.0;52.0;48.0;47.0;47.0;48.0;48.0;48.0;54.0;56.0;59.0;51.0;52.0;50.0;48.0;56.0;57.0;51.0;52.0;48.0;45.0;44.0;48.0;46.0;1;1;1;1;1;1;1;1;1;1;1;1;1;1;1;1;1;1;1;1;1;1;1;1;1;1;1;1;1;1;1
60130000;1;10/2006;1;1;60.0;44.0;49.0;18;29;0;0;0;;0;46.0;46.0;47.5;48.5;47.0;47.0;47.5;49.0;52.0;48.0;47.0;47.0;48.0;48.0;48.5;54.0;56.0;59.0;51.0;52.0;50.0;47.5;56.0;57.0;51.0;52.0;48.5;45.0;44.0;47.5;45.5;1;1;1;1;1;1;1;1;1;1;1;1;1;1;1;1;1;1;1;1;1;1;1;1;1;1;1;1;1;1;1
60130000;1;11/2006;1;1;70.0;40.0;50.0;9;2;0;0;0;;0;49.0;43.0;47.5;53.0;49.5;48.0;48.0;53.0;65.0;53.5;49.5;48.0;51.0;49.0;47.5;50.0;48.0;47.5;46.5;48.0;48.0;47.0;46.0;51.0;49.0;57.5;54.0;51.5;50.0;49.0;;1;1;1;1;1;1;1;1;1;1;1;1;1;1;1;1;1;1;1;1;1;1;1;1;1;1;1;1;1;1;0
60130000;2;11/2006;1;1;65.0;43.0;50.0;9;2;1;1;1;0.0;0;49.0;43.0;48.0;53.0;50.0;48.0;48.0;53.0;65.0;54.0;50.0;48.0;51.0;49.0;48.0;50.0;48.0;48.0;46.0;48.0;48.0;47.0;46.0;51.0;49.0;57.0;54.0;52.0;50.0;49.0;;1;1;1;1;1;1;1;1;1;1;1;1;1;1;1;1;1;1;1;1;1;1;1;1;1;1;1;1;1;1;
60130000;1;12/2006;1;1;195.0;51.0;82.0;16;3;0;0;0;;0;55.0;58.0;51.5;56.5;69.0;98.5;109.5;125.0;135.5;108.0;93.0;100.0;98.5;81.5;61.0;167.5;103.5;90.5;71.5;67.0;60.5;59.0;59.0;56.0;56.0;56.5;54.5;80.0;63.5;81.0;124.0;;;;;;;;;;;;;;;;;;;;;;;;;;;;;;;
60130000;2;12/2006;1;1;168.0;52.0;82.290298;16;3;1;1;1;0.0;0;55.0;58.0;52.0;56.0;69.0;98.0;110.0;125.0;136.0;108.0;93.0;100.0;98.0;82.0;61.0;168.0;103.0;90.0;72.0;67.0;60.0;59.0;59.0;56.0;56.0;56.0;55.0;80.0;64.0;81.0;124.0;1;1;1;1;1;1;1;1;1;1;1;1;1;1;1;1;1;1;1;1;1;1;1;1;1;1;1;1;1;1;1
60130000;1;01/2007;1;1;320.0;70.0;148.0;16;4;0;0;0;;0;180.0;165.0;102.5;77.5;251.5;183.5;89.5;70.0;105.0;108.0;103.0;119.0;192.5;192.5;287.5;250.0;120.5;107.0;102.0;102.0;111.5;156.5;180.0;172.5;261.5;80.0;93.0;105.0;188.5;200.0;130.0;1;1;1;1;1;1;1;1;1;1;1;1;1;1;1;1;1;1;1;1;1;1;1;1;1;1;1;1;1;1;1
60130000;2;01/2007;1;1;288.0;70.0;147.9677;15;8;1;1;1;0.0;0;180.0;165.0;102.0;78.0;252.0;184.0;90.0;70.0;105.0;108.0;103.0;119.0;192.0;192.0;288.0;250.0;120.0;107.0;102.0;102.0;112.0;156.0;180.0;172.0;262.0;80.0;93.0;105.0;188.0;200.0;130.0;1;1;1;1;1;1;1;1;1;1;1;1;1;1;1;1;1;1;1;1;1;1;1;1;1;1;1;1;1;1;1
60130000;2;02/2007;1;1;172.0;88.0;121.3571;7;25;1;1;1;0.0;0;118.0;107.0;107.0;115.0;137.0;137.0;172.0;124.0;118.0;112.0;146.0;138.0;138.0;120.0;120.0;118.0;124.0;112.0;136.0;128.0;107.0;92.0;90.0;89.0;88.0;148.0;140.0;117.0;;;;1;1;1;1;1;1;1;1;1;1;1;1;1;1;1;1;1;1;1;1;1;1;1;1;1;1;1;1;;;
60130000;1;02/2007;1;1;198.0;88.0;121.0;7;25;0;0;0;;0;118.0;107.0;107.0;115.0;137.0;137.0;172.0;123.5;118.0;111.5;146.0;137.5;138.5;120.5;120.5;118.0;124.0;112.5;136.0;128.5;107.0;91.5;90.5;89.0;88.5;148.5;139.5;117.0;;;;;;;;;;;;;;;;;;;;;;;;;;;;;;;;0;0;0
60130000;2;03/2007;1;1;147.0;70.0;90.451599;22;25;1;1;1;0.0;0;106.0;102.0;98.0;94.0;91.0;84.0;82.0;96.0;92.0;88.0;86.0;86.0;86.0;84.0;83.0;82.0;88.0;86.0;84.0;92.0;141.0;147.0;90.0;84.0;70.0;70.0;74.0;86.0;85.0;84.0;83.0;1;1;1;1;1;1;1;1;1;1;1;1;1;1;1;1;1;1;1;1;1;1;1;1;1;1;1;1;1;1;1
60130000;1;03/2007;1;1;176.0;69.0;91.0;22;26;0;0;0;;0;106.5;102.5;98.5;94.5;91.0;84.5;81.5;96.0;91.5;88.0;86.5;85.5;86.0;84.5;83.0;81.5;88.0;85.5;84.5;92.5;141.0;147.0;90.5;83.5;70.5;69.5;74.0;85.5;85.0;84.0;83.0;;;;;;;;;;;;;;;;;;;;;;;;;;;;;;;
60130000;2;04/2007;1;1;87.0;78.0;81.533302;21;7;1;1;1;0.0;0;80.0;82.0;81.0;80.0;80.0;79.0;78.0;78.0;82.0;84.0;84.0;82.0;81.0;81.0;80.0;79.0;79.0;86.0;86.0;84.0;87.0;85.0;82.0;80.0;80.0;80.0;83.0;83.0;81.0;79.0;;1;1;1;1;1;1;1;1;1;1;1;1;1;1;1;1;1;1;1;1;1;1;1;1;1;1;1;1;1;1;
60130000;1;04/2007;1;1;88.0;78.0;82.0;18;7;0;0;0;;0;80.0;82.0;81.0;80.0;79.5;79.0;78.0;78.0;82.0;84.5;83.5;82.0;81.0;81.0;80.0;79.0;79.0;86.0;86.5;83.5;87.0;85.0;81.5;80.0;80.0;80.0;83.0;83.0;81.0;79.0;;1;1;1;1;1;1;1;1;1;1;1;1;1;1;1;1;1;1;1;1;1;1;1;1;1;1;1;1;1;1;0
60130000;2;05/2007;1;1;76.0;60.0;66.935501;1;4;1;1;1;0.0;0;76.0;74.0;66.0;60.0;60.0;69.0;68.0;68.0;69.0;70.0;70.0;70.0;70.0;68.0;68.0;67.0;66.0;67.0;67.0;67.0;67.0;67.0;67.0;66.0;65.0;64.0;64.0;64.0;64.0;64.0;63.0;1;1;1;1;1;1;1;1;1;1;1;1;1;1;1;1;1;1;1;1;1;1;1;1;1;1;1;1;1;1;1
60130000;1;05/2007;1;1;76.0;60.0;67.0;1;3;0;0;0;;0;76.0;73.5;65.5;60.0;60.0;69.0;68.0;68.0;69.0;70.0;70.0;70.0;69.5;68.0;68.0;67.0;66.0;67.0;67.0;67.0;67.0;67.0;67.0;66.0;65.0;64.0;64.0;64.0;64.0;64.0;63.0;1;1;1;1;1;1;1;1;1;1;1;1;1;1;1;1;1;1;1;1;1;1;1;1;1;1;1;1;1;1;1
60130000;2;06/2007;1;1;64.0;58.0;60.866699;3;24;1;1;1;0.0;0;63.0;63.0;64.0;64.0;64.0;63.0;62.0;62.0;61.0;60.0;63.0;62.0;62.0;62.0;62.0;61.0;60.0;60.0;60.0;60.0;60.0;60.0;59.0;58.0;59.0;59.0;59.0;58.0;58.0;58.0;;1;1;1;1;1;1;1;1;1;1;1;1;1;1;1;1;1;1;1;1;1;1;1;1;1;1;1;1;1;1;
60130000;1;06/2007;1;1;65.0;58.0;61.0;3;24;0;0;0;;0;63.0;63.0;64.0;64.0;63.5;63.0;61.5;61.5;61.0;60.5;63.0;62.0;62.0;62.0;62.0;61.0;60.0;59.5;60.0;60.0;60.0;60.0;59.0;58.5;59.0;59.0;59.0;58.0;58.0;58.0;;1;1;1;1;1;1;1;1;1;1;1;1;1;1;1;1;1;1;1;1;1;1;1;1;1;1;1;1;1;1;0
60130000;2;07/2007;1;1;58.0;53.0;55.3871;1;25;1;1;1;0.0;0;58.0;58.0;57.0;57.0;57.0;57.0;57.0;57.0;56.0;56.0;56.0;56.0;55.0;54.0;54.0;55.0;55.0;55.0;54.0;54.0;54.0;54.0;54.0;54.0;53.0;53.0;54.0;55.0;56.0;56.0;56.0;1;1;1;1;1;1;1;1;1;1;1;1;1;1;1;1;1;1;1;1;1;1;1;1;1;1;1;1;1;1;1
60130000;1;07/2007;1;1;58.0;53.0;55.0;1;25;0;0;0;;0;58.0;58.0;57.5;57.0;57.0;57.0;57.0;57.0;56.0;56.0;55.5;55.5;54.5;54.0;54.0;55.0;55.0;55.0;54.0;54.0;54.0;54.0;54.0;54.0;53.0;53.0;54.0;54.5;55.5;56.0;56.0;1;1;1;1;1;1;1;1;1;1;1;1;1;1;1;1;1;1;1;1;1;1;1;1;1;1;1;1;1;1;1
60130000;1;08/2007;1;1;56.0;40.0;48.0;1;31;0;0;0;;0;56.0;55.0;54.0;53.0;53.0;53.0;53.0;53.0;53.0;49.5;48.0;48.0;47.0;46.0;46.0;46.0;46.5;46.0;45.5;45.0;45.0;44.5;44.0;44.0;44.0;43.5;43.0;43.0;43.0;42.0;40.0;1;1;1;1;1;1;1;1;1;1;1;1;1;1;1;1;1;1;1;1;1;1;1;1;1;1;1;1;1;1;1
60130000;2;08/2007;1;1;56.0;40.0;47.516102;1;31;1;1;1;0.0;0;56.0;55.0;54.0;53.0;53.0;53.0;53.0;53.0;53.0;50.0;48.0;48.0;47.0;46.0;46.0;46.0;46.0;46.0;46.0;45.0;45.0;44.0;44.0;44.0;44.0;44.0;43.0;43.0;43.0;42.0;40.0;1;1;1;1;1;1;1;1;1;1;1;1;1;1;1;1;1;1;1;1;1;1;1;1;1;1;1;1;1;1;1
60130000;1;09/2007;1;1;40.0;33.0;36.0;1;27;0;0;0;;0;40.0;40.0;40.0;40.0;40.0;39.5;39.0;39.0;39.0;38.5;37.0;36.0;35.0;35.0;35.0;34.0;34.0;34.0;34.0;34.0;34.0;34.0;34.0;34.0;34.0;34.0;33.5;34.0;33.5;33.5;;;;;;;;;;;;;;;;;;;;;;;;;;;;;;;;0
60130000;2;09/2007;1;1;40.0;34.0;36.099998;1;16;1;1;1;0.0;0;40.0;40.0;40.0;40.0;40.0;40.0;39.0;39.0;39.0;38.0;37.0;36.0;35.0;35.0;35.0;34.0;34.0;34.0;34.0;34.0;34.0;34.0;34.0;34.0;34.0;34.0;34.0;34.0;34.0;34.0;;1;1;1;1;1;1;1;1;1;1;1;1;1;1;1;1;1;1;1;1;1;1;1;1;1;1;1;1;1;1;
60130000;1;10/2007;1;1;42.0;32.0;33.0;27;6;0;0;0;;0;33.5;33.5;33.5;33.5;33.5;32.0;32.0;32.0;32.0;32.0;32.0;32.0;32.0;32.0;32.0;32.0;32.0;32.0;32.0;32.0;32.0;32.0;32.0;32.0;32.0;37.0;41.0;38.5;37.5;37.5;36.0;1;1;1;1;1;1;1;1;1;1;1;1;1;1;1;1;1;1;1;1;1;1;1;1;1;1;1;1;1;1;1
60130000;2;10/2007;1;1;41.0;32.0;33.483898;27;6;1;1;1;0.0;0;34.0;34.0;34.0;34.0;34.0;32.0;32.0;32.0;32.0;32.0;32.0;32.0;32.0;32.0;32.0;32.0;32.0;32.0;32.0;32.0;32.0;32.0;32.0;32.0;32.0;37.0;41.0;38.0;38.0;38.0;36.0;1;1;1;1;1;1;1;1;1;1;1;1;1;1;1;1;1;1;1;1;1;1;1;1;1;1;1;1;1;1;1
60130000;2;11/2007;1;1;52.0;37.0;41.633301;16;8;1;1;1;0.0;0;38.0;38.0;40.0;43.0;40.0;38.0;38.0;37.0;37.0;37.0;37.0;37.0;37.0;37.0;37.0;52.0;47.0;47.0;47.0;52.0;50.0;45.0;44.0;44.0;42.0;44.0;42.0;42.0;40.0;40.0;;1;1;1;1;1;1;1;1;1;1;1;1;1;1;1;1;1;1;1;1;1;1;1;1;1;1;1;1;1;1;
60130000;1;11/2007;1;1;55.0;36.0;42.0;16;8;0;0;0;;0;38.0;38.0;40.0;43.0;40.5;38.0;38.0;37.0;37.0;37.0;37.0;37.0;37.0;37.0;37.0;52.5;47.0;47.0;47.0;52.0;49.5;45.0;43.5;44.0;42.0;44.0;42.0;42.0;40.5;39.5;;1;1;1;1;1;1;1;1;1;1;1;1;1;1;1;1;1;1;1;1;1;1;1;1;1;1;1;1;1;1;0
60130000;2;12/2007;1;1;181.0;42.0;64.741898;20;1;1;1;1;0.0;0;42.0;43.0;47.0;44.0;45.0;44.0;46.0;48.0;47.0;48.0;56.0;47.0;46.0;46.0;87.0;78.0;85.0;86.0;106.0;181.0;78.0;72.0;70.0;68.0;66.0;64.0;64.0;63.0;63.0;63.0;64.0;1;1;1;1;1;1;1;1;1;1;1;1;1;1;1;1;1;1;1;1;1;1;1;1;1;1;1;1;1;1;1
60130000;1;12/2007;1;1;210.0;41.0;65.0;20;1;0;0;0;;0;42.0;43.0;47.0;43.5;45.0;44.5;46.0;48.0;47.0;48.0;55.5;47.0;46.0;46.0;87.0;78.0;85.0;86.5;106.0;181.0;78.0;72.0;70.0;68.0;65.5;64.5;64.5;63.0;63.0;63.0;64.5;1;1;1;1;1;1;1;1;1;1;1;1;1;1;1;1;1;1;1;1;1;1;1;1;1;1;1;1;1;1;1
60130000;2;01/2008;1;1;111.0;60.0;71.322601;11;17;1;1;1;0.0;0;64.0;64.0;64.0;65.0;62.0;64.0;64.0;64.0;64.0;64.0;111.0;80.0;65.0;62.0;62.0;62.0;60.0;62.0;71.0;90.0;97.0;100.0;70.0;73.0;67.0;88.0;72.0;74.0;70.0;68.0;68.0;1;1;1;1;1;1;1;1;1;1;1;1;1;1;1;1;1;1;1;1;1;1;1;1;1;1;1;1;1;1;1
60130000;1;01/2008;1;1;130.0;60.0;71.0;11;17;0;0;0;;0;64.5;64.0;64.0;65.0;62.0;64.0;64.0;64.0;64.0;64.0;111.0;80.5;65.0;62.0;61.5;62.0;60.0;62.0;71.0;89.5;97.0;100.0;70.0;73.0;67.0;87.5;72.0;74.0;69.5;68.0;68.0;;;;;;;;;;;;;;;;;;;;;;;;;;;;;;;
60130000;2;02/2008;1;1;123.0;66.0;81.379303;4;29;1;1;1;0.0;0;78.0;70.0;112.0;123.0;76.0;93.0;86.0;95.0;88.0;87.0;86.0;86.0;84.0;82.0;80.0;78.0;77.0;76.0;76.0;74.0;77.0;75.0;76.0;72.0;69.0;78.0;72.0;68.0;66.0;;;1;1;1;1;1;1;1;1;1;1;1;1;1;1;1;1;1;1;1;1;1;1;1;1;1;1;1;1;1;;
60130000;1;02/2008;1;1;165.0;66.0;81.0;4;29;0;0;0;;0;77.5;70.0;112.0;122.5;76.0;93.0;86.5;95.0;87.5;87.0;86.0;86.0;84.0;81.5;80.0;78.0;77.0;76.0;75.5;74.5;77.0;75.0;76.0;72.5;69.0;77.5;71.5;68.0;66.5;;;1;1;1;1;1;1;1;1;1;1;1;1;1;1;1;1;1;1;1;1;1;1;1;1;1;1;1;1;1;0;0
60130000;2;03/2008;1;1;240.0;71.0;102.4516;1;11;1;1;1;0.0;0;240.0;150.0;92.0;78.0;77.0;79.0;86.0;80.0;95.0;92.0;71.0;126.0;158.0;126.0;198.0;108.0;86.0;84.0;82.0;80.0;81.0;86.0;90.0;95.0;93.0;96.0;92.0;90.0;88.0;87.0;90.0;1;1;1;1;1;1;1;1;1;1;1;1;1;1;1;1;1;1;1;1;1;1;1;1;1;1;1;1;1;1;1
60130000;1;03/2008;1;1;285.0;70.0;102.0;1;11;0;0;0;;0;240.0;150.0;91.5;78.0;77.0;79.0;85.5;80.5;95.0;92.0;71.0;126.0;157.5;126.0;198.0;108.0;86.0;84.0;82.5;80.0;81.0;86.5;89.5;95.0;93.0;96.5;91.5;90.0;88.0;87.0;90.0;;;;;;;;;;;;;;;;;;;;;;;;;;;;;;;
60130000;2;04/2008;1;1;102.0;77.0;84.5;15;13;1;1;1;0.0;0;87.0;87.0;86.0;90.0;92.0;87.0;86.0;84.0;81.0;80.0;79.0;78.0;77.0;82.0;102.0;84.0;82.0;86.0;90.0;94.0;89.0;86.0;84.0;83.0;82.0;80.0;80.0;79.0;80.0;78.0;;1;1;1;1;1;1;1;1;1;1;1;1;1;1;1;1;1;1;1;1;1;1;1;1;1;1;1;1;1;1;
60130000;1;04/2008;1;1;112.0;76.0;85.0;15;14;0;0;0;;0;87.0;87.0;86.0;89.5;91.5;87.0;85.5;84.0;81.0;80.5;79.0;78.5;77.0;82.0;102.0;84.5;82.0;86.0;90.0;94.0;89.0;85.5;84.0;83.0;82.0;80.0;80.5;79.0;80.5;77.5;;1;1;1;1;1;1;1;1;1;1;1;1;1;1;1;1;1;1;1;1;1;1;1;1;1;1;1;1;1;1;0
60130000;2;05/2008;1;1;100.0;66.0;72.128998;1;17;1;1;1;0.0;0;100.0;92.0;89.0;83.0;77.0;72.0;73.0;74.0;73.0;73.0;72.0;71.0;71.0;70.0;70.0;68.0;66.0;66.0;66.0;68.0;68.0;68.0;66.0;66.0;67.0;67.0;66.0;66.0;70.0;70.0;68.0;1;1;1;1;1;1;1;1;1;1;1;1;1;1;1;1;1;1;1;1;1;1;1;1;1;1;1;1;1;1;1
60130000;1;05/2008;1;1;102.0;65.0;72.0;1;19;0;0;0;;0;100.0;91.5;89.0;83.0;77.0;72.0;73.0;74.0;73.0;73.0;72.0;71.0;71.0;70.0;69.5;68.0;66.5;66.0;65.5;67.5;68.0;68.0;66.5;66.0;67.0;67.0;66.0;66.0;70.0;69.5;68.0;1;1;1;1;1;1;1;1;1;1;1;1;1;1;1;1;1;1;1;1;1;1;1;1;1;1;1;1;1;1;1
60130000;2;06/2008;1;1;72.0;58.0;61.4333;1;20;1;1;1;0.0;0;72.0;64.0;62.0;64.0;64.0;64.0;64.0;62.0;62.0;62.0;63.0;62.0;61.0;61.0;60.0;60.0;60.0;60.0;59.0;58.0;58.0;60.0;60.0;60.0;60.0;60.0;61.0;60.0;60.0;60.0;;1;1;1;1;1;1;1;1;1;1;1;1;1;1;1;1;1;1;1;1;1;1;1;1;1;1;1;1;1;1;
60130000;1;06/2008;1;1;77.0;58.0;62.0;1;20;0;0;0;;0;72.5;63.5;62.0;64.0;64.0;64.0;63.5;62.0;62.5;62.0;63.0;62.0;61.0;61.0;60.0;60.0;60.0;60.0;59.0;58.5;58.5;60.5;60.5;60.5;60.5;60.5;61.0;60.0;60.0;60.0;;1;1;1;1;1;1;1;1;1;1;1;1;1;1;1;1;1;1;1;1;1;1;1;1;1;1;1;1;1;1;0
60130000;2;07/2008;1;1;58.0;51.0;55.193501;4;31;1;1;1;0.0;0;57.0;57.0;57.0;58.0;57.0;57.0;57.0;57.0;57.0;57.0;57.0;56.0;56.0;56.0;56.0;55.0;55.0;56.0;56.0;55.0;56.0;55.0;55.0;53.0;52.0;52.0;52.0;52.0;52.0;52.0;51.0;1;1;1;1;1;1;1;1;1;1;1;1;1;1;1;1;1;1;1;1;1;1;1;1;1;1;1;1;1;1;1
60130000;1;07/2008;1;1;58.0;51.0;55.0;1;31;0;0;0;;0;57.5;57.5;57.5;58.0;57.5;57.5;57.0;57.0;57.0;57.0;57.0;56.0;56.0;56.0;55.5;55.0;55.0;56.0;55.5;55.0;56.0;55.0;55.0;53.0;52.0;52.0;52.0;52.0;52.0;52.0;51.0;1;1;1;1;1;1;1;1;1;1;1;1;1;1;1;1;1;1;1;1;1;1;1;1;1;1;1;1;1;1;1
60130000;2;08/2008;1;1;54.0;47.0;48.903198;9;15;1;1;1;0.0;0;50.0;50.0;50.0;50.0;52.0;50.0;51.0;52.0;54.0;52.0;50.0;49.0;48.0;48.0;47.0;47.0;48.0;48.0;48.0;48.0;48.0;48.0;48.0;48.0;47.0;47.0;47.0;47.0;48.0;48.0;48.0;1;1;1;1;1;1;1;1;1;1;1;1;1;1;1;1;1;1;1;1;1;1;1;1;1;1;1;1;1;1;1
60130000;1;08/2008;1;1;54.0;47.0;49.0;9;15;0;0;0;;0;50.0;50.0;50.0;50.0;51.5;50.5;51.0;52.0;54.0;52.0;50.0;49.0;48.0;48.0;47.0;47.0;48.0;48.0;48.0;48.0;48.0;48.0;48.0;48.0;47.0;47.0;47.0;47.0;48.0;48.0;48.0;1;1;1;1;1;1;1;1;1;1;1;1;1;1;1;1;1;1;1;1;1;1;1;1;1;1;1;1;1;1;1
60130000;2;09/2008;1;1;47.0;40.0;42.0;1;11;1;1;1;0.0;0;47.0;45.0;44.0;44.0;42.0;43.0;42.0;42.0;42.0;42.0;40.0;40.0;40.0;40.0;40.0;41.0;41.0;42.0;41.0;44.0;46.0;42.0;42.0;41.0;41.0;40.0;40.0;40.0;42.0;44.0;;1;1;1;1;1;1;1;1;1;1;1;1;1;1;1;1;1;1;1;1;1;1;1;1;1;1;1;1;1;1;
60130000;1;09/2008;1;1;47.0;40.0;42.0;1;11;0;0;0;;0;47.0;45.0;44.0;44.0;42.0;43.0;42.0;42.0;42.0;42.0;40.0;40.0;40.0;40.0;40.0;41.0;41.0;41.5;41.0;44.0;46.0;42.0;41.5;41.0;41.0;40.0;40.0;40.0;42.0;44.0;;1;1;1;1;1;1;1;1;1;1;1;1;1;1;1;1;1;1;1;1;1;1;1;1;1;1;1;1;1;1;0
60130000;2;10/2008;1;1;48.0;36.0;41.870998;2;31;1;1;1;0.0;0;43.0;48.0;46.0;44.0;44.0;43.0;42.0;42.0;41.0;41.0;41.0;41.0;40.0;40.0;40.0;40.0;42.0;42.0;45.0;44.0;43.0;43.0;42.0;42.0;42.0;42.0;42.0;41.0;39.0;37.0;36.0;1;1;1;1;1;1;1;1;1;1;1;1;1;1;1;1;1;1;1;1;1;1;1;1;1;1;1;1;1;1;1
60130000;1;10/2008;1;1;48.0;36.0;42.0;2;31;0;0;0;;0;43.0;48.0;45.5;44.0;44.0;43.0;42.0;42.0;41.0;41.0;41.0;41.0;40.0;40.0;40.0;40.0;41.5;42.0;45.0;44.5;43.0;43.0;42.0;42.0;42.0;42.0;41.5;41.0;39.0;37.0;36.0;1;1;1;1;1;1;1;1;1;1;1;1;1;1;1;1;1;1;1;1;1;1;1;1;1;1;1;1;1;1;1
60130000;2;11/2008;1;1;49.0;32.0;37.366699;28;9;1;1;1;0.0;0;34.0;34.0;34.0;34.0;34.0;33.0;33.0;33.0;32.0;32.0;32.0;32.0;32.0;32.0;33.0;34.0;35.0;38.0;36.0;37.0;45.0;42.0;43.0;44.0;44.0;43.0;46.0;49.0;46.0;45.0;;1;1;1;1;1;1;1;1;1;1;1;1;1;1;1;1;1;1;1;1;1;1;1;1;1;1;1;1;1;1;
60130000;1;11/2008;1;1;49.0;32.0;37.0;28;9;0;0;0;;0;34.5;34.0;34.0;34.0;34.0;33.0;33.0;33.0;32.0;32.0;32.0;32.0;32.5;32.0;33.0;34.0;35.0;38.0;36.0;37.0;45.0;42.0;43.0;43.5;44.0;43.0;45.5;49.0;46.0;45.0;;1;1;1;1;1;1;1;1;1;1;1;1;1;1;1;1;1;1;1;1;1;1;1;1;1;1;1;1;1;1;0
60130000;2;12/2008;1;1;300.0;42.0;72.935501;29;8;1;1;1;0.0;0;46.0;47.0;47.0;45.0;44.0;43.0;43.0;42.0;42.0;43.0;44.0;43.0;42.0;42.0;42.0;63.0;68.0;61.0;56.0;56.0;62.0;67.0;69.0;76.0;72.0;80.0;81.0;102.0;300.0;238.0;155.0;1;1;1;1;1;1;1;1;1;1;1;1;1;1;1;1;1;1;1;1;1;1;1;1;1;1;1;1;1;1;1
60130000;1;12/2008;1;1;300.0;42.0;73.0;29;8;0;0;0;;0;46.0;47.0;47.0;45.0;44.5;43.0;43.0;42.5;42.0;43.0;44.0;43.0;42.0;42.0;42.0;63.0;67.5;61.0;55.5;55.5;61.5;67.0;69.0;76.0;71.5;80.0;81.0;102.0;300.0;237.5;155.0;1;1;1;1;1;1;1;1;1;1;1;1;1;1;1;1;1;1;1;1;1;1;1;1;1;1;1;1;1;1;1
60130000;2;01/2009;1;1;88.0;50.0;66.6129;26;19;1;1;1;0.0;0;82.0;77.0;74.0;71.0;70.0;68.0;68.0;66.0;64.0;59.0;56.0;56.0;55.0;54.0;55.0;52.0;51.0;51.0;50.0;50.0;75.0;63.0;78.0;77.0;71.0;88.0;80.0;77.0;78.0;72.0;77.0;1;1;1;1;1;1;1;1;1;1;1;1;1;1;1;1;1;1;1;1;1;1;1;1;1;1;1;1;1;1;1
60130000;1;01/2009;1;1;90.0;50.0;67.0;26;19;0;0;0;;0;81.5;77.0;74.0;71.0;70.0;68.0;67.5;66.0;64.0;59.0;56.5;56.0;55.0;54.0;54.5;52.0;51.0;51.0;50.0;50.0;75.0;63.0;77.5;77.0;71.0;88.0;79.5;77.0;78.0;72.5;77.0;1;1;1;1;1;1;1;1;1;1;1;1;1;1;1;1;1;1;1;1;1;1;1;1;1;1;1;1;1;1;1
60130000;2;02/2009;1;1;268.0;66.0;91.75;16;26;1;1;1;0.0;0;94.0;76.0;68.0;68.0;104.0;92.0;92.0;122.0;86.0;71.0;68.0;68.0;82.0;152.0;233.0;268.0;76.0;70.0;68.0;72.0;70.0;68.0;68.0;67.0;68.0;66.0;66.0;66.0;;;;1;1;1;1;1;1;1;1;1;1;1;1;1;1;1;1;1;1;1;1;1;1;1;1;1;1;1;1;;;
60130000;1;02/2009;1;1;325.0;65.0;92.0;16;28;0;0;0;;0;93.5;76.0;68.0;68.0;104.5;91.5;91.5;121.5;86.0;71.0;67.5;67.5;82.0;152.5;232.5;267.5;76.0;70.0;68.0;72.0;70.0;68.0;68.0;67.0;68.0;66.0;66.0;65.5;;;;1;1;1;1;1;1;1;1;1;1;1;1;1;1;1;1;1;1;1;1;1;1;1;1;1;1;1;1;0;0;0
60130000;2;03/2009;1;1;138.0;68.0;90.096802;31;3;1;1;1;0.0;0;70.0;69.0;68.0;68.0;68.0;89.0;75.0;130.0;88.0;106.0;75.0;82.0;88.0;90.0;80.0;82.0;118.0;108.0;75.0;76.0;76.0;78.0;78.0;81.0;74.0;112.0;133.0;111.0;82.0;125.0;138.0;1;1;1;1;1;1;1;1;1;1;1;1;1;1;1;1;1;1;1;1;1;1;1;1;1;1;1;1;1;1;1
60130000;1;03/2009;1;1;165.0;68.0;90.0;8;3;0;0;0;;0;70.0;69.0;68.0;68.0;68.0;89.0;75.0;130.0;88.5;105.5;75.0;81.5;88.0;90.5;80.0;82.0;118.0;108.0;75.0;75.5;75.5;77.5;78.0;81.0;73.5;111.5;133.0;111.0;82.5;125.0;137.5;;;;;;;;;;;;;;;;;;;;;;;;;;;;;;;
60130000;2;04/2009;1;1;282.0;78.0;96.466698;7;6;1;1;1;0.0;0;84.0;83.0;90.0;84.0;80.0;78.0;282.0;115.0;94.0;92.0;90.0;93.0;86.0;86.0;109.0;106.0;102.0;94.0;98.0;94.0;96.0;94.0;88.0;92.0;82.0;84.0;81.0;80.0;79.0;78.0;;1;1;1;1;1;1;1;1;1;1;1;1;1;1;1;1;1;1;1;1;1;1;1;1;1;1;1;1;1;1;
60130000;1;04/2009;1;1;420.0;77.0;96.0;7;6;0;0;0;;0;84.5;83.0;89.5;84.0;80.5;78.0;282.5;115.0;93.5;91.5;90.0;93.0;86.0;85.5;109.0;105.5;102.5;94.0;98.0;94.5;96.0;93.5;88.5;92.0;82.0;84.5;81.0;79.5;79.0;78.0;;1;1;1;1;1;1;1;1;1;1;1;1;1;1;1;1;1;1;1;1;1;1;1;1;1;1;1;1;1;1;0
60130000;1;05/2009;1;1;88.0;65.0;73.0;5;25;0;0;0;;0;83.0;82.0;82.0;82.0;86.0;83.0;80.0;79.0;76.0;74.5;74.0;73.0;72.0;72.0;71.5;70.5;70.0;69.0;69.5;70.0;69.5;69.0;66.0;65.5;65.0;65.0;65.0;67.5;66.0;66.0;65.0;1;1;1;1;1;1;1;1;1;1;1;1;1;1;1;1;1;1;1;1;1;1;1;1;1;1;1;1;1;1;1
60130000;2;05/2009;1;1;86.0;65.0;72.580597;5;25;1;1;1;0.0;0;83.0;82.0;82.0;82.0;86.0;83.0;80.0;79.0;76.0;74.0;74.0;73.0;72.0;72.0;72.0;70.0;70.0;69.0;70.0;70.0;70.0;69.0;66.0;66.0;65.0;65.0;65.0;68.0;66.0;66.0;65.0;1;1;1;1;1;1;1;1;1;1;1;1;1;1;1;1;1;1;1;1;1;1;1;1;1;1;1;1;1;1;1
60130000;1;06/2009;1;1;66.0;60.0;63.0;4;5;0;0;0;;0;65.0;64.0;64.0;66.0;63.0;66.0;66.0;66.0;66.0;66.0;65.0;64.5;63.0;62.5;62.0;61.5;61.0;62.0;61.5;61.0;62.0;62.0;63.0;62.0;62.5;63.0;62.0;61.5;60.5;60.0;;1;1;1;1;1;1;1;1;1;1;1;1;1;1;1;1;1;1;1;1;1;1;1;1;1;1;1;1;1;1;0
60130000;2;06/2009;1;1;66.0;60.0;63.133301;4;29;1;1;1;0.0;0;65.0;64.0;64.0;66.0;63.0;66.0;66.0;66.0;66.0;66.0;65.0;64.0;63.0;62.0;62.0;62.0;61.0;62.0;62.0;61.0;62.0;62.0;63.0;62.0;62.0;63.0;62.0;62.0;60.0;60.0;;1;1;1;1;1;1;1;1;1;1;1;1;1;1;1;1;1;1;1;1;1;1;1;1;1;1;1;1;1;1;
60130000;2;07/2009;1;1;60.0;48.0;55.3871;1;31;1;1;1;0.0;0;60.0;60.0;58.0;60.0;58.0;59.0;58.0;58.0;58.0;59.0;59.0;59.0;60.0;60.0;58.0;57.0;57.0;57.0;56.0;55.0;54.0;52.0;51.0;50.0;50.0;50.0;49.0;49.0;49.0;49.0;48.0;1;1;1;1;1;1;1;1;1;1;1;1;1;1;1;1;1;1;1;1;1;1;1;1;1;1;1;1;1;1;1
60130000;1;07/2009;1;1;60.0;48.0;55.0;1;31;0;0;0;;0;60.0;60.0;58.5;60.0;58.5;59.0;58.0;58.0;58.0;59.0;59.0;59.0;60.0;60.0;58.0;57.0;57.0;57.0;56.5;55.0;53.5;51.5;51.0;50.0;50.0;49.5;49.0;49.0;49.0;49.0;48.0;1;1;1;1;1;1;1;1;1;1;1;1;1;1;1;1;1;1;1;1;1;1;1;1;1;1;1;1;1;1;1
60130000;1;08/2009;1;1;49.0;45.0;47.0;1;17;0;0;0;;0;49.0;49.0;48.0;48.5;48.0;49.0;48.0;47.5;47.5;48.0;48.5;48.5;47.5;47.0;46.5;46.0;45.5;46.5;46.0;46.0;46.5;46.5;46.5;49.0;49.0;47.0;46.0;46.0;46.0;46.0;46.0;;;;;;;;;;;;;;;;;;;;;;;;;;;;;;;1
60130000;2;08/2009;1;1;49.0;46.0;47.193501;1;15;1;1;1;0.0;0;49.0;49.0;48.0;48.0;48.0;49.0;48.0;48.0;48.0;48.0;48.0;48.0;48.0;47.0;46.0;46.0;46.0;46.0;46.0;46.0;46.0;46.0;46.0;49.0;49.0;47.0;46.0;46.0;46.0;46.0;46.0;1;1;1;1;1;1;1;1;1;1;1;1;1;1;1;1;1;1;1;1;1;1;1;1;1;1;1;1;1;1;1
60130000;2;09/2009;1;1;53.0;45.0;49.900002;4;1;1;1;1;0.0;0;45.0;47.0;49.0;53.0;50.0;51.0;50.0;53.0;53.0;51.0;51.0;50.0;49.0;49.0;48.0;48.0;48.0;47.0;48.0;48.0;48.0;50.0;51.0;52.0;52.0;52.0;50.0;50.0;53.0;51.0;;1;1;1;1;1;1;1;1;1;1;1;1;1;1;1;1;1;1;1;1;1;1;1;1;1;1;1;1;1;1;
60130000;1;10/2009;1;1;52.0;45.0;49.0;1;29;0;0;0;;0;51.5;51.5;51.0;50.5;50.0;49.5;49.0;49.0;50.0;50.0;46.0;46.0;47.0;47.0;50.0;50.0;49.0;49.5;50.0;50.0;50.0;50.0;49.0;48.5;48.5;48.5;48.0;48.0;45.0;45.5;46.0;;;;;;;;;;;;;;;;;;;;;;;;;;;;;;;
60130000;2;10/2009;1;1;52.0;45.0;48.838699;1;29;1;1;1;0.0;0;52.0;52.0;51.0;50.0;50.0;50.0;49.0;49.0;50.0;50.0;46.0;46.0;47.0;47.0;50.0;50.0;49.0;50.0;50.0;50.0;50.0;50.0;49.0;48.0;48.0;48.0;48.0;48.0;45.0;46.0;46.0;1;1;1;1;1;1;1;1;1;1;1;1;1;1;1;1;1;1;1;1;1;1;1;1;1;1;1;1;1;1;1
60130000;2;11/2009;1;1;58.0;42.0;48.866699;17;4;1;1;1;0.0;0;46.0;46.0;46.0;42.0;42.0;46.0;48.0;48.0;50.0;52.0;49.0;51.0;51.0;54.0;50.0;51.0;58.0;53.0;50.0;49.0;49.0;49.0;48.0;48.0;48.0;48.0;48.0;48.0;49.0;49.0;;1;1;1;1;1;1;1;1;1;1;1;1;1;1;1;1;1;1;1;1;1;1;1;1;1;1;1;1;1;1;
60130000;1;11/2009;1;1;58.0;42.0;49.0;17;4;0;0;0;;0;46.0;46.0;46.0;42.0;42.0;45.5;47.5;48.5;50.0;52.0;49.0;51.0;51.0;53.5;50.0;51.0;58.0;53.0;50.0;49.0;49.0;49.0;48.0;48.0;47.5;48.0;48.5;48.0;49.0;49.0;;1;1;1;1;1;1;1;1;1;1;1;1;1;1;1;1;1;1;1;1;1;1;1;1;1;1;1;1;1;1;0
60130000;1;12/2009;1;1;86.0;48.0;66.0;24;1;0;0;0;;0;50.5;56.5;66.0;74.0;69.0;69.0;81.0;80.5;63.0;57.5;57.5;57.5;57.5;58.0;58.0;64.0;60.5;60.5;71.0;65.5;69.0;71.0;81.0;82.0;84.0;79.0;67.5;66.0;61.0;59.5;64.0;1;1;1;1;1;1;1;1;1;1;1;1;1;1;1;1;1;1;1;1;1;1;1;1;1;1;1;1;1;1;1
60130000;2;12/2009;1;1;84.0;50.0;66.3871;25;1;1;1;1;0.0;0;50.0;56.0;66.0;74.0;69.0;69.0;81.0;80.0;63.0;57.0;57.0;57.0;57.0;58.0;58.0;64.0;60.0;60.0;71.0;66.0;69.0;71.0;81.0;82.0;84.0;79.0;68.0;66.0;61.0;60.0;64.0;1;1;1;1;1;1;1;1;1;1;1;1;1;1;1;1;1;1;1;1;1;1;1;1;1;1;1;1;1;1;1
60130000;1;01/2010;1;1;222.0;50.0;60.0;24;9;0;0;0;;0;60.5;60.5;60.5;59.0;57.5;57.5;69.0;59.5;55.0;55.0;51.0;55.0;52.0;54.5;57.5;56.5;54.0;56.0;54.0;53.5;53.0;53.5;55.5;145.0;110.0;54.0;52.5;51.5;52.5;51.5;51.5;1;1;1;1;1;1;1;1;1;1;1;1;1;1;1;1;1;1;1;1;1;1;1;1;1;1;1;1;1;1;1
60130000;2;01/2010;1;1;145.0;51.0;60.258099;24;11;1;1;1;0.0;0;60.0;60.0;60.0;59.0;57.0;57.0;69.0;60.0;55.0;55.0;51.0;55.0;52.0;55.0;57.0;56.0;54.0;56.0;54.0;54.0;53.0;54.0;56.0;145.0;110.0;54.0;52.0;52.0;52.0;52.0;52.0;1;1;1;1;1;1;1;1;1;1;1;1;1;1;1;1;1;1;1;1;1;1;1;1;1;1;1;1;1;1;1
60130000;1;02/2010;1;1;85.0;50.0;56.0;28;5;0;0;0;;0;52.0;52.0;53.0;51.5;50.5;50.0;52.0;52.0;52.5;52.0;52.0;53.0;56.0;56.0;56.5;57.5;56.5;56.0;57.5;57.0;56.0;57.0;56.5;58.0;57.0;69.5;64.5;85.0;;;;1;1;1;1;1;1;1;1;1;1;1;1;1;1;1;1;1;1;1;1;1;1;1;1;1;1;1;1;0;0;0
60130000;2;02/2010;1;1;85.0;50.0;56.285702;28;5;1;1;1;0.0;0;52.0;52.0;53.0;52.0;50.0;50.0;52.0;52.0;52.0;52.0;52.0;53.0;56.0;56.0;56.0;57.0;56.0;56.0;57.0;57.0;56.0;57.0;56.0;58.0;57.0;70.0;64.0;85.0;;;;1;1;1;1;1;1;1;1;1;1;1;1;1;1;1;1;1;1;1;1;1;1;1;1;1;1;1;1;;;
60130000;1;03/2010;1;1;322.0;51.0;64.0;1;17;0;0;0;;0;210.0;103.5;61.0;59.0;57.5;56.5;54.0;55.5;56.0;56.5;57.5;56.0;57.0;57.5;58.0;57.5;55.0;57.0;56.0;55.5;55.5;59.0;59.5;58.0;59.0;57.5;57.0;56.0;57.0;57.0;57.0;1;1;1;1;1;1;1;1;1;1;1;1;1;1;1;1;1;1;1;1;1;1;1;1;1;1;1;1;1;1;1
60130000;2;03/2010;1;1;210.0;54.0;63.451599;1;7;1;1;1;0.0;0;210.0;103.0;61.0;59.0;57.0;56.0;54.0;56.0;56.0;56.0;57.0;56.0;57.0;57.0;58.0;57.0;55.0;57.0;56.0;56.0;56.0;59.0;60.0;58.0;59.0;57.0;57.0;56.0;57.0;57.0;57.0;1;1;1;1;1;1;1;1;1;1;1;1;1;1;1;1;1;1;1;1;1;1;1;1;1;1;1;1;1;1;1
60130000;2;04/2010;1;1;76.0;56.0;62.033298;6;2;1;1;1;0.0;0;58.0;56.0;62.0;68.0;72.0;76.0;68.0;66.0;66.0;66.0;65.0;66.0;66.0;66.0;64.0;62.0;62.0;60.0;60.0;59.0;59.0;59.0;59.0;59.0;56.0;56.0;56.0;56.0;56.0;57.0;;1;1;1;1;1;1;1;1;1;1;1;1;1;1;1;1;1;1;1;1;1;1;1;1;1;1;1;1;1;1;
60130000;1;04/2010;1;1;78.0;56.0;62.0;6;2;0;0;0;;0;58.0;56.5;62.5;68.0;72.0;75.5;68.0;66.0;66.0;66.0;65.0;65.5;66.0;65.5;64.0;62.5;61.5;60.5;60.0;59.0;59.0;59.0;59.0;59.0;56.5;56.5;56.0;56.0;56.0;57.0;;1;1;1;1;1;1;1;1;1;1;1;1;1;1;1;1;1;1;1;1;1;1;1;1;1;1;1;1;1;1;0
60130000;1;05/2010;1;1;56.0;50.0;52.0;1;14;0;0;0;;0;56.0;55.5;55.5;56.0;55.0;55.5;55.5;54.5;54.0;52.5;51.5;51.0;50.5;50.0;50.5;50.5;50.5;50.0;50.0;50.0;51.0;51.5;50.0;50.0;50.0;50.5;51.5;52.0;51.5;51.0;51.0;1;1;1;1;1;1;1;1;1;1;1;1;1;1;1;1;1;1;1;1;1;1;1;1;1;1;1;1;1;1;1
60130000;2;05/2010;1;1;56.0;50.0;52.129002;1;13;1;1;1;0.0;0;56.0;56.0;56.0;56.0;55.0;56.0;56.0;55.0;54.0;52.0;52.0;51.0;50.0;50.0;50.0;50.0;50.0;50.0;50.0;50.0;51.0;52.0;50.0;50.0;50.0;50.0;52.0;52.0;52.0;51.0;51.0;1;1;1;1;1;1;1;1;1;1;1;1;1;1;1;1;1;1;1;1;1;1;1;1;1;1;1;1;1;1;1
60130000;1;06/2010;1;1;56.0;48.0;51.0;4;29;0;0;0;;0;52.5;52.0;52.0;56.0;53.5;52.0;52.0;51.0;51.0;51.0;50.0;50.0;50.0;50.5;52.0;51.0;50.0;50.0;50.0;50.5;50.0;50.0;50.0;49.0;49.0;48.5;49.5;48.5;48.0;48.0;;;;;;;;;;;;;;;;;;;;;;;;;;;;;;;;0
60130000;2;06/2010;1;1;56.0;48.0;50.533298;4;26;1;1;1;0.0;0;52.0;52.0;52.0;56.0;54.0;52.0;52.0;51.0;51.0;51.0;50.0;50.0;50.0;50.0;52.0;51.0;50.0;50.0;50.0;50.0;50.0;50.0;50.0;49.0;49.0;48.0;50.0;48.0;48.0;48.0;;1;1;1;1;1;1;1;1;1;1;1;1;1;1;1;1;1;1;1;1;1;1;1;1;1;1;1;1;1;1;
60130000;1;07/2010;1;1;49.0;43.0;47.0;15;31;0;0;0;;0;48.0;48.0;47.5;47.0;46.0;46.0;46.0;46.0;46.0;45.5;47.0;46.5;46.5;47.0;48.5;48.0;48.0;48.0;49.0;48.5;48.0;48.0;48.0;48.0;48.0;48.5;47.0;46.0;45.5;44.5;43.5;1;1;1;1;1;1;1;1;1;1;1;1;1;1;1;1;1;1;1;1;1;1;1;1;1;1;1;1;1;1;1
60130000;2;07/2010;1;1;49.0;44.0;47.0;19;30;1;1;1;0.0;0;48.0;48.0;48.0;47.0;46.0;46.0;46.0;46.0;46.0;46.0;47.0;46.0;46.0;47.0;48.0;48.0;48.0;48.0;49.0;48.0;48.0;48.0;48.0;48.0;48.0;48.0;47.0;46.0;46.0;44.0;44.0;1;1;1;1;1;1;1;1;1;1;1;1;1;1;1;1;1;1;1;1;1;1;1;1;1;1;1;1;1;1;1
60130000;1;08/2010;1;1;38.0;35.0;37.0;1;29;0;0;0;;0;38.0;38.0;38.0;38.0;38.0;38.0;38.0;38.0;38.0;38.0;38.0;37.0;36.5;37.0;38.0;38.0;38.0;38.0;38.0;38.0;36.5;38.0;38.0;38.0;38.0;37.0;36.5;36.0;35.5;36.0;35.5;1;1;1;1;1;1;1;1;1;1;1;1;1;1;1;1;1;1;1;1;1;1;1;1;1;1;1;1;1;1;1
60130000;2;08/2010;1;1;38.0;36.0;37.451599;1;13;1;1;1;0.0;0;38.0;38.0;38.0;38.0;38.0;38.0;38.0;38.0;38.0;38.0;38.0;37.0;36.0;37.0;38.0;38.0;38.0;38.0;38.0;38.0;36.0;38.0;38.0;38.0;38.0;37.0;36.0;36.0;36.0;36.0;36.0;1;1;1;1;1;1;1;1;1;1;1;1;1;1;1;1;1;1;1;1;1;1;1;1;1;1;1;1;1;1;1
60130000;1;09/2010;1;1;42.0;26.0;31.0;28;18;0;0;0;;0;36.0;36.0;34.5;31.0;28.0;27.0;28.0;28.0;28.0;28.5;28.0;28.0;28.0;28.0;28.0;27.0;27.0;26.0;26.0;27.0;32.0;32.0;32.0;32.0;32.0;35.0;35.0;40.0;36.5;37.0;;1;1;1;1;1;1;1;1;1;1;1;1;1;1;1;1;1;1;1;1;1;1;1;1;1;1;1;1;1;1;0
60130000;2;09/2010;1;1;40.0;26.0;30.6667;28;18;1;1;1;0.0;0;36.0;36.0;34.0;31.0;28.0;27.0;28.0;28.0;28.0;28.0;28.0;28.0;28.0;28.0;28.0;27.0;27.0;26.0;26.0;27.0;32.0;32.0;32.0;32.0;32.0;35.0;35.0;40.0;36.0;37.0;;1;1;1;1;1;1;1;1;1;1;1;1;1;1;1;1;1;1;1;1;1;1;1;1;1;1;1;1;1;1;
60130000;1;10/2010;1;1;60.0;35.0;44.0;31;2;0;0;0;;0;36.0;35.0;35.0;41.0;50.0;48.0;47.5;46.5;43.5;42.5;42.0;42.0;42.0;40.0;40.0;40.0;40.0;40.0;42.5;45.0;47.5;48.0;45.5;45.0;45.5;48.5;45.5;47.5;49.5;55.5;60.0;1;1;1;1;1;1;1;1;1;1;1;1;1;1;1;1;1;1;1;1;1;1;1;1;1;1;1;1;1;1;1
60130000;2;10/2010;1;1;60.0;35.0;44.483898;31;2;1;1;1;0.0;0;36.0;35.0;35.0;41.0;50.0;48.0;48.0;46.0;44.0;42.0;42.0;42.0;42.0;40.0;40.0;40.0;40.0;40.0;42.0;45.0;48.0;48.0;46.0;45.0;46.0;48.0;46.0;48.0;50.0;56.0;60.0;1;1;1;1;1;1;1;1;1;1;1;1;1;1;1;1;1;1;1;1;1;1;1;1;1;1;1;1;1;1;1
60130000;1;11/2010;1;1;285.0;48.0;62.0;23;3;0;0;0;;0;48.5;50.0;48.5;57.0;61.0;61.0;65.5;54.5;49.0;49.0;50.0;51.5;50.0;51.5;50.0;50.0;50.0;51.0;48.5;48.0;48.0;48.5;189.5;101.0;97.5;74.5;63.0;60.5;61.5;60.0;;;;;;;;;;;;;;;;;;;;;;;;;;;;;;;;0
60130000;2;11/2010;1;1;190.0;48.0;61.633301;23;1;1;1;1;0.0;0;48.0;50.0;48.0;57.0;61.0;61.0;66.0;55.0;49.0;49.0;50.0;52.0;50.0;52.0;50.0;50.0;50.0;51.0;48.0;48.0;48.0;48.0;190.0;101.0;98.0;74.0;63.0;60.0;62.0;60.0;;1;1;1;1;1;1;1;1;1;1;1;1;1;1;1;1;1;1;1;1;1;1;1;1;1;1;1;1;1;1;
60130000;1;12/2010;1;1;76.0;50.0;59.0;7;5;0;0;0;;0;62.0;62.0;55.0;53.0;50.5;62.0;74.0;73.0;64.0;56.5;56.0;54.5;56.5;57.0;57.5;56.0;56.0;55.5;55.0;53.5;64.0;56.5;67.5;63.5;57.5;61.0;57.5;56.5;56.5;57.0;60.5;1;1;1;1;1;1;1;1;1;1;1;1;1;1;1;1;1;1;1;1;1;1;1;1;1;1;1;1;1;1;1
60130000;2;12/2010;1;1;74.0;50.0;58.870998;7;5;1;1;1;0.0;0;62.0;62.0;55.0;53.0;50.0;62.0;74.0;73.0;64.0;56.0;56.0;55.0;56.0;57.0;57.0;56.0;56.0;56.0;55.0;54.0;64.0;56.0;68.0;64.0;57.0;61.0;57.0;56.0;56.0;57.0;60.0;1;1;1;1;1;1;1;1;1;1;1;1;1;1;1;1;1;1;1;1;1;1;1;1;1;1;1;1;1;1;1
60130000;1;01/2011;1;1;235.0;59.0;92.0;12;8;0;0;0;;0;71.5;131.0;122.5;152.5;76.0;71.0;60.5;59.5;107.0;143.5;167.5;217.5;117.0;117.0;87.5;77.5;70.5;65.0;68.5;67.5;64.5;65.0;69.5;74.0;76.0;76.0;76.0;74.0;73.0;74.5;76.0;1;1;1;1;1;1;1;1;1;1;1;1;1;1;1;1;1;1;1;1;1;1;1;1;1;1;1;1;1;1;1
60130000;2;01/2011;1;1;217.0;60.0;91.935501;12;7;1;1;1;0.0;0;72.0;131.0;123.0;152.0;76.0;71.0;60.0;60.0;107.0;144.0;168.0;217.0;117.0;117.0;88.0;78.0;70.0;65.0;68.0;68.0;64.0;65.0;70.0;74.0;76.0;76.0;76.0;74.0;73.0;74.0;76.0;1;1;1;1;1;1;1;1;1;1;1;1;1;1;1;1;1;1;1;1;1;1;1;1;1;1;1;1;1;1;1
60130000;1;02/2011;1;1;90.0;50.0;72.0;7;21;0;0;0;;0;77.0;75.5;76.0;73.5;70.0;70.0;88.0;87.5;86.0;86.0;85.0;86.0;86.0;82.5;71.0;66.5;61.0;57.5;55.0;52.0;50.5;54.5;53.0;70.5;73.5;80.5;70.0;71.5;;;;1;1;1;1;1;1;1;1;1;1;1;1;1;1;1;1;1;1;1;1;1;1;1;1;1;1;1;1;0;0;0
60130000;2;02/2011;1;1;88.0;50.0;72.0;7;21;1;1;1;0.0;0;77.0;76.0;76.0;74.0;70.0;70.0;88.0;88.0;86.0;86.0;85.0;86.0;86.0;82.0;71.0;66.0;61.0;57.0;55.0;52.0;50.0;55.0;53.0;70.0;74.0;80.0;70.0;72.0;;;;1;1;1;1;1;1;1;1;1;1;1;1;1;1;1;1;1;1;1;1;1;1;1;1;1;1;1;1;;;
60130000;1;03/2011;1;1;320.0;88.0;146.0;10;30;0;0;0;;0;115.0;111.0;143.5;145.0;175.0;178.5;189.0;109.0;101.0;213.0;209.5;195.0;209.0;220.5;168.5;157.5;153.0;180.0;170.0;151.0;156.0;139.0;121.0;112.5;119.0;106.5;91.0;110.0;102.5;92.5;92.5;1;1;1;1;1;1;1;1;1;1;1;1;1;1;1;1;1;1;1;1;1;1;1;1;1;1;1;1;1;1;1
60130000;2;03/2011;1;1;220.0;91.0;146.2581;14;27;1;1;1;0.0;0;115.0;111.0;144.0;145.0;175.0;178.0;189.0;109.0;101.0;213.0;210.0;195.0;209.0;220.0;168.0;158.0;153.0;180.0;170.0;151.0;156.0;139.0;121.0;112.0;119.0;106.0;91.0;110.0;102.0;92.0;92.0;1;1;1;1;1;1;1;1;1;1;1;1;1;1;1;1;1;1;1;1;1;1;1;1;1;1;1;1;1;1;1
60130000;1;04/2011;1;1;158.0;55.0;86.0;10;1;0;0;0;;0;57.5;67.5;104.0;84.5;68.0;117.0;87.0;71.5;71.0;139.0;94.5;91.0;92.5;88.5;87.5;86.0;86.0;85.0;86.0;86.5;83.5;83.0;83.0;80.0;80.0;80.0;80.0;87.0;82.0;80.0;;1;1;1;1;1;1;1;1;1;1;1;1;1;1;1;1;1;1;1;1;1;1;1;1;1;1;1;1;1;1;0
60130000;2;04/2011;1;1;139.0;57.0;85.599998;10;1;1;1;1;0.0;0;57.0;68.0;104.0;84.0;68.0;117.0;87.0;72.0;71.0;139.0;94.0;91.0;92.0;88.0;88.0;86.0;86.0;85.0;86.0;86.0;84.0;83.0;83.0;80.0;80.0;80.0;80.0;87.0;82.0;80.0;;1;1;1;1;1;1;1;1;1;1;1;1;1;1;1;1;1;1;1;1;1;1;1;1;1;1;1;1;1;1;
60130000;1;05/2011;1;1;82.0;67.0;73.0;2;30;0;0;0;;0;71.0;81.0;79.5;78.5;75.5;70.0;72.5;79.0;79.0;76.5;79.0;74.0;74.5;76.0;74.0;72.5;71.0;74.0;74.5;73.5;74.0;71.5;70.5;70.0;71.0;71.5;71.0;69.0;68.0;67.0;67.0;1;1;1;1;1;1;1;1;1;1;1;1;1;1;1;1;1;1;1;1;1;1;1;1;1;1;1;1;1;1;1
60130000;2;05/2011;1;1;81.0;67.0;73.3871;2;30;1;1;1;0.0;0;71.0;81.0;80.0;78.0;76.0;70.0;72.0;79.0;79.0;76.0;79.0;74.0;74.0;76.0;74.0;72.0;71.0;74.0;74.0;74.0;74.0;72.0;70.0;70.0;71.0;72.0;71.0;69.0;68.0;67.0;67.0;1;1;1;1;1;1;1;1;1;1;1;1;1;1;1;1;1;1;1;1;1;1;1;1;1;1;1;1;1;1;1
60130000;1;06/2011;1;1;72.0;60.0;67.0;22;26;0;0;0;;0;68.0;68.5;67.0;67.0;67.0;67.0;67.0;67.0;67.0;68.5;68.0;68.0;65.5;67.0;67.5;68.0;67.0;64.5;67.5;66.5;68.5;71.0;67.0;64.0;61.5;60.5;65.5;67.5;68.5;68.0;;1;1;1;1;1;1;1;1;1;1;1;1;1;1;1;1;1;1;1;1;1;1;1;1;1;1;1;1;1;1;0
60130000;2;06/2011;1;1;71.0;60.0;66.833298;22;26;1;1;1;0.0;0;68.0;68.0;67.0;67.0;67.0;67.0;67.0;67.0;67.0;68.0;68.0;68.0;66.0;67.0;68.0;68.0;67.0;64.0;68.0;66.0;68.0;71.0;67.0;64.0;62.0;60.0;66.0;68.0;68.0;68.0;;1;1;1;1;1;1;1;1;1;1;1;1;1;1;1;1;1;1;1;1;1;1;1;1;1;1;1;1;1;1;
60130000;1;07/2011;1;1;65.0;40.0;48.0;1;20;0;0;0;;0;63.5;62.5;60.0;58.5;57.0;54.5;54.0;52.5;53.5;54.0;50.5;50.0;49.0;48.0;46.5;41.0;41.5;42.0;42.5;40.5;40.0;41.5;42.0;41.0;40.0;40.0;41.5;42.5;44.5;43.5;41.5;;;;;;;;;;;;;;;;;;;;;;;;;;;;;;;
60130000;2;07/2011;1;1;64.0;40.0;47.709702;1;20;1;1;1;0.0;0;64.0;62.0;60.0;58.0;57.0;55.0;54.0;52.0;54.0;54.0;50.0;50.0;49.0;48.0;46.0;41.0;42.0;42.0;42.0;40.0;40.0;42.0;42.0;41.0;40.0;40.0;42.0;42.0;44.0;44.0;42.0;1;1;1;1;1;1;1;1;1;1;1;1;1;1;1;1;1;1;1;1;1;1;1;1;1;1;1;1;1;1;1
60130000;1;08/2011;1;1;66.0;55.0;59.0;1;31;0;0;0;;0;65.5;60.5;61.5;62.0;63.5;64.5;63.0;61.0;60.5;59.5;62.0;62.0;63.0;60.5;60.5;57.5;56.5;58.0;58.0;56.5;58.0;58.0;56.0;56.5;57.0;55.5;56.0;57.0;57.5;57.5;56.0;1;1;1;1;1;1;1;1;1;1;1;1;1;1;1;1;1;1;1;1;1;1;1;1;1;1;1;1;1;1;1
60130000;2;08/2011;1;1;66.0;56.0;59.290298;1;17;1;1;1;0.0;0;66.0;60.0;62.0;62.0;64.0;64.0;63.0;61.0;60.0;60.0;62.0;62.0;63.0;60.0;60.0;57.0;56.0;58.0;58.0;56.0;58.0;58.0;56.0;56.0;57.0;56.0;56.0;57.0;57.0;57.0;56.0;1;1;1;1;1;1;1;1;1;1;1;1;1;1;1;1;1;1;1;1;1;1;1;1;1;1;1;1;1;1;1
60130000;1;09/2011;1;1;48.0;36.0;40.0;1;30;0;0;0;;0;47.5;46.5;42.0;41.0;40.0;40.0;40.5;40.5;40.0;40.5;40.0;40.5;41.0;38.5;39.5;41.0;41.0;40.5;42.0;41.0;40.5;41.0;40.5;40.0;39.5;38.0;38.5;37.5;37.5;36.5;;;;;;;;;;;;;;;;;;;;;;;;;;;;;;;;0
60130000;2;09/2011;1;1;48.0;36.0;40.333302;1;30;1;1;1;0.0;0;48.0;46.0;42.0;41.0;40.0;40.0;40.0;40.0;40.0;40.0;40.0;40.0;41.0;38.0;40.0;41.0;41.0;40.0;42.0;41.0;40.0;41.0;40.0;40.0;40.0;38.0;38.0;38.0;38.0;36.0;;1;1;1;1;1;1;1;1;1;1;1;1;1;1;1;1;1;1;1;1;1;1;1;1;1;1;1;1;1;1;
60130000;1;10/2011;1;1;76.0;34.0;41.0;18;3;0;0;0;;0;36.5;36.0;34.0;34.0;34.5;34.5;34.0;34.0;34.0;34.0;34.0;34.5;49.5;44.0;44.0;47.5;47.0;61.0;46.0;46.5;46.5;44.5;44.5;43.5;42.5;41.5;40.0;39.5;40.5;42.0;42.0;1;1;1;1;1;1;1;1;1;1;1;1;1;1;1;1;1;1;1;1;1;1;1;1;1;1;1;1;1;1;1
60130000;2;10/2011;1;1;61.0;34.0;40.7742;18;3;1;1;1;0.0;0;36.0;36.0;34.0;34.0;34.0;34.0;34.0;34.0;34.0;34.0;34.0;34.0;50.0;44.0;44.0;48.0;47.0;61.0;46.0;46.0;46.0;44.0;44.0;44.0;42.0;42.0;40.0;40.0;40.0;42.0;42.0;1;1;1;1;1;1;1;1;1;1;1;1;1;1;1;1;1;1;1;1;1;1;1;1;1;1;1;1;1;1;1
60130000;1;11/2011;1;1;52.0;37.0;44.0;15;12;0;0;0;;0;41.5;42.0;42.0;40.0;39.0;38.5;39.0;39.0;39.0;38.0;38.0;37.5;39.0;46.0;51.0;50.5;49.5;48.0;48.0;47.5;45.0;45.5;46.0;46.0;47.0;48.0;49.0;49.5;49.0;50.5;;1;1;1;1;1;1;1;1;1;1;1;1;1;1;1;1;1;1;1;1;1;1;1;1;1;1;1;1;1;1;0
60130000;2;11/2011;1;1;51.0;38.0;44.333302;15;6;1;1;1;0.0;0;42.0;42.0;42.0;40.0;39.0;38.0;39.0;39.0;39.0;38.0;38.0;38.0;39.0;46.0;51.0;50.0;50.0;48.0;48.0;48.0;45.0;46.0;46.0;46.0;47.0;48.0;49.0;50.0;49.0;50.0;;1;1;1;1;1;1;1;1;1;1;1;1;1;1;1;1;1;1;1;1;1;1;1;1;1;1;1;1;1;1;
60130000;1;12/2011;1;1;240.0;40.0;85.0;13;1;0;0;0;;0;40.0;40.0;40.5;41.5;42.0;42.5;43.0;43.5;46.0;46.5;49.5;63.0;168.0;201.5;148.0;206.0;115.0;100.0;92.0;105.0;93.0;90.0;72.5;56.0;51.5;58.0;56.0;102.5;96.0;128.5;149.0;1;1;1;1;1;1;1;1;1;1;1;1;1;1;1;1;1;1;1;1;1;1;1;1;1;1;1;1;1;1;1
60130000;2;12/2011;1;1;206.0;40.0;84.709702;16;1;1;1;1;0.0;0;40.0;40.0;40.0;42.0;42.0;42.0;43.0;44.0;46.0;46.0;50.0;63.0;168.0;202.0;148.0;206.0;115.0;100.0;92.0;105.0;93.0;90.0;72.0;56.0;52.0;58.0;56.0;102.0;96.0;128.0;149.0;1;1;1;1;1;1;1;1;1;1;1;1;1;1;1;1;1;1;1;1;1;1;1;1;1;1;1;1;1;1;1
60130000;1;01/2012;1;1;315.0;83.0;106.0;6;31;0;0;0;;0;139.5;125.5;122.0;120.0;120.5;215.0;147.0;126.0;112.0;105.0;98.5;97.0;97.0;96.0;95.5;95.0;92.0;93.0;91.5;93.5;92.5;92.0;92.0;92.0;91.5;89.5;89.0;88.0;89.5;89.5;84.0;1;1;1;1;1;1;1;1;1;1;1;1;1;1;1;1;1;1;1;1;1;1;1;1;1;1;1;1;1;1;1
60130000;2;01/2012;1;1;215.0;84.0;105.5806;6;31;1;1;1;0.0;0;140.0;125.0;122.0;120.0;120.0;215.0;147.0;126.0;112.0;105.0;98.0;97.0;97.0;96.0;96.0;95.0;92.0;93.0;92.0;94.0;92.0;92.0;92.0;92.0;92.0;90.0;89.0;88.0;90.0;90.0;84.0;1;1;1;1;1;1;1;1;1;1;1;1;1;1;1;1;1;1;1;1;1;1;1;1;1;1;1;1;1;1;1
60130000;1;02/2012;1;1;86.0;76.0;80.0;25;8;0;0;0;;0;82.0;82.0;81.0;81.0;80.0;78.5;77.5;76.5;78.0;77.5;77.5;78.0;79.0;79.5;80.0;81.0;80.0;80.5;81.0;81.0;79.5;78.0;78.0;79.5;84.0;80.5;80.0;80.0;80.0;;;1;1;1;1;1;1;1;1;1;1;1;1;1;1;1;1;1;1;1;1;1;1;1;1;1;1;1;1;1;0;0
60130000;2;02/2012;1;1;84.0;76.0;79.724098;25;8;1;1;1;0.0;0;82.0;82.0;81.0;81.0;80.0;78.0;78.0;76.0;78.0;78.0;78.0;78.0;79.0;80.0;80.0;81.0;80.0;80.0;81.0;81.0;80.0;78.0;78.0;80.0;84.0;80.0;80.0;80.0;80.0;;;1;1;1;1;1;1;1;1;1;1;1;1;1;1;1;1;1;1;1;1;1;1;1;1;1;1;1;1;1;;
60130000;2;03/2012;1;1;72.0;69.0;70.7742;3;8;1;1;1;0.0;0;70.0;71.0;72.0;72.0;72.0;72.0;70.0;69.0;70.0;70.0;69.0;70.0;70.0;72.0;72.0;72.0;70.0;70.0;69.0;69.0;70.0;72.0;72.0;70.0;72.0;71.0;70.0;72.0;72.0;72.0;70.0;1;1;1;1;1;1;1;1;1;1;1;1;1;1;1;1;1;1;1;1;1;1;1;1;1;1;1;1;1;1;1
60130000;1;03/2012;1;1;72.0;69.0;71.0;3;7;0;0;0;;0;70.0;71.0;72.0;72.0;72.0;72.0;69.5;69.0;69.5;70.5;69.0;70.5;70.0;71.5;72.0;71.5;70.0;69.5;69.0;69.0;70.5;72.0;71.5;70.5;72.0;71.0;70.5;71.5;72.0;72.0;70.5;1;1;1;1;1;1;1;1;1;1;1;1;1;1;1;1;1;1;1;1;1;1;1;1;1;1;1;1;1;1;1
60130000;1;04/2012;1;1;77.0;62.0;66.0;1;22;0;0;0;;0;76.0;74.0;67.0;66.0;67.0;67.5;67.5;67.0;66.5;66.0;66.5;68.0;68.0;67.0;67.0;67.0;66.0;65.0;65.0;64.0;64.0;62.0;62.0;62.0;62.0;63.5;64.0;63.5;62.0;62.0;;1;1;1;1;1;1;1;1;1;1;1;1;1;1;1;1;1;1;1;1;1;1;1;1;1;1;1;1;1;1;0
60130000;2;04/2012;1;1;76.0;62.0;65.866699;1;22;1;1;1;0.0;0;76.0;74.0;67.0;66.0;67.0;68.0;68.0;67.0;66.0;66.0;66.0;68.0;68.0;67.0;67.0;67.0;66.0;65.0;65.0;64.0;64.0;62.0;62.0;62.0;62.0;64.0;64.0;64.0;62.0;62.0;;1;1;1;1;1;1;1;1;1;1;1;1;1;1;1;1;1;1;1;1;1;1;1;1;1;1;1;1;1;1;
60130000;1;05/2012;1;1;64.0;55.0;60.0;15;31;0;0;0;;0;61.5;60.5;60.0;59.5;60.0;60.0;59.0;59.0;59.0;58.5;58.0;58.0;58.5;59.5;63.0;64.0;64.0;63.5;62.0;62.0;62.0;61.0;61.5;57.0;58.0;58.0;57.5;56.0;56.0;56.0;55.5;1;1;1;1;1;1;1;1;1;1;1;1;1;1;1;1;1;1;1;1;1;1;1;1;1;1;1;1;1;1;1
60130000;2;05/2012;1;1;64.0;56.0;59.645199;16;28;1;1;1;0.0;0;62.0;60.0;60.0;60.0;60.0;60.0;59.0;59.0;59.0;58.0;58.0;58.0;58.0;60.0;63.0;64.0;64.0;64.0;62.0;62.0;62.0;61.0;62.0;57.0;58.0;58.0;57.0;56.0;56.0;56.0;56.0;1;1;1;1;1;1;1;1;1;1;1;1;1;1;1;1;1;1;1;1;1;1;1;1;1;1;1;1;1;1;1
60130000;2;06/2012;1;1;64.0;54.0;56.400002;8;28;1;1;1;0.0;0;56.0;55.0;55.0;55.0;56.0;61.0;60.0;64.0;57.0;56.0;55.0;55.0;55.0;56.0;56.0;56.0;56.0;56.0;57.0;57.0;57.0;57.0;56.0;56.0;56.0;56.0;55.0;54.0;55.0;56.0;;1;1;1;1;1;1;1;1;1;1;1;1;1;1;1;1;1;1;1;1;1;1;1;1;1;1;1;1;1;1;
60130000;1;06/2012;1;1;64.0;54.0;56.0;8;2;0;0;0;;0;56.0;55.0;55.0;55.0;56.0;61.0;60.0;64.0;57.0;56.0;55.0;55.0;55.0;55.5;56.0;56.0;56.0;56.5;57.0;57.0;57.0;57.0;56.0;56.0;55.5;56.0;54.5;54.0;55.0;55.5;;1;1;1;1;1;1;1;1;1;1;1;1;1;1;1;1;1;1;1;1;1;1;1;1;1;1;1;1;1;1;0
60130000;2;07/2012;1;1;57.0;46.0;54.064499;1;31;1;1;1;0.0;0;57.0;57.0;57.0;56.0;56.0;55.0;54.0;56.0;56.0;57.0;57.0;56.0;56.0;56.0;56.0;55.0;55.0;55.0;54.0;54.0;53.0;53.0;53.0;53.0;52.0;52.0;51.0;50.0;50.0;48.0;46.0;1;1;1;1;1;1;1;1;1;1;1;1;1;1;1;1;1;1;1;1;1;1;1;1;1;1;1;1;1;1;1
60130000;1;07/2012;1;1;57.0;45.0;54.0;1;31;0;0;0;;0;57.0;57.0;57.0;56.0;56.0;55.0;54.0;55.5;56.0;57.0;57.0;56.0;56.0;56.0;56.0;55.0;55.0;54.5;54.0;54.0;53.0;53.0;53.0;53.0;52.0;51.5;51.0;50.0;49.5;47.5;45.5;1;1;1;1;1;1;1;1;1;1;1;1;1;1;1;1;1;1;1;1;1;1;1;1;1;1;1;1;1;1;1
60130000;2;08/2012;1;1;46.0;34.0;42.741901;13;31;1;1;1;0.0;0;45.0;45.0;45.0;44.0;44.0;43.0;42.0;42.0;42.0;42.0;43.0;45.0;46.0;46.0;46.0;45.0;45.0;45.0;45.0;44.0;44.0;43.0;43.0;43.0;42.0;40.0;39.0;39.0;38.0;36.0;34.0;1;1;1;1;1;1;1;1;1;1;1;1;1;1;1;1;1;1;1;1;1;1;1;1;1;1;1;1;1;1;1
60130000;1;08/2012;1;1;46.0;34.0;43.0;13;31;0;0;0;;0;45.0;45.0;45.0;44.0;44.0;43.0;42.5;42.0;42.0;42.0;43.0;45.0;46.0;46.0;45.5;45.0;45.0;45.0;45.0;44.0;44.0;43.0;43.0;43.0;42.0;40.0;39.0;39.0;37.5;36.5;34.5;1;1;1;1;1;1;1;1;1;1;1;1;1;1;1;1;1;1;1;1;1;1;1;1;1;1;1;1;1;1;1
60130000;2;09/2012;1;1;38.0;30.0;34.0667;16;26;1;1;1;0.0;0;35.0;36.0;36.0;36.0;35.0;36.0;35.0;34.0;35.0;35.0;34.0;34.0;35.0;34.0;35.0;38.0;35.0;35.0;35.0;34.0;34.0;34.0;32.0;31.0;31.0;30.0;30.0;32.0;32.0;34.0;;1;1;1;1;1;1;1;1;1;1;1;1;1;1;1;1;1;1;1;1;1;1;1;1;1;1;1;1;1;1;
60130000;1;09/2012;1;1;38.0;30.0;34.0;16;26;0;0;0;;0;35.0;36.0;35.5;36.0;35.0;36.0;35.0;34.5;35.0;35.0;34.5;34.0;35.0;34.0;35.0;38.0;35.0;35.0;35.0;34.0;34.0;33.5;32.0;31.0;31.0;30.0;30.0;31.5;32.5;33.5;;1;1;1;1;1;1;1;1;1;1;1;1;1;1;1;1;1;1;1;1;1;1;1;1;1;1;1;1;1;1;0
60130000;2;10/2012;1;1;35.0;25.0;29.6129;1;17;1;1;1;0.0;0;35.0;34.0;34.0;33.0;32.0;32.0;31.0;29.0;28.0;28.0;28.0;27.0;27.0;26.0;26.0;26.0;25.0;26.0;26.0;28.0;29.0;30.0;32.0;34.0;32.0;32.0;31.0;30.0;30.0;29.0;28.0;1;1;1;1;1;1;1;1;1;1;1;1;1;1;1;1;1;1;1;1;1;1;1;1;1;1;1;1;1;1;1
60130000;1;10/2012;1;1;35.0;25.0;30.0;1;16;0;0;0;;0;35.0;34.0;33.5;33.0;32.0;31.5;31.0;29.0;28.5;28.0;28.0;27.0;27.0;26.5;26.0;25.5;25.0;26.0;26.0;27.5;29.0;30.5;32.5;33.5;32.0;31.5;31.0;30.0;30.0;29.0;28.5;1;1;1;1;1;1;1;1;1;1;1;1;1;1;1;1;1;1;1;1;1;1;1;1;1;1;1;1;1;1;1
60130000;2;11/2012;1;1;72.0;30.0;45.5667;30;1;1;1;1;0.0;0;30.0;30.0;30.0;30.0;31.0;32.0;32.0;34.0;46.0;51.0;46.0;44.0;45.0;44.0;44.0;43.0;43.0;44.0;45.0;46.0;50.0;51.0;52.0;54.0;55.0;56.0;58.0;63.0;66.0;72.0;;1;1;1;1;1;1;1;1;1;1;1;1;1;1;1;1;1;1;1;1;1;1;1;1;1;1;1;1;1;1;
60130000;1;11/2012;1;1;74.0;30.0;46.0;30;1;0;0;0;;0;30.0;30.5;30.0;30.5;31.0;31.5;32.5;34.0;45.5;51.0;45.5;44.5;45.0;44.5;43.5;43.0;43.0;43.5;45.0;46.0;50.5;51.0;52.0;53.5;55.0;55.5;58.5;63.0;66.5;71.5;;1;1;1;1;1;1;1;1;1;1;1;1;1;1;1;1;1;1;1;1;1;1;1;1;1;1;1;1;1;1;0
60130000;2;12/2012;1;1;74.0;46.0;60.967701;13;1;1;1;1;0.0;0;46.0;48.0;48.0;50.0;52.0;54.0;56.0;57.0;60.0;63.0;67.0;70.0;74.0;70.0;69.0;69.0;69.0;68.0;68.0;68.0;67.0;67.0;66.0;64.0;62.0;60.0;57.0;57.0;57.0;56.0;51.0;1;1;1;1;1;1;1;1;1;1;1;1;1;1;1;1;1;1;1;1;1;1;1;1;1;1;1;1;1;1;1
60130000;1;12/2012;1;1;76.0;46.0;61.0;13;1;0;0;0;;0;46.5;48.0;48.5;50.0;52.5;54.0;56.0;57.5;59.5;63.0;67.0;69.5;74.0;70.0;69.0;69.0;69.0;68.0;68.0;67.5;67.0;67.0;66.0;64.0;62.5;59.5;57.5;57.0;57.0;55.5;51.0;1;1;1;1;1;1;1;1;1;1;1;1;1;1;1;1;1;1;1;1;1;1;1;1;1;1;1;1;1;1;1
60130000;2;01/2013;1;1;82.0;40.0;54.0;31;6;1;1;1;0.0;0;41.0;42.0;42.0;41.0;41.0;40.0;40.0;42.0;42.0;42.0;42.0;44.0;45.0;45.0;46.0;46.0;48.0;50.0;53.0;56.0;56.0;63.0;66.0;68.0;71.0;72.0;74.0;76.0;78.0;80.0;82.0;1;1;1;1;1;1;1;1;1;1;1;1;1;1;1;1;1;1;1;1;1;1;1;1;1;1;1;1;1;1;1
60130000;1;01/2013;1;1;82.0;39.0;54.0;31;7;0;0;0;;0;41.0;42.0;42.0;41.0;41.0;40.0;39.5;42.0;42.5;42.0;42.0;43.5;45.0;45.0;45.5;46.5;47.5;49.5;53.0;56.0;56.0;63.0;65.5;67.5;71.0;72.0;74.0;75.5;77.5;79.5;81.5;1;1;1;1;1;1;1;1;1;1;1;1;1;1;1;1;1;1;1;1;1;1;1;1;1;1;1;1;1;1;1
60130000;2;02/2013;1;1;88.0;69.0;77.892899;22;16;1;1;1;0.0;0;80.0;80.0;78.0;78.0;76.0;75.0;74.0;74.0;74.0;72.0;72.0;71.0;70.0;70.0;70.0;69.0;69.0;80.0;82.0;82.0;85.0;88.0;88.0;88.0;86.0;85.0;84.0;81.0;;;;1;1;1;1;1;1;1;1;1;1;1;1;1;1;1;1;1;1;1;1;1;1;1;1;1;1;1;1;;;
60130000;1;02/2013;1;1;89.0;69.0;78.0;22;15;0;0;0;;0;80.0;80.0;78.5;77.5;76.5;75.0;74.5;74.0;73.5;72.5;72.0;71.0;70.5;70.0;69.5;69.0;69.0;80.0;81.5;82.5;85.0;88.0;88.5;88.0;86.5;85.0;84.0;81.0;;;;;;;;;;;;;;;;;;;;;;;;;;;;;;;;0;0;0
60130000;2;03/2013;1;1;80.0;66.0;71.3871;1;15;1;1;1;0.0;0;80.0;79.0;78.0;78.0;76.0;74.0;74.0;73.0;73.0;71.0;69.0;69.0;68.0;67.0;66.0;66.0;69.0;70.0;73.0;73.0;73.0;73.0;72.0;72.0;71.0;69.0;69.0;68.0;68.0;66.0;66.0;1;1;1;1;1;1;1;1;1;1;1;1;1;1;1;1;1;1;1;1;1;1;1;1;1;1;1;1;1;1;1
60130000;1;03/2013;1;1;80.0;65.0;71.0;1;31;0;0;0;;0;80.0;79.0;78.0;77.5;75.5;74.0;74.0;73.0;73.0;71.0;69.0;69.0;68.0;67.0;66.5;66.0;69.0;70.0;73.0;73.0;73.0;73.0;72.0;72.0;71.0;69.0;69.0;68.5;67.5;66.5;65.5;1;1;1;1;1;1;1;1;1;1;1;1;1;1;1;1;1;1;1;1;1;1;1;1;1;1;1;1;1;1;1
60130000;2;04/2013;1;1;62.0;50.0;54.666698;1;27;1;1;1;0.0;0;62.0;62.0;60.0;60.0;58.0;58.0;58.0;57.0;57.0;56.0;56.0;55.0;55.0;55.0;54.0;54.0;54.0;53.0;53.0;52.0;52.0;52.0;52.0;52.0;52.0;51.0;50.0;50.0;50.0;50.0;;1;1;1;1;1;1;1;1;1;1;1;1;1;1;1;1;1;1;1;1;1;1;1;1;1;1;1;1;1;1;
60130000;1;04/2013;1;1;62.0;49.0;55.0;1;30;0;0;0;;0;62.0;61.5;60.0;59.5;58.5;58.0;58.0;57.5;57.0;56.5;56.0;55.0;55.0;55.0;54.0;54.0;54.0;53.0;53.0;52.0;52.0;52.0;52.0;52.0;52.0;51.0;50.5;50.0;50.0;49.5;;;;;;;;;;;;;;;;;;;;;;;;;;;;;;;;0
60130000;2;05/2013;1;1;69.0;38.0;46.3871;31;26;1;1;1;0.0;0;49.0;49.0;48.0;48.0;48.0;48.0;47.0;47.0;46.0;46.0;46.0;45.0;44.0;44.0;43.0;43.0;43.0;42.0;42.0;41.0;41.0;40.0;40.0;39.0;39.0;38.0;48.0;55.0;58.0;62.0;69.0;1;1;1;1;1;1;1;1;1;1;1;1;1;1;1;1;1;1;1;1;1;1;1;1;1;1;1;1;1;1;1
60130000;1;05/2013;1;1;70.0;38.0;46.0;31;26;0;0;0;;0;49.0;49.0;48.5;48.0;48.0;47.5;47.0;47.0;46.5;46.0;46.0;45.0;44.0;44.0;43.0;43.0;43.0;42.0;42.0;41.0;41.0;40.0;40.0;39.0;39.0;38.0;48.0;55.0;58.0;62.0;69.0;;;;;;;;;;;;;;;;;;;;;;;;;;;;;;;
60130000;1;06/2013;1;1;60.0;40.0;46.0;1;24;0;0;0;;0;60.0;57.0;55.0;54.0;52.0;51.0;51.0;50.0;50.0;49.5;49.0;49.0;48.0;45.5;44.0;42.0;42.0;42.0;42.0;41.0;41.0;41.0;41.0;40.0;40.0;40.0;40.0;40.0;40.0;40.0;;;;;;;;;;;;;;;;;;;;;;;;;;;;;;;;0
60130000;2;06/2013;1;1;60.0;40.0;45.9333;1;24;1;1;1;0.0;0;60.0;57.0;55.0;54.0;52.0;51.0;51.0;50.0;50.0;50.0;49.0;49.0;48.0;46.0;44.0;42.0;42.0;42.0;42.0;41.0;41.0;41.0;41.0;40.0;40.0;40.0;40.0;40.0;40.0;40.0;;1;1;1;1;1;1;1;1;1;1;1;1;1;1;1;1;1;1;1;1;1;1;1;1;1;1;1;1;1;1;
60130000;2;07/2013;1;1;40.0;32.0;37.2258;1;31;1;1;1;0.0;0;40.0;40.0;40.0;40.0;39.0;39.0;39.0;39.0;38.0;38.0;38.0;38.0;38.0;38.0;38.0;38.0;38.0;38.0;38.0;37.0;37.0;36.0;36.0;36.0;36.0;35.0;34.0;34.0;34.0;33.0;32.0;1;1;1;1;1;1;1;1;1;1;1;1;1;1;1;1;1;1;1;1;1;1;1;1;1;1;1;1;1;1;1
60130000;1;07/2013;1;1;40.0;32.0;37.0;1;31;0;0;0;;0;40.0;40.0;40.0;40.0;39.0;39.0;39.0;39.0;38.5;38.0;38.0;38.0;38.0;38.0;38.0;38.0;38.0;38.0;38.0;37.0;37.0;36.0;36.0;36.0;35.5;35.0;34.5;34.0;34.0;33.0;32.0;1;1;1;1;1;1;1;1;1;1;1;1;1;1;1;1;1;1;1;1;1;1;1;1;1;1;1;1;1;1;1
60130000;2;08/2013;1;1;32.0;28.0;29.838699;1;19;1;1;1;0.0;0;32.0;32.0;32.0;31.0;31.0;31.0;31.0;30.0;30.0;30.0;30.0;29.0;29.0;29.0;29.0;29.0;29.0;29.0;28.0;28.0;30.0;30.0;30.0;30.0;30.0;30.0;29.0;29.0;29.0;29.0;30.0;1;1;1;1;1;1;1;1;1;1;1;1;1;1;1;1;1;1;1;1;1;1;1;1;1;1;1;1;1;1;1
60130000;1;08/2013;1;1;32.0;28.0;30.0;1;19;0;0;0;;0;32.0;32.0;32.0;31.0;31.0;31.0;31.0;30.0;30.0;30.0;30.0;29.0;29.0;29.0;29.0;29.0;29.0;29.0;28.0;28.0;30.0;30.0;30.0;30.0;30.0;30.0;29.0;29.0;29.0;29.0;30.0;1;1;1;1;1;1;1;1;1;1;1;1;1;1;1;1;1;1;1;1;1;1;1;1;1;1;1;1;1;1;1
60130000;2;09/2013;1;1;;;;;;0;0;0;0.0;0;;;;;;;21.0;22.0;22.0;21.0;21.0;21.0;21.0;22.0;22.0;22.0;21.0;21.0;20.0;20.0;20.0;20.0;20.0;20.0;20.0;20.0;20.0;22.0;23.0;24.0;;;;;;;;1;1;1;1;1;1;1;1;1;1;1;1;1;1;1;1;1;1;1;1;1;1;1;1;
60130000;1;09/2013;1;1;;;;;;0;0;0;;0;;;;;;;21.0;22.0;21.5;21.0;21.0;21.0;21.0;22.0;22.0;22.0;21.0;21.0;20.5;20.0;20.0;20.0;20.0;20.0;20.0;20.0;20.0;21.5;23.0;24.5;;0;0;0;0;0;0;1;1;1;1;1;1;1;1;1;1;1;1;1;1;1;1;1;1;1;1;1;1;1;1;0
60130000;1;10/2013;1;1;36.0;26.0;30.0;31;1;0;0;0;;0;27.0;28.0;28.0;28.5;29.0;29.0;29.0;29.0;30.0;30.0;30.0;30.0;30.0;30.0;29.0;29.0;29.0;29.0;28.0;28.0;28.0;29.0;29.0;30.0;30.0;30.0;31.0;31.0;31.0;32.0;35.0;1;1;1;1;1;1;1;1;1;1;1;1;1;1;1;1;1;1;1;1;1;1;1;1;1;1;1;1;1;1;1
60130000;2;10/2013;1;1;35.0;27.0;29.5161;31;1;1;1;1;0.0;0;27.0;28.0;28.0;28.0;29.0;29.0;29.0;29.0;30.0;30.0;30.0;30.0;30.0;30.0;29.0;29.0;29.0;29.0;28.0;28.0;28.0;29.0;29.0;30.0;30.0;30.0;31.0;31.0;31.0;32.0;35.0;1;1;1;1;1;1;1;1;1;1;1;1;1;1;1;1;1;1;1;1;1;1;1;1;1;1;1;1;1;1;1
60130000;1;11/2013;1;1;49.0;30.0;36.0;30;12;0;0;0;;0;36.0;35.0;35.0;35.0;34.0;34.0;34.0;34.0;32.0;32.0;32.0;30.0;30.0;30.0;33.0;33.5;34.0;34.5;35.0;35.0;36.5;38.0;39.0;39.0;41.0;42.0;44.5;46.0;47.0;48.5;;1;1;1;1;1;1;1;1;1;1;1;1;1;1;1;1;1;1;1;1;1;1;1;1;1;1;1;1;1;1;0
60130000;2;11/2013;1;1;48.0;30.0;36.266701;30;12;1;1;1;0.0;0;36.0;35.0;35.0;35.0;34.0;34.0;34.0;34.0;32.0;32.0;32.0;30.0;30.0;30.0;33.0;34.0;34.0;34.0;35.0;35.0;36.0;38.0;39.0;39.0;41.0;42.0;44.0;46.0;47.0;48.0;;1;1;1;1;1;1;1;1;1;1;1;1;1;1;1;1;1;1;1;1;1;1;1;1;1;1;1;1;1;1;
60130000;1;12/2013;1;1;83.0;50.0;64.0;20;1;0;0;0;;0;51.0;53.5;55.0;56.5;57.0;57.5;60.0;62.0;62.0;62.5;62.0;65.0;67.0;69.0;70.0;71.5;73.0;78.0;77.0;79.5;71.5;61.0;61.0;61.0;66.0;69.0;64.5;63.5;64.5;62.0;62.0;1;1;1;1;1;1;1;1;1;1;1;1;1;1;1;1;1;1;1;1;1;1;1;1;1;1;1;1;1;1;1
60130000;2;12/2013;1;1;80.0;51.0;64.354797;20;1;1;1;1;0.0;0;51.0;54.0;55.0;56.0;57.0;57.0;60.0;62.0;62.0;62.0;62.0;65.0;67.0;69.0;70.0;72.0;73.0;78.0;77.0;80.0;72.0;61.0;61.0;61.0;66.0;69.0;64.0;64.0;64.0;62.0;62.0;1;1;1;1;1;1;1;1;1;1;1;1;1;1;1;1;1;1;1;1;1;1;1;1;1;1;1;1;1;1;1
60130000;2;01/2014;1;1;64.0;45.0;51.290298;23;14;1;1;1;0.0;0;57.0;56.0;55.0;56.0;52.0;50.0;50.0;51.0;51.0;50.0;52.0;46.0;46.0;45.0;45.0;45.0;46.0;46.0;50.0;47.0;47.0;58.0;64.0;54.0;64.0;58.0;54.0;50.0;48.0;49.0;48.0;1;1;1;1;1;1;1;1;1;1;1;1;1;1;1;1;1;1;1;1;1;1;1;1;1;1;1;1;1;1;1
60130000;1;01/2014;1;1;70.0;45.0;51.0;25;14;0;0;0;;0;57.0;56.0;55.0;55.5;51.5;50.0;50.5;51.0;51.0;50.0;52.0;46.5;46.0;45.0;45.0;45.0;45.5;46.0;49.5;47.0;47.0;58.0;64.0;53.5;64.0;58.0;54.0;50.5;48.5;49.0;48.5;1;1;1;1;1;1;1;1;1;1;1;1;1;1;1;1;1;1;1;1;1;1;1;1;1;1;1;1;1;1;1
60130000;1;02/2014;1;1;80.0;37.0;46.0;18;9;0;0;0;;0;45.5;45.5;44.5;41.5;40.0;39.5;39.5;39.0;37.5;38.0;38.0;38.0;37.0;37.5;40.0;48.5;55.5;76.5;63.0;57.0;50.0;50.0;49.0;47.0;50.5;49.0;48.0;48.5;;;;1;1;1;1;1;1;1;1;1;1;1;1;1;1;1;1;1;1;1;1;1;1;1;1;1;1;1;1;0;0;0
60130000;2;02/2014;1;1;76.0;37.0;46.25;18;13;1;1;1;0.0;0;46.0;46.0;44.0;42.0;40.0;40.0;40.0;39.0;38.0;38.0;38.0;38.0;37.0;38.0;40.0;48.0;56.0;76.0;63.0;57.0;50.0;50.0;49.0;47.0;50.0;49.0;48.0;48.0;;;;1;1;1;1;1;1;1;1;1;1;1;1;1;1;1;1;1;1;1;1;1;1;1;1;1;1;1;1;;;
60130000;1;03/2014;1;1;82.0;44.0;57.0;10;4;0;0;0;;0;64.0;62.5;45.5;44.5;45.0;53.0;59.0;65.5;56.5;75.0;47.5;50.0;52.0;50.5;61.5;60.0;60.0;54.5;58.5;56.5;56.5;58.0;58.0;59.0;59.0;59.0;58.0;55.0;54.0;57.0;58.0;1;1;1;1;1;1;1;1;1;1;1;1;1;1;1;1;1;1;1;1;1;1;1;1;1;1;1;1;1;1;1
60130000;2;03/2014;1;1;75.0;44.0;56.516102;10;4;1;1;1;0.0;0;64.0;62.0;46.0;44.0;45.0;53.0;59.0;66.0;56.0;75.0;48.0;50.0;52.0;50.0;62.0;60.0;60.0;55.0;58.0;56.0;56.0;58.0;58.0;59.0;59.0;59.0;58.0;55.0;54.0;57.0;58.0;1;1;1;1;1;1;1;1;1;1;1;1;1;1;1;1;1;1;1;1;1;1;1;1;1;1;1;1;1;1;1
60130000;1;04/2014;1;1;85.0;50.0;57.0;3;9;0;0;0;;0;79.0;68.0;77.5;66.0;58.0;52.5;52.0;52.0;50.0;51.0;52.0;55.0;54.0;52.0;52.0;51.5;52.0;68.0;59.0;59.0;59.5;58.0;57.0;56.0;56.5;57.0;57.0;56.0;54.0;51.0;;1;1;1;1;1;1;1;1;1;1;1;1;1;1;1;1;1;1;1;1;1;1;1;1;1;1;1;1;1;1;0
60130000;2;04/2014;1;1;79.0;50.0;57.4333;1;9;1;1;1;0.0;0;79.0;68.0;78.0;66.0;58.0;52.0;52.0;52.0;50.0;51.0;52.0;55.0;54.0;52.0;52.0;52.0;52.0;68.0;59.0;59.0;60.0;58.0;57.0;56.0;56.0;57.0;57.0;56.0;54.0;51.0;;1;1;1;1;1;1;1;1;1;1;1;1;1;1;1;1;1;1;1;1;1;1;1;1;1;1;1;1;1;1;
60130000;1;05/2014;1;1;46.0;39.0;42.0;1;16;0;0;0;;0;46.0;46.0;45.5;45.5;46.0;45.0;44.0;45.0;45.0;41.5;41.0;41.0;41.5;40.0;40.5;39.5;39.0;40.0;40.0;40.0;40.0;40.0;40.0;40.0;39.5;39.5;39.0;39.0;39.0;39.0;43.5;1;1;1;1;1;1;1;1;1;1;1;1;1;1;1;1;1;1;1;1;1;1;1;1;1;1;1;1;1;1;1
60130000;2;05/2014;1;1;46.0;39.0;41.741901;1;17;1;1;1;0.0;0;46.0;46.0;46.0;46.0;46.0;45.0;44.0;45.0;45.0;42.0;41.0;41.0;42.0;40.0;40.0;40.0;39.0;40.0;40.0;40.0;40.0;40.0;40.0;40.0;40.0;40.0;39.0;39.0;39.0;39.0;44.0;1;1;1;1;1;1;1;1;1;1;1;1;1;1;1;1;1;1;1;1;1;1;1;1;1;1;1;1;1;1;1
60130000;2;06/2014;1;1;44.0;39.0;39.833302;1;13;1;1;1;0.0;0;44.0;41.0;40.0;42.0;42.0;40.0;40.0;40.0;40.0;40.0;40.0;40.0;39.0;39.0;39.0;39.0;39.0;39.0;39.0;39.0;39.0;40.0;40.0;40.0;40.0;39.0;39.0;39.0;39.0;39.0;;1;1;1;1;1;1;1;1;1;1;1;1;1;1;1;1;1;1;1;1;1;1;1;1;1;1;1;1;1;1;
60130000;1;06/2014;1;1;45.0;39.0;40.0;1;13;0;0;0;;0;43.5;41.0;40.0;42.0;42.0;40.0;40.0;40.0;40.0;40.0;40.0;40.0;39.0;39.0;39.0;39.0;39.0;39.0;39.0;39.0;39.0;40.0;40.0;40.0;40.0;39.0;39.0;39.0;39.0;39.0;;1;1;1;1;1;1;1;1;1;1;1;1;1;1;1;1;1;1;1;1;1;1;1;1;1;1;1;1;1;1;0
60130000;2;07/2014;1;1;50.0;30.0;37.645199;27;4;1;1;1;0.0;0;38.0;38.0;37.0;30.0;30.0;30.0;30.0;30.0;34.0;36.0;38.0;38.0;36.0;38.0;39.0;39.0;38.0;38.0;38.0;38.0;36.0;36.0;36.0;37.0;38.0;42.0;50.0;50.0;46.0;43.0;40.0;1;1;1;1;1;1;1;1;1;1;1;1;1;1;1;1;1;1;1;1;1;1;1;1;1;1;1;1;1;1;1
60130000;1;07/2014;1;1;50.0;30.0;38.0;27;4;0;0;0;;0;38.5;37.5;37.0;30.0;30.0;30.0;30.0;30.0;34.0;36.0;38.0;38.0;36.0;38.0;39.0;39.0;38.0;38.0;38.0;37.5;36.5;36.5;36.5;37.0;38.0;42.5;50.0;50.0;46.0;43.0;40.0;1;1;1;1;1;1;1;1;1;1;1;1;1;1;1;1;1;1;1;1;1;1;1;1;1;1;1;1;1;1;1
60130000;2;08/2014;1;1;39.0;30.0;32.7742;1;12;1;1;1;0.0;0;39.0;39.0;39.0;36.0;36.0;36.0;36.0;36.0;36.0;35.0;35.0;30.0;30.0;32.0;32.0;32.0;32.0;31.0;31.0;31.0;31.0;31.0;30.0;30.0;30.0;30.0;30.0;30.0;30.0;30.0;30.0;1;1;1;1;1;1;1;1;1;1;1;1;1;1;1;1;1;1;1;1;1;1;1;1;1;1;1;1;1;1;1
60130000;1;08/2014;1;1;39.0;30.0;33.0;1;12;0;0;0;;0;39.0;39.0;39.0;36.0;36.0;36.0;36.0;36.0;36.0;35.0;35.0;30.5;30.0;32.0;32.0;32.0;32.0;31.0;31.0;31.0;31.0;31.0;30.0;30.0;30.0;30.0;30.0;30.0;30.0;30.0;30.0;1;1;1;1;1;1;1;1;1;1;1;1;1;1;1;1;1;1;1;1;1;1;1;1;1;1;1;1;1;1;1
60130000;2;09/2014;1;1;30.0;20.0;23.0667;3;9;1;1;1;0.0;0;29.0;29.0;30.0;30.0;28.0;27.0;25.0;21.0;20.0;22.0;22.0;23.0;23.0;24.0;24.0;23.0;22.0;22.0;21.0;21.0;21.0;21.0;21.0;21.0;21.0;21.0;20.0;20.0;20.0;20.0;;1;1;1;1;1;1;1;1;1;1;1;1;1;1;1;1;1;1;1;1;1;1;1;1;1;1;1;1;1;1;
60130000;1;09/2014;1;1;30.0;20.0;23.0;3;9;0;0;0;;0;29.0;29.0;30.0;30.0;28.0;27.0;25.0;21.0;20.0;22.0;22.0;23.0;23.0;24.0;24.0;23.0;22.0;22.0;21.0;21.0;21.0;21.0;21.0;21.0;21.0;21.0;20.0;20.0;20.0;20.0;;1;1;1;1;1;1;1;1;1;1;1;1;1;1;1;1;1;1;1;1;1;1;1;1;1;1;1;1;1;1;
60130000;1;10/2014;1;1;29.0;19.0;24.0;26;4;0;0;0;;0;20.0;20.0;20.0;19.0;19.0;20.0;20.0;20.0;21.0;21.5;25.5;28.0;28.0;28.0;27.5;26.0;25.0;26.0;26.0;26.0;26.0;26.0;27.0;27.0;28.0;28.5;26.5;24.0;25.5;26.5;27.0;1;1;1;1;1;1;1;1;1;1;1;1;1;1;1;1;1;1;1;1;1;1;1;1;1;1;1;1;1;1;1
60130000;2;10/2014;1;1;28.0;19.0;24.4839;12;4;1;1;1;0.0;0;20.0;20.0;20.0;19.0;19.0;20.0;20.0;20.0;21.0;22.0;26.0;28.0;28.0;28.0;28.0;26.0;25.0;26.0;26.0;26.0;26.0;26.0;27.0;27.0;28.0;28.0;26.0;24.0;26.0;26.0;27.0;1;1;1;1;1;1;1;1;1;1;1;1;1;1;1;1;1;1;1;1;1;1;1;1;1;1;1;1;1;1;1
60130000;1;11/2014;1;1;30.0;24.0;27.0;2;19;0;0;0;;0;28.5;29.0;27.0;27.0;26.0;27.5;28.0;28.0;28.0;26.5;28.0;28.0;26.0;25.0;28.0;25.5;26.0;25.0;25.0;24.5;25.0;25.5;27.0;25.0;24.5;25.0;26.0;26.5;28.5;29.5;;1;1;1;1;1;1;1;1;1;1;1;1;1;1;1;1;1;1;1;1;1;1;1;1;1;1;1;1;1;1;0
60130000;2;11/2014;1;1;30.0;24.0;26.6;30;20;1;1;1;0.0;0;28.0;29.0;27.0;27.0;26.0;28.0;28.0;28.0;28.0;26.0;28.0;28.0;26.0;25.0;28.0;26.0;26.0;25.0;25.0;24.0;25.0;26.0;27.0;25.0;24.0;25.0;26.0;26.0;28.0;30.0;;1;1;1;1;1;1;1;1;1;1;1;1;1;1;1;1;1;1;1;1;1;1;1;1;1;1;1;1;1;1;
60130000;2;12/2014;1;1;60.0;38.0;45.7742;1;8;1;1;1;0.0;0;60.0;54.0;47.0;42.0;40.0;44.0;40.0;38.0;38.0;38.0;45.0;51.0;54.0;54.0;52.0;49.0;48.0;47.0;46.0;47.0;48.0;46.0;46.0;46.0;46.0;45.0;42.0;42.0;42.0;42.0;40.0;1;1;1;1;1;1;1;1;1;1;1;1;1;1;1;1;1;1;1;1;1;1;1;1;1;1;1;1;1;1;1
60130000;1;12/2014;1;1;62.0;38.0;46.0;1;8;0;0;0;;0;60.0;53.5;47.0;42.0;39.5;44.5;40.5;38.0;38.0;38.0;45.0;51.0;53.5;53.5;52.0;49.0;47.5;47.0;46.5;47.0;47.5;46.5;45.5;46.0;46.0;45.0;42.0;42.0;42.0;42.0;40.0;1;1;1;1;1;1;1;1;1;1;1;1;1;1;1;1;1;1;1;1;1;1;1;1;1;1;1;1;1;1;1
60130000;1;01/2015;1;1;43.0;26.0;34.0;27;23;0;0;0;;0;39.0;39.0;40.5;39.5;39.0;39.0;38.0;38.0;38.0;38.0;38.0;38.0;34.5;33.0;32.0;30.0;30.0;30.0;28.0;28.0;28.0;27.0;26.0;31.0;33.0;35.5;37.5;36.0;36.5;32.0;32.0;1;1;1;1;1;1;1;1;1;1;1;1;1;1;1;1;1;1;1;1;1;1;1;1;1;1;1;1;1;1;1
60130000;2;01/2015;1;1;43.0;26.0;34.0;27;23;0;0;0;;0;39.0;39.0;40.5;39.5;39.0;39.0;38.0;38.0;38.0;38.0;38.0;38.0;34.5;33.0;32.0;30.0;30.0;30.0;28.0;28.0;28.0;27.0;26.0;31.0;33.0;35.5;37.5;36.0;36.5;32.0;32.0;1;1;1;1;1;1;1;1;1;1;1;1;1;1;1;1;1;1;1;1;1;1;1;1;1;1;1;1;1;1;1
60130000;1;02/2015;1;1;135.0;33.0;54.0;6;3;0;0;0;;0;35.0;36.0;33.5;35.0;44.5;116.5;65.0;56.0;53.0;51.5;49.0;47.0;44.5;43.0;43.0;80.0;116.5;71.5;60.5;57.5;54.0;52.5;53.0;46.5;44.0;43.0;42.5;44.5;;;;1;1;1;1;1;1;1;1;1;1;1;1;1;1;1;1;1;1;1;1;1;1;1;1;1;1;1;1;0;0;0
60130000;2;02/2015;1;1;135.0;33.0;54.0;6;3;0;0;0;;0;35.0;36.0;33.5;35.0;44.5;116.5;65.0;56.0;53.0;51.5;49.0;47.0;44.5;43.0;43.0;80.0;116.5;71.5;60.5;57.5;54.0;52.5;53.0;46.5;44.0;43.0;42.5;44.5;;;;1;1;1;1;1;1;1;1;1;1;1;1;1;1;1;1;1;1;1;1;1;1;1;1;1;1;1;1;0;0;0
60130000;1;03/2015;1;1;121.0;43.0;66.0;8;2;0;0;0;;0;47.5;44.0;46.0;46.0;46.0;46.0;67.0;106.5;78.0;55.0;69.0;79.5;67.0;67.0;67.0;66.5;65.0;65.0;83.5;77.5;74.5;73.0;70.5;68.0;67.0;64.5;64.0;64.0;64.0;63.5;69.5;;;;;;;;;;;;;;;;;;;;;;;;;;;;;;;
60130000;2;03/2015;1;1;121.0;43.0;66.0;8;2;0;0;0;;0;47.5;44.0;46.0;46.0;46.0;46.0;67.0;106.5;78.0;55.0;69.0;79.5;67.0;67.0;67.0;66.5;65.0;65.0;83.5;77.5;74.5;73.0;70.5;68.0;67.0;64.5;64.0;64.0;64.0;63.5;69.5;;;;;;;;;;;;;;;;;;;;;;;;;;;;;;;
60130000;2;04/2015;1;1;82.0;52.0;63.0;24;5;0;0;0;;0;60.5;58.0;58.0;57.5;59.5;70.0;67.5;65.5;64.0;64.0;63.0;64.0;63.0;61.0;60.0;60.0;60.0;60.0;60.0;60.0;59.0;71.0;65.0;82.0;65.0;65.0;65.0;64.0;63.0;64.0;;1;1;1;1;1;1;1;1;1;1;1;1;1;1;1;1;1;1;1;1;1;1;1;1;1;1;1;1;1;1;0
60130000;1;04/2015;1;1;82.0;52.0;63.0;24;5;0;0;0;;0;60.5;58.0;58.0;57.5;59.5;70.0;67.5;65.5;64.0;64.0;63.0;64.0;63.0;61.0;60.0;60.0;60.0;60.0;60.0;60.0;59.0;71.0;65.0;82.0;65.0;65.0;65.0;64.0;63.0;64.0;;1;1;1;1;1;1;1;1;1;1;1;1;1;1;1;1;1;1;1;1;1;1;1;1;1;1;1;1;1;1;0
60130000;1;05/2015;1;1;115.0;60.0;67.0;10;30;0;0;0;;0;62.5;62.0;62.0;64.5;68.5;69.5;73.5;67.5;65.5;107.0;75.5;80.0;67.5;67.0;66.0;64.5;64.0;64.0;63.0;65.0;65.0;65.0;65.0;64.0;61.5;61.0;61.0;61.0;61.0;60.0;60.0;1;1;1;1;1;1;1;1;1;1;1;1;1;1;1;1;1;1;1;1;1;1;1;1;1;1;1;1;1;1;1
60130000;2;05/2015;1;1;115.0;60.0;67.0;10;30;0;0;0;;0;62.5;62.0;62.0;64.5;68.5;69.5;73.5;67.5;65.5;107.0;75.5;80.0;67.5;67.0;66.0;64.5;64.0;64.0;63.0;65.0;65.0;65.0;65.0;64.0;61.5;61.0;61.0;61.0;61.0;60.0;60.0;1;1;1;1;1;1;1;1;1;1;1;1;1;1;1;1;1;1;1;1;1;1;1;1;1;1;1;1;1;1;1
60130000;2;06/2015;1;1;77.0;56.0;61.0;3;28;0;0;0;;0;60.0;66.0;72.5;65.5;65.0;64.0;64.0;63.0;63.0;61.5;61.0;60.0;60.0;60.0;60.0;60.0;60.0;60.0;60.0;60.0;59.0;59.0;58.5;57.5;57.5;57.5;58.0;56.5;58.0;57.0;;1;1;1;1;1;1;1;1;1;1;1;1;1;1;1;1;1;1;1;1;1;1;1;1;1;1;1;1;1;1;0
60130000;1;06/2015;1;1;77.0;56.0;61.0;3;28;0;0;0;;0;60.0;66.0;72.5;65.5;65.0;64.0;64.0;63.0;63.0;61.5;61.0;60.0;60.0;60.0;60.0;60.0;60.0;60.0;60.0;60.0;59.0;59.0;58.5;57.5;57.5;57.5;58.0;56.5;58.0;57.0;;1;1;1;1;1;1;1;1;1;1;1;1;1;1;1;1;1;1;1;1;1;1;1;1;1;1;1;1;1;1;0
60130000;1;07/2015;1;1;58.0;51.0;54.0;7;26;0;0;0;;0;56.5;56.0;57.0;57.0;57.0;57.0;57.5;57.0;57.0;54.5;55.0;55.0;55.0;55.0;55.0;54.5;54.5;54.5;54.0;54.0;54.0;54.0;52.0;52.0;52.0;51.0;51.0;51.5;51.5;51.0;51.0;1;1;1;1;1;1;1;1;1;1;1;1;1;1;1;1;1;1;1;1;1;1;1;1;1;1;1;1;1;1;1
60130000;2;07/2015;1;1;58.0;51.0;54.0;7;26;0;0;0;;0;56.5;56.0;57.0;57.0;57.0;57.0;57.5;57.0;57.0;54.5;55.0;55.0;55.0;55.0;55.0;54.5;54.5;54.5;54.0;54.0;54.0;54.0;52.0;52.0;52.0;51.0;51.0;51.5;51.5;51.0;51.0;1;1;1;1;1;1;1;1;1;1;1;1;1;1;1;1;1;1;1;1;1;1;1;1;1;1;1;1;1;1;1
60130000;1;08/2015;1;1;50.0;38.0;44.0;1;27;0;0;0;;0;50.0;50.0;49.0;49.0;49.0;48.0;47.0;46.0;45.0;45.0;45.0;45.0;45.0;44.0;43.0;44.0;43.0;42.0;42.0;42.0;42.0;42.0;42.0;42.0;42.0;42.0;38.0;39.5;39.0;39.0;39.0;1;1;1;1;1;1;1;1;1;1;1;1;1;1;1;1;1;1;1;1;1;1;1;1;1;1;1;1;1;1;1
60130000;2;08/2015;1;1;50.0;38.0;44.0;1;27;0;0;0;;0;50.0;50.0;49.0;49.0;49.0;48.0;47.0;46.0;45.0;45.0;45.0;45.0;45.0;44.0;43.0;44.0;43.0;42.0;42.0;42.0;42.0;42.0;42.0;42.0;42.0;42.0;38.0;39.5;39.0;39.0;39.0;1;1;1;1;1;1;1;1;1;1;1;1;1;1;1;1;1;1;1;1;1;1;1;1;1;1;1;1;1;1;1
60130000;1;09/2015;1;1;48.0;32.0;39.0;12;25;0;0;0;;0;38.0;38.0;38.0;38.0;37.0;36.0;36.0;36.0;36.0;47.5;46.5;47.5;46.5;45.5;46.0;43.5;41.5;40.5;39.5;38.5;38.0;38.0;36.0;37.0;32.0;32.0;34.0;34.0;34.0;37.5;;1;1;1;1;1;1;1;1;1;1;1;1;1;1;1;1;1;1;1;1;1;1;1;1;1;1;1;1;1;1;0
60130000;2;09/2015;1;1;48.0;32.0;39.0;12;25;0;0;0;;0;38.0;38.0;38.0;38.0;37.0;36.0;36.0;36.0;36.0;47.5;46.5;47.5;46.5;45.5;46.0;43.5;41.5;40.5;39.5;38.5;38.0;38.0;36.0;37.0;32.0;32.0;34.0;34.0;34.0;37.5;;1;1;1;1;1;1;1;1;1;1;1;1;1;1;1;1;1;1;1;1;1;1;1;1;1;1;1;1;1;1;0
60130000;1;10/2015;1;1;66.0;22.0;33.0;29;25;0;0;0;;0;37.0;35.0;35.0;35.5;37.0;35.0;35.0;34.0;34.0;34.0;32.0;30.0;30.0;30.0;30.0;30.0;30.0;30.0;30.0;30.0;28.0;28.0;30.0;30.0;23.5;24.5;30.5;37.5;53.0;38.0;35.5;1;1;1;1;1;1;1;1;1;1;1;1;1;1;1;1;1;1;1;1;1;1;1;1;1;1;1;1;1;1;1
60130000;2;10/2015;1;1;66.0;22.0;33.0;29;25;0;0;0;;0;37.0;35.0;35.0;35.5;37.0;35.0;35.0;34.0;34.0;34.0;32.0;30.0;30.0;30.0;30.0;30.0;30.0;30.0;30.0;30.0;28.0;28.0;30.0;30.0;23.5;24.5;30.5;37.5;53.0;38.0;35.5;1;1;1;1;1;1;1;1;1;1;1;1;1;1;1;1;1;1;1;1;1;1;1;1;1;1;1;1;1;1;1
60130000;2;11/2015;1;1;73.0;32.0;41.0;1;10;0;0;0;;0;70.5;55.0;66.0;46.0;38.5;35.5;34.0;35.0;33.5;33.0;32.0;32.0;32.0;32.5;34.0;35.0;37.0;38.0;40.5;41.5;42.0;40.0;47.5;58.0;45.5;45.0;41.0;40.0;41.5;40.5;;1;1;1;1;1;1;1;1;1;1;1;1;1;1;1;1;1;1;1;1;1;1;1;1;1;1;1;1;1;1;0
60130000;1;11/2015;1;1;73.0;32.0;41.0;1;10;0;0;0;;0;70.5;55.0;66.0;46.0;38.5;35.5;34.0;35.0;33.5;33.0;32.0;32.0;32.0;32.5;34.0;35.0;37.0;38.0;40.5;41.5;42.0;40.0;47.5;58.0;45.5;45.0;41.0;40.0;41.5;40.5;;1;1;1;1;1;1;1;1;1;1;1;1;1;1;1;1;1;1;1;1;1;1;1;1;1;1;1;1;1;1;0
60130000;2;12/2015;1;1;70.0;40.0;44.0;21;1;0;0;0;;0;40.0;41.5;42.0;41.0;41.5;42.0;40.0;41.0;47.0;46.5;46.0;46.0;45.0;42.0;40.0;40.0;40.0;40.0;40.0;40.0;66.0;58.0;51.5;48.0;42.0;41.0;43.0;42.0;42.5;42.5;42.0;1;1;1;1;1;1;1;1;1;1;1;1;1;1;1;1;1;1;1;1;1;1;1;1;1;1;1;1;1;1;1
60130000;1;12/2015;1;1;70.0;40.0;44.0;21;1;0;0;0;;0;40.0;41.5;42.0;41.0;41.5;42.0;40.0;41.0;47.0;46.5;46.0;46.0;45.0;42.0;40.0;40.0;40.0;40.0;40.0;40.0;66.0;58.0;51.5;48.0;42.0;41.0;43.0;42.0;42.5;42.5;42.0;1;1;1;1;1;1;1;1;1;1;1;1;1;1;1;1;1;1;1;1;1;1;1;1;1;1;1;1;1;1;1
60130000;1;01/2016;1;1;197.0;42.0;86.0;14;2;0;0;0;;0;44.5;42.5;44.0;45.5;44.0;46.0;62.0;97.5;109.0;110.5;117.0;121.5;151.0;164.0;115.0;103.5;94.5;108.5;97.5;88.5;92.0;87.5;80.0;78.0;78.5;76.0;75.0;75.0;73.0;72.0;70.0;1;1;1;1;1;1;1;1;1;1;1;1;1;1;1;1;1;1;1;1;1;1;1;1;1;1;1;1;1;1;1
60130000;2;01/2016;1;1;197.0;42.0;86.0;14;2;0;0;0;;0;44.5;42.5;44.0;45.5;44.0;46.0;62.0;97.5;109.0;110.5;117.0;121.5;151.0;164.0;115.0;103.5;94.5;108.5;97.5;88.5;92.0;87.5;80.0;78.0;78.5;76.0;75.0;75.0;73.0;72.0;70.0;1;1;1;1;1;1;1;1;1;1;1;1;1;1;1;1;1;1;1;1;1;1;1;1;1;1;1;1;1;1;1
60130000;2;02/2016;1;1;69.0;60.0;65.0;11;24;0;0;0;;0;68.0;68.0;68.0;68.0;68.0;66.0;66.0;68.0;67.0;67.0;69.0;68.0;66.0;67.0;66.0;65.0;65.0;65.0;62.0;63.0;61.0;61.0;61.0;60.0;62.0;68.0;64.0;63.5;62.0;;;1;1;1;1;1;1;1;1;1;1;1;1;1;1;1;1;1;1;1;1;1;1;1;1;1;1;1;1;1;0;0
60130000;1;02/2016;1;1;69.0;60.0;65.0;11;24;0;0;0;;0;68.0;68.0;68.0;68.0;68.0;66.0;66.0;68.0;67.0;67.0;69.0;68.0;66.0;67.0;66.0;65.0;65.0;65.0;62.0;63.0;61.0;61.0;61.0;60.0;62.0;68.0;64.0;63.5;62.0;;;1;1;1;1;1;1;1;1;1;1;1;1;1;1;1;1;1;1;1;1;1;1;1;1;1;1;1;1;1;0;0
60130000;2;03/2016;1;1;118.0;60.0;72.0;25;23;2;2;2;;0;64.5;79.0;69.5;68.5;67.0;67.5;65.5;91.5;88.0;80.0;72.5;71.0;71.5;73.5;71.5;69.5;70.0;69.5;68.5;67.5;66.5;65.5;60.0;86.0;96.0;71.0;74.0;69.5;68.0;67.0;67.0;;;;;;;;;;;;;;;;;;;;;;;;;;;;;2;;
60130000;1;03/2016;1;1;118.0;60.0;72.0;25;23;2;2;2;;0;64.5;79.0;69.5;68.5;67.0;67.5;65.5;91.5;88.0;80.0;72.5;71.0;71.5;73.5;71.5;69.5;70.0;69.5;68.5;67.5;66.5;65.5;60.0;86.0;96.0;71.0;74.0;69.5;68.0;67.0;67.0;;;;;;;;;;;;;;;;;;;;;;;;;;;;;2;;
60130000;2;04/2016;1;1;72.0;51.0;59.0;3;25;0;0;0;;0;64.5;64.0;70.0;67.0;63.0;61.0;61.0;61.0;60.0;59.0;58.0;68.0;67.0;66.0;63.0;61.0;57.5;60.5;58.0;57.0;54.0;54.5;53.0;52.5;51.0;51.0;53.5;51.5;51.0;51.0;;1;1;1;1;1;1;1;1;1;1;1;1;1;1;1;1;1;1;1;1;1;1;1;1;1;1;1;1;1;1;0
60130000;1;04/2016;1;1;72.0;51.0;59.0;3;25;0;0;0;;0;64.5;64.0;70.0;67.0;63.0;61.0;61.0;61.0;60.0;59.0;58.0;68.0;67.0;66.0;63.0;61.0;57.5;60.5;58.0;57.0;54.0;54.5;53.0;52.5;51.0;51.0;53.5;51.5;51.0;51.0;;1;1;1;1;1;1;1;1;1;1;1;1;1;1;1;1;1;1;1;1;1;1;1;1;1;1;1;1;1;1;0
60130000;2;05/2016;1;1;56.0;50.0;51.0;18;6;0;0;0;;0;52.0;52.0;52.0;52.0;51.0;50.0;50.0;50.0;50.0;50.0;50.0;50.0;51.0;51.0;50.0;51.0;51.0;55.0;53.0;52.0;52.0;53.0;52.0;52.0;52.0;51.5;52.0;51.0;50.0;50.0;50.0;1;1;1;1;1;1;1;1;1;1;1;1;1;1;1;1;1;1;1;1;1;1;1;1;1;1;1;1;1;1;1
60130000;1;05/2016;1;1;56.0;50.0;51.0;18;6;0;0;0;;0;52.0;52.0;52.0;52.0;51.0;50.0;50.0;50.0;50.0;50.0;50.0;50.0;51.0;51.0;50.0;51.0;51.0;55.0;53.0;52.0;52.0;53.0;52.0;52.0;52.0;51.5;52.0;51.0;50.0;50.0;50.0;1;1;1;1;1;1;1;1;1;1;1;1;1;1;1;1;1;1;1;1;1;1;1;1;1;1;1;1;1;1;1
60130000;1;06/2016;1;1;52.0;40.0;46.0;7;21;0;0;0;;0;50.0;50.0;50.0;50.0;50.0;49.0;52.0;50.5;49.5;49.5;47.5;47.0;47.0;47.0;47.0;46.5;46.5;46.5;46.0;43.5;43.0;42.5;42.5;42.5;42.0;41.0;41.0;41.0;40.0;40.0;;1;1;1;1;1;1;1;1;1;1;1;1;1;1;1;1;1;1;1;1;1;1;1;1;1;1;1;1;1;1;0
60130000;2;06/2016;1;1;52.0;40.0;46.0;7;21;0;0;0;;0;50.0;50.0;50.0;50.0;50.0;49.0;52.0;50.5;49.5;49.5;47.5;47.0;47.0;47.0;47.0;46.5;46.5;46.5;46.0;43.5;43.0;42.5;42.5;42.5;42.0;41.0;41.0;41.0;40.0;40.0;;1;1;1;1;1;1;1;1;1;1;1;1;1;1;1;1;1;1;1;1;1;1;1;1;1;1;1;1;1;1;0
60130000;1;07/2016;1;1;43.0;36.0;40.0;3;31;0;0;0;;0;40.0;40.0;42.5;40.5;41.0;41.0;41.0;41.0;41.0;41.0;41.0;41.0;41.0;40.0;40.0;40.0;40.0;40.0;40.0;40.0;40.0;40.0;40.0;40.0;40.0;40.0;40.0;40.0;40.0;40.0;36.5;1;1;1;1;1;1;1;1;1;1;1;1;1;1;1;1;1;1;1;1;1;1;1;1;1;1;1;1;1;1;1
60130000;2;07/2016;1;1;43.0;36.0;40.0;3;31;0;0;0;;0;40.0;40.0;42.5;40.5;41.0;41.0;41.0;41.0;41.0;41.0;41.0;41.0;41.0;40.0;40.0;40.0;40.0;40.0;40.0;40.0;40.0;40.0;40.0;40.0;40.0;40.0;40.0;40.0;40.0;40.0;36.5;1;1;1;1;1;1;1;1;1;1;1;1;1;1;1;1;1;1;1;1;1;1;1;1;1;1;1;1;1;1;1
60130000;1;08/2016;1;1;37.0;30.0;35.0;1;30;0;0;0;;0;37.0;37.0;37.0;36.5;37.0;37.0;37.0;36.0;36.0;36.0;35.0;35.0;34.0;34.0;35.0;34.0;34.0;32.0;32.0;34.0;35.0;34.5;34.0;33.5;32.5;35.0;35.0;34.5;34.0;30.0;31.0;1;1;1;1;1;1;1;1;1;1;1;1;1;1;1;1;1;1;1;1;1;1;1;1;1;1;1;1;1;1;1
60130000;2;08/2016;1;1;37.0;30.0;35.0;1;30;0;0;0;;0;37.0;37.0;37.0;36.5;37.0;37.0;37.0;36.0;36.0;36.0;35.0;35.0;34.0;34.0;35.0;34.0;34.0;32.0;32.0;34.0;35.0;34.5;34.0;33.5;32.5;35.0;35.0;34.5;34.0;30.0;31.0;1;1;1;1;1;1;1;1;1;1;1;1;1;1;1;1;1;1;1;1;1;1;1;1;1;1;1;1;1;1;1
60130000;1;09/2016;1;1;32.0;20.0;27.0;1;23;0;0;0;;0;31.5;30.0;30.0;30.0;30.0;29.0;28.0;31.0;31.0;30.0;30.0;30.0;30.0;26.5;26.0;25.0;26.0;26.0;27.0;27.5;25.0;21.0;20.0;23.0;26.5;26.5;23.0;23.5;25.0;23.5;;1;1;1;1;1;1;1;1;1;1;1;1;1;1;1;1;1;1;1;1;1;1;1;1;1;1;1;1;1;1;0
60130000;2;09/2016;1;1;32.0;20.0;27.0;1;23;0;0;0;;0;31.5;30.0;30.0;30.0;30.0;29.0;28.0;31.0;31.0;30.0;30.0;30.0;30.0;26.5;26.0;25.0;26.0;26.0;27.0;27.5;25.0;21.0;20.0;23.0;26.5;26.5;23.0;23.5;25.0;23.5;;1;1;1;1;1;1;1;1;1;1;1;1;1;1;1;1;1;1;1;1;1;1;1;1;1;1;1;1;1;1;0
60130000;1;10/2016;1;1;43.0;20.0;31.0;20;2;0;0;0;;0;21.5;20.0;22.0;22.0;28.0;26.0;25.5;26.5;26.0;26.5;27.5;33.0;37.0;35.5;34.5;36.0;35.5;40.5;41.0;40.5;37.5;37.0;34.5;31.5;30.5;29.0;28.5;27.5;27.0;28.5;30.0;1;1;1;1;1;1;1;1;1;1;1;1;1;1;1;1;1;1;1;1;1;1;1;1;1;1;1;1;1;1;1
60130000;2;10/2016;1;1;43.0;20.0;31.0;20;2;0;0;0;;0;21.5;20.0;22.0;22.0;28.0;26.0;25.5;26.5;26.0;26.5;27.5;33.0;37.0;35.5;34.5;36.0;35.5;40.5;41.0;40.5;37.5;37.0;34.5;31.5;30.5;29.0;28.5;27.5;27.0;28.5;30.0;1;1;1;1;1;1;1;1;1;1;1;1;1;1;1;1;1;1;1;1;1;1;1;1;1;1;1;1;1;1;1
60130000;1;11/2016;1;1;55.0;30.0;41.0;22;4;0;0;0;;0;36.5;34.0;32.5;32.0;39.0;40.0;36.0;33.0;31.5;34.5;37.0;35.5;37.5;39.5;41.0;40.5;41.0;41.5;43.0;51.0;51.5;54.5;44.5;43.5;44.5;47.5;47.5;50.0;51.0;51.5;;1;1;1;1;1;1;1;1;1;1;1;1;1;1;1;1;1;1;1;1;1;1;1;1;1;1;1;1;1;1;0
60130000;2;11/2016;1;1;55.0;30.0;41.0;22;4;0;0;0;;0;36.5;34.0;32.5;32.0;39.0;40.0;36.0;33.0;31.5;34.5;37.0;35.5;37.5;39.5;41.0;40.5;41.0;41.5;43.0;51.0;51.5;54.5;44.5;43.5;44.5;47.5;47.5;50.0;51.0;51.5;;1;1;1;1;1;1;1;1;1;1;1;1;1;1;1;1;1;1;1;1;1;1;1;1;1;1;1;1;1;1;0
60130000;2;12/2016;1;1;78.0;50.0;59.0;1;8;0;0;0;;0;75.0;51.5;51.5;69.5;64.5;64.5;61.0;50.5;51.5;65.5;57.0;51.5;50.0;51.5;70.0;71.5;77.5;68.5;50.5;58.5;53.5;54.5;55.0;55.5;54.5;53.5;54.5;55.0;59.0;56.0;52.0;1;1;1;1;1;1;1;1;1;1;1;1;1;1;1;1;1;1;1;1;1;1;1;1;1;1;1;1;1;1;1
60130000;1;12/2016;1;1;78.0;50.0;59.0;1;8;0;0;0;;0;75.0;51.5;51.5;69.5;64.5;64.5;61.0;50.5;51.5;65.5;57.0;51.5;50.0;51.5;70.0;71.5;77.5;68.5;50.5;58.5;53.5;54.5;55.0;55.5;54.5;53.5;54.5;55.0;59.0;56.0;52.0;1;1;1;1;1;1;1;1;1;1;1;1;1;1;1;1;1;1;1;1;1;1;1;1;1;1;1;1;1;1;1
60130000;1;01/2017;1;1;70.0;50.0;55.0;4;1;0;0;0;;0;51.0;50.5;55.0;69.0;56.5;55.5;56.0;54.5;54.0;52.5;55.0;52.5;51.5;54.5;54.5;54.5;56.0;55.0;55.0;55.0;57.5;54.5;54.5;61.5;55.5;54.0;54.0;51.0;53.0;52.0;51.0;1;1;1;1;1;1;1;1;1;1;1;1;1;1;1;1;1;1;1;1;1;1;1;1;1;1;1;1;1;1;1
60130000;2;01/2017;1;1;70.0;50.0;55.0;4;1;0;0;0;;0;51.0;50.5;55.0;69.0;56.5;55.5;56.0;54.5;54.0;52.5;55.0;52.5;51.5;54.5;54.5;54.5;56.0;55.0;55.0;55.0;57.5;54.5;54.5;61.5;55.5;54.0;54.0;51.0;53.0;52.0;51.0;1;1;1;1;1;1;1;1;1;1;1;1;1;1;1;1;1;1;1;1;1;1;1;1;1;1;1;1;1;1;1
60130000;2;02/2017;1;1;98.0;46.0;58.0;5;19;0;0;0;;0;62.0;58.0;59.0;70.0;98.0;78.0;76.0;72.0;64.0;63.0;59.0;54.0;53.0;49.0;49.0;48.0;48.0;47.0;46.0;50.0;53.0;54.0;54.0;54.0;54.0;53.0;53.0;53.0;;;;1;1;1;1;1;1;1;1;1;1;1;1;1;1;1;1;1;1;1;1;1;1;1;1;1;1;1;1;0;0;0
60130000;1;02/2017;1;1;98.0;46.0;58.0;5;19;0;0;0;;0;62.0;58.0;59.0;70.0;98.0;78.0;76.0;72.0;64.0;63.0;59.0;54.0;53.0;49.0;49.0;48.0;48.0;47.0;46.0;50.0;53.0;54.0;54.0;54.0;54.0;53.0;53.0;53.0;;;;1;1;1;1;1;1;1;1;1;1;1;1;1;1;1;1;1;1;1;1;1;1;1;1;1;1;1;1;0;0;0
60130000;2;03/2017;1;1;110.0;49.0;54.0;5;29;0;0;0;;0;54.0;54.0;53.0;53.0;104.0;62.5;63.5;50.5;56.5;55.0;56.0;54.0;54.0;54.0;52.0;51.0;50.5;50.0;50.0;50.5;50.0;50.5;50.5;51.0;50.0;49.5;50.5;49.5;49.0;49.0;49.0;1;1;1;1;1;1;1;1;1;1;1;1;1;1;1;1;1;1;1;1;1;1;1;1;1;1;1;1;1;1;1
60130000;1;03/2017;1;1;110.0;49.0;54.0;5;29;0;0;0;;0;54.0;54.0;53.0;53.0;104.0;62.5;63.5;50.5;56.5;55.0;56.0;54.0;54.0;54.0;52.0;51.0;50.5;50.0;50.0;50.5;50.0;50.5;50.5;51.0;50.0;49.5;50.5;49.5;49.0;49.0;49.0;1;1;1;1;1;1;1;1;1;1;1;1;1;1;1;1;1;1;1;1;1;1;1;1;1;1;1;1;1;1;1
60130000;2;04/2017;1;1;50.0;40.0;44.0;8;13;0;0;0;;0;47.5;46.5;46.5;46.5;47.0;46.0;49.0;50.0;47.0;46.0;46.0;46.0;41.0;40.0;40.0;40.0;40.0;41.0;41.0;41.0;41.0;43.0;43.0;40.0;43.0;45.0;45.0;45.0;45.0;46.0;;1;1;1;1;1;1;1;1;1;1;1;1;1;1;1;1;1;1;1;1;1;1;1;1;1;1;1;1;1;1;0
60130000;1;04/2017;1;1;50.0;40.0;44.0;8;13;0;0;0;;0;47.5;46.5;46.5;46.5;47.0;46.0;49.0;50.0;47.0;46.0;46.0;46.0;41.0;40.0;40.0;40.0;40.0;41.0;41.0;41.0;41.0;43.0;43.0;40.0;43.0;45.0;45.0;45.0;45.0;46.0;;1;1;1;1;1;1;1;1;1;1;1;1;1;1;1;1;1;1;1;1;1;1;1;1;1;1;1;1;1;1;0
60130000;1;05/2017;1;1;47.0;39.0;43.0;1;16;0;0;0;;0;46.5;45.0;45.0;42.0;41.5;41.0;41.0;40.0;40.0;40.0;40.0;40.5;40.5;40.5;42.0;39.5;39.0;40.5;41.5;45.0;46.0;45.0;45.0;45.5;46.0;46.0;46.5;43.5;44.5;43.0;43.0;1;1;1;1;1;1;1;1;1;1;1;1;1;1;1;1;1;1;1;1;1;1;1;1;1;1;1;1;1;1;1
60130000;2;05/2017;1;1;47.0;39.0;43.0;1;16;0;0;0;;0;46.5;45.0;45.0;42.0;41.5;41.0;41.0;40.0;40.0;40.0;40.0;40.5;40.5;40.5;42.0;39.5;39.0;40.5;41.5;45.0;46.0;45.0;45.0;45.5;46.0;46.0;46.5;43.5;44.5;43.0;43.0;1;1;1;1;1;1;1;1;1;1;1;1;1;1;1;1;1;1;1;1;1;1;1;1;1;1;1;1;1;1;1
60130000;1;06/2017;1;1;47.0;33.0;38.0;1;18;0;0;0;;0;46.5;46.5;45.5;45.0;45.0;45.0;45.0;45.0;45.0;37.0;35.5;35.5;35.5;35.5;35.5;35.0;34.0;33.5;34.0;34.5;35.5;35.5;36.0;36.5;36.0;36.0;36.0;36.0;36.0;36.5;;1;1;1;1;1;1;1;1;1;1;1;1;1;1;1;1;1;1;1;1;1;1;1;1;1;1;1;1;1;1;0
60130000;2;06/2017;1;1;47.0;33.0;38.0;1;18;0;0;0;;0;46.5;46.5;45.5;45.0;45.0;45.0;45.0;45.0;45.0;37.0;35.5;35.5;35.5;35.5;35.5;35.0;34.0;33.5;34.0;34.5;35.5;35.5;36.0;36.5;36.0;36.0;36.0;36.0;36.0;36.5;;1;1;1;1;1;1;1;1;1;1;1;1;1;1;1;1;1;1;1;1;1;1;1;1;1;1;1;1;1;1;0
60130000;1;07/2017;1;1;36.0;30.0;33.0;1;27;0;0;0;;0;36.0;36.0;35.0;35.0;35.0;35.0;35.0;35.0;35.0;33.0;34.0;34.0;34.0;33.0;33.0;32.0;33.0;34.0;31.5;32.0;32.0;32.0;32.0;31.5;31.0;31.0;30.0;30.0;30.5;30.0;30.0;1;1;1;1;1;1;1;1;1;1;1;1;1;1;1;1;1;1;1;1;1;1;1;1;1;1;1;1;1;1;1
60130000;2;07/2017;1;1;36.0;30.0;33.0;1;27;0;0;0;;0;36.0;36.0;35.0;35.0;35.0;35.0;35.0;35.0;35.0;33.0;34.0;34.0;34.0;33.0;33.0;32.0;33.0;34.0;31.5;32.0;32.0;32.0;32.0;31.5;31.0;31.0;30.0;30.0;30.5;30.0;30.0;1;1;1;1;1;1;1;1;1;1;1;1;1;1;1;1;1;1;1;1;1;1;1;1;1;1;1;1;1;1;1
60130000;1;08/2017;1;1;30.0;23.0;26.0;1;18;0;0;0;;0;30.0;30.0;30.0;30.0;29.0;29.0;29.0;28.5;29.0;29.0;28.0;24.0;25.0;25.0;25.0;25.0;25.0;23.5;24.0;23.0;24.0;24.0;24.0;24.0;24.0;24.0;24.0;24.0;23.0;23.0;23.0;1;1;1;1;1;1;1;1;1;1;1;1;1;1;1;1;1;1;1;1;1;1;1;1;1;1;1;1;1;1;1
60130000;2;08/2017;1;1;30.0;23.0;26.0;1;18;0;0;0;;0;30.0;30.0;30.0;30.0;29.0;29.0;29.0;28.5;29.0;29.0;28.0;24.0;25.0;25.0;25.0;25.0;25.0;23.5;24.0;23.0;24.0;24.0;24.0;24.0;24.0;24.0;24.0;24.0;23.0;23.0;23.0;1;1;1;1;1;1;1;1;1;1;1;1;1;1;1;1;1;1;1;1;1;1;1;1;1;1;1;1;1;1;1
60130000;1;09/2017;1;1;27.0;22.0;24.0;24;11;0;0;0;;0;23.0;23.0;23.0;23.0;23.0;23.0;23.0;23.0;23.0;23.0;22.5;22.0;22.0;22.0;23.0;23.0;23.0;23.5;23.0;23.0;24.0;24.0;26.0;26.5;26.5;26.5;26.5;27.0;27.0;27.0;;1;1;1;1;1;1;1;1;1;1;1;1;1;1;1;1;1;1;1;1;1;1;1;1;1;1;1;1;1;1;0
60130000;2;09/2017;1;1;27.0;22.0;24.0;24;11;0;0;0;;0;23.0;23.0;23.0;23.0;23.0;23.0;23.0;23.0;23.0;23.0;22.5;22.0;22.0;22.0;23.0;23.0;23.0;23.5;23.0;23.0;24.0;24.0;26.0;26.5;26.5;26.5;26.5;27.0;27.0;27.0;;1;1;1;1;1;1;1;1;1;1;1;1;1;1;1;1;1;1;1;1;1;1;1;1;1;1;1;1;1;1;0
60130000;2;10/2017;1;1;31.0;20.0;24.0;4;21;0;0;0;;0;28.0;28.5;27.5;31.0;28.5;27.5;27.5;25.5;23.5;22.0;22.5;22.0;23.0;22.0;23.0;22.5;22.0;21.0;21.0;21.0;20.0;20.0;20.0;20.0;20.0;20.0;21.5;24.5;26.0;27.0;27.0;1;1;1;1;1;1;1;1;1;1;1;1;1;1;1;1;1;1;1;1;1;1;1;1;1;1;1;1;1;1;1
60130000;1;10/2017;1;1;31.0;20.0;24.0;4;21;0;0;0;;0;28.0;28.5;27.5;31.0;28.5;27.5;27.5;25.5;23.5;22.0;22.5;22.0;23.0;22.0;23.0;22.5;22.0;21.0;21.0;21.0;20.0;20.0;20.0;20.0;20.0;20.0;21.5;24.5;26.0;27.0;27.0;1;1;1;1;1;1;1;1;1;1;1;1;1;1;1;1;1;1;1;1;1;1;1;1;1;1;1;1;1;1;1
60130000;1;11/2017;1;1;42.0;26.0;32.0;5;1;0;0;0;;0;26.0;27.0;30.5;34.5;40.5;32.0;32.0;32.0;31.0;36.0;37.0;33.0;31.0;30.0;36.0;32.0;32.0;32.0;31.0;32.0;33.0;32.0;32.0;32.0;32.0;32.5;33.0;32.0;32.0;33.0;;1;1;1;1;1;1;1;1;1;1;1;1;1;1;1;1;1;1;1;1;1;1;1;1;1;1;1;1;1;1;0
60130000;2;11/2017;1;1;42.0;26.0;32.0;5;1;0;0;0;;0;26.0;27.0;30.5;34.5;40.5;32.0;32.0;32.0;31.0;36.0;37.0;33.0;31.0;30.0;36.0;32.0;32.0;32.0;31.0;32.0;33.0;32.0;32.0;32.0;32.0;32.5;33.0;32.0;32.0;33.0;;1;1;1;1;1;1;1;1;1;1;1;1;1;1;1;1;1;1;1;1;1;1;1;1;1;1;1;1;1;1;0
60130000;1;12/2017;1;1;58.0;36.0;48.0;11;1;0;0;0;;0;37.0;37.5;41.5;40.5;39.5;48.5;51.5;55.0;50.0;50.0;57.5;54.5;52.5;51.5;50.0;50.5;49.5;50.0;49.5;48.5;46.5;46.0;45.5;44.5;44.5;44.5;46.0;46.0;46.5;48.0;49.5;1;1;1;1;1;1;1;1;1;1;1;1;1;1;1;1;1;1;1;1;1;1;1;1;1;1;1;1;1;1;1
60130000;2;12/2017;1;1;58.0;36.0;48.0;11;1;0;0;0;;0;37.0;37.5;41.5;40.5;39.5;48.5;51.5;55.0;50.0;50.0;57.5;54.5;52.5;51.5;50.0;50.5;49.5;50.0;49.5;48.5;46.5;46.0;45.5;44.5;44.5;44.5;46.0;46.0;46.5;48.0;49.5;1;1;1;1;1;1;1;1;1;1;1;1;1;1;1;1;1;1;1;1;1;1;1;1;1;1;1;1;1;1;1
60130000;2;01/2018;1;1;63.0;40.0;48.0;5;27;0;0;0;;0;53.0;52.0;55.0;58.5;57.5;57.5;56.0;53.0;52.0;50.0;47.5;47.0;46.5;47.0;46.5;47.5;47.5;46.5;46.0;45.5;45.5;45.5;46.0;46.0;48.5;43.5;41.0;41.0;41.0;42.0;45.5;;;;;;;;;;;;;;;;;;;;;;;;;;;;;;;
60130000;1;01/2018;1;1;63.0;40.0;48.0;5;27;0;0;0;;0;53.0;52.0;55.0;58.5;57.5;57.5;56.0;53.0;52.0;50.0;47.5;47.0;46.5;47.0;46.5;47.5;47.5;46.5;46.0;45.5;45.5;45.5;46.0;46.0;48.5;43.5;41.0;41.0;41.0;42.0;45.5;;;;;;;;;;;;;;;;;;;;;;;;;;;;;;;
60130000;2;02/2018;1;1;55.0;44.0;47.0;1;17;0;0;0;;0;54.5;52.5;51.5;50.0;50.0;50.5;50.0;48.5;48.5;47.5;47.0;47.0;46.5;47.5;47.5;46.5;44.5;44.5;44.5;44.5;45.0;45.0;46.0;44.5;45.5;45.5;45.5;44.5;;;;1;1;1;1;1;1;1;1;1;1;1;1;1;1;1;1;1;1;1;1;1;1;1;1;1;1;1;1;0;0;0
60130000;1;02/2018;1;1;55.0;44.0;47.0;1;17;0;0;0;;0;54.5;52.5;51.5;50.0;50.0;50.5;50.0;48.5;48.5;47.5;47.0;47.0;46.5;47.5;47.5;46.5;44.5;44.5;44.5;44.5;45.0;45.0;46.0;44.5;45.5;45.5;45.5;44.5;;;;1;1;1;1;1;1;1;1;1;1;1;1;1;1;1;1;1;1;1;1;1;1;1;1;1;1;1;1;0;0;0
60130000;1;03/2018;1;1;67.0;45.0;54.0;12;27;0;0;0;;0;57.0;56.0;64.5;58.5;55.0;55.0;60.5;64.5;62.5;54.5;62.5;66.0;57.0;56.5;54.5;55.0;55.5;55.0;55.0;55.0;53.0;52.5;48.5;48.5;47.5;46.0;45.0;45.0;45.0;45.5;45.0;1;1;1;1;1;1;1;1;1;1;1;1;1;1;1;1;1;1;1;1;1;1;1;1;1;1;1;1;1;1;1
60130000;2;03/2018;1;1;67.0;45.0;54.0;12;27;0;0;0;;0;57.0;56.0;64.5;58.5;55.0;55.0;60.5;64.5;62.5;54.5;62.5;66.0;57.0;56.5;54.5;55.0;55.5;55.0;55.0;55.0;53.0;52.5;48.5;48.5;47.5;46.0;45.0;45.0;45.0;45.5;45.0;1;1;1;1;1;1;1;1;1;1;1;1;1;1;1;1;1;1;1;1;1;1;1;1;1;1;1;1;1;1;1
60130000;2;04/2018;1;1;64.0;40.0;50.0;6;17;0;0;0;;0;45.5;49.5;52.0;54.5;58.5;63.0;61.0;55.5;54.0;54.0;54.0;53.0;52.0;52.0;51.5;52.0;40.5;42.5;42.0;45.0;47.0;50.0;50.5;48.5;48.5;46.5;46.5;47.0;47.0;47.0;;1;1;1;1;1;1;1;1;1;1;1;1;1;1;1;1;1;1;1;1;1;1;1;1;1;1;1;1;1;1;0
60130000;1;04/2018;1;1;64.0;40.0;50.0;6;17;0;0;0;;0;45.5;49.5;52.0;54.5;58.5;63.0;61.0;55.5;54.0;54.0;54.0;53.0;52.0;52.0;51.5;52.0;40.5;42.5;42.0;45.0;47.0;50.0;50.5;48.5;48.5;46.5;46.5;47.0;47.0;47.0;;1;1;1;1;1;1;1;1;1;1;1;1;1;1;1;1;1;1;1;1;1;1;1;1;1;1;1;1;1;1;0
60130000;2;05/2018;1;1;50.0;44.0;46.0;20;3;0;0;0;;0;46.0;45.5;44.0;45.0;46.0;46.0;45.0;44.5;44.5;44.5;45.5;45.5;45.0;46.0;46.0;46.0;46.0;46.5;48.0;50.0;48.5;47.5;46.0;46.0;46.0;46.0;46.0;46.0;46.0;46.0;46.0;1;1;1;1;1;1;1;1;1;1;1;1;1;1;1;1;1;1;1;1;1;1;1;1;1;1;1;1;1;1;1
60130000;1;05/2018;1;1;50.0;44.0;46.0;20;3;0;0;0;;0;46.0;45.5;44.0;45.0;46.0;46.0;45.0;44.5;44.5;44.5;45.5;45.5;45.0;46.0;46.0;46.0;46.0;46.5;48.0;50.0;48.5;47.5;46.0;46.0;46.0;46.0;46.0;46.0;46.0;46.0;46.0;1;1;1;1;1;1;1;1;1;1;1;1;1;1;1;1;1;1;1;1;1;1;1;1;1;1;1;1;1;1;1
60130000;2;06/2018;1;1;49.0;36.0;39.0;1;27;0;0;0;;0;47.0;45.5;43.0;41.5;41.0;41.0;40.5;40.0;38.5;38.0;38.0;38.0;38.0;38.0;38.0;38.5;39.5;39.0;38.0;37.5;37.0;37.0;37.0;37.0;37.0;37.0;36.0;36.0;38.0;37.0;;1;1;1;1;1;1;1;1;1;1;1;1;1;1;1;1;1;1;1;1;1;1;1;1;1;1;1;1;1;1;0
60130000;1;06/2018;1;1;49.0;36.0;39.0;1;27;0;0;0;;0;47.0;45.5;43.0;41.5;41.0;41.0;40.5;40.0;38.5;38.0;38.0;38.0;38.0;38.0;38.0;38.5;39.5;39.0;38.0;37.5;37.0;37.0;37.0;37.0;37.0;37.0;36.0;36.0;38.0;37.0;;1;1;1;1;1;1;1;1;1;1;1;1;1;1;1;1;1;1;1;1;1;1;1;1;1;1;1;1;1;1;0
60130000;1;07/2018;1;1;54.0;30.0;34.0;19;21;0;0;0;;0;36.5;36.0;36.0;36.0;36.0;36.0;36.0;36.0;36.0;36.5;36.5;36.5;36.5;37.0;36.5;36.5;36.5;34.5;53.0;31.5;30.0;30.0;30.0;30.0;30.0;30.0;31.0;31.0;31.0;30.0;30.0;1;1;1;1;1;1;1;1;1;1;1;1;1;1;1;1;1;1;1;1;1;1;1;1;1;1;1;1;1;1;1
60130000;2;07/2018;1;1;54.0;30.0;34.0;19;21;0;0;0;;0;36.5;36.0;36.0;36.0;36.0;36.0;36.0;36.0;36.0;36.5;36.5;36.5;36.5;37.0;36.5;36.5;36.5;34.5;53.0;31.5;30.0;30.0;30.0;30.0;30.0;30.0;31.0;31.0;31.0;30.0;30.0;1;1;1;1;1;1;1;1;1;1;1;1;1;1;1;1;1;1;1;1;1;1;1;1;1;1;1;1;1;1;1
60130000;1;08/2018;1;1;33.0;30.0;32.0;17;3;0;0;0;;0;32.0;32.0;30.5;30.5;30.5;30.0;30.0;32.0;32.0;32.0;32.0;32.0;32.0;32.0;32.0;32.5;33.0;33.0;32.5;32.5;32.5;32.0;32.0;31.0;30.5;32.5;32.0;30.5;30.5;30.0;30.0;1;1;1;1;1;1;1;1;1;1;1;1;1;1;1;1;1;1;1;1;1;1;1;1;1;1;1;1;1;1;1
60130000;2;08/2018;1;1;33.0;30.0;32.0;17;3;0;0;0;;0;32.0;32.0;30.5;30.5;30.5;30.0;30.0;32.0;32.0;32.0;32.0;32.0;32.0;32.0;32.0;32.5;33.0;33.0;32.5;32.5;32.5;32.0;32.0;31.0;30.5;32.5;32.0;30.5;30.5;30.0;30.0;1;1;1;1;1;1;1;1;1;1;1;1;1;1;1;1;1;1;1;1;1;1;1;1;1;1;1;1;1;1;1
60130000;2;09/2018;1;1;36.0;26.0;30.0;19;12;0;0;0;;0;32.0;31.0;30.0;30.0;30.0;30.0;30.0;30.0;30.0;30.0;27.5;26.5;26.5;26.5;27.0;27.5;27.5;28.5;36.0;33.0;31.0;30.0;30.0;30.0;30.0;30.0;30.0;32.0;32.0;32.0;;1;1;1;1;1;1;1;1;1;1;1;1;1;1;1;1;1;1;1;1;1;1;1;1;1;1;1;1;1;1;0
60130000;1;09/2018;1;1;36.0;26.0;30.0;19;12;0;0;0;;0;32.0;31.0;30.0;30.0;30.0;30.0;30.0;30.0;30.0;30.0;27.5;26.5;26.5;26.5;27.0;27.5;27.5;28.5;36.0;33.0;31.0;30.0;30.0;30.0;30.0;30.0;30.0;32.0;32.0;32.0;;1;1;1;1;1;1;1;1;1;1;1;1;1;1;1;1;1;1;1;1;1;1;1;1;1;1;1;1;1;1;0
60130000;1;10/2018;1;1;42.0;26.0;34.0;29;1;0;0;0;;0;26.5;27.5;28.0;29.0;29.0;33.5;38.5;34.0;33.0;33.0;31.0;31.0;30.0;30.0;30.0;30.0;30.0;32.0;33.0;34.0;40.0;40.0;40.0;40.0;40.5;39.5;39.5;38.5;42.0;42.0;42.0;1;1;1;1;1;1;1;1;1;1;1;1;1;1;1;1;1;1;1;1;1;1;1;1;1;1;1;1;1;1;1
60130000;2;10/2018;1;1;42.0;26.0;34.0;29;1;0;0;0;;0;26.5;27.5;28.0;29.0;29.0;33.5;38.5;34.0;33.0;33.0;31.0;31.0;30.0;30.0;30.0;30.0;30.0;32.0;33.0;34.0;40.0;40.0;40.0;40.0;40.5;39.5;39.5;38.5;42.0;42.0;42.0;1;1;1;1;1;1;1;1;1;1;1;1;1;1;1;1;1;1;1;1;1;1;1;1;1;1;1;1;1;1;1
60130000;1;11/2018;1;1;105.0;30.0;56.0;3;1;0;0;0;;0;31.0;37.0;102.5;70.0;52.0;52.5;50.0;76.5;46.5;46.5;46.0;49.0;56.0;59.0;62.0;61.0;55.0;61.0;49.0;51.5;51.0;64.5;71.5;59.0;57.5;54.5;54.5;54.5;54.5;54.5;;1;1;1;1;1;1;1;1;1;1;1;1;1;1;1;1;1;1;1;1;1;1;1;1;1;1;1;1;1;1;0
60130000;2;11/2018;1;1;105.0;30.0;56.0;3;1;0;0;0;;0;31.0;37.0;102.5;70.0;52.0;52.5;50.0;76.5;46.5;46.5;46.0;49.0;56.0;59.0;62.0;61.0;55.0;61.0;49.0;51.5;51.0;64.5;71.5;59.0;57.5;54.5;54.5;54.5;54.5;54.5;;1;1;1;1;1;1;1;1;1;1;1;1;1;1;1;1;1;1;1;1;1;1;1;1;1;1;1;1;1;1;0
60130000;1;12/2018;1;1;86.0;50.0;55.0;30;4;0;0;0;;0;53.5;53.0;53.0;50.0;50.0;51.0;51.0;50.0;50.0;50.0;50.0;56.5;59.0;60.0;60.0;55.0;55.0;56.0;54.0;54.0;54.0;54.0;52.5;52.0;51.0;55.5;57.0;57.0;57.0;79.5;61.5;1;1;1;1;1;1;1;1;1;1;1;1;1;1;1;1;1;1;1;1;1;1;1;1;1;1;1;1;1;1;1
60130000;2;12/2018;1;1;86.0;50.0;55.0;30;4;0;0;0;;0;53.5;53.0;53.0;50.0;50.0;51.0;51.0;50.0;50.0;50.0;50.0;56.5;59.0;60.0;60.0;55.0;55.0;56.0;54.0;54.0;54.0;54.0;52.5;52.0;51.0;55.5;57.0;57.0;57.0;79.5;61.5;1;1;1;1;1;1;1;1;1;1;1;1;1;1;1;1;1;1;1;1;1;1;1;1;1;1;1;1;1;1;1
60130000;2;01/2019;1;1;56.0;44.0;49.0;1;1;0;0;0;;0;50.0;49.5;49.5;49.5;51.0;51.0;51.0;51.0;53.0;53.0;53.0;53.5;51.5;48.5;47.0;46.5;45.0;45.0;45.5;45.5;45.5;46.0;47.5;47.5;49.0;50.0;49.0;49.0;49.0;47.0;47.0;;;;;;;;;;;;;;;;;;;;;;;;;;;;;;;
60130000;1;01/2019;1;1;56.0;44.0;49.0;1;1;0;0;0;;0;50.0;49.5;49.5;49.5;51.0;51.0;51.0;51.0;53.0;53.0;53.0;53.5;51.5;48.5;47.0;46.5;45.0;45.0;45.5;45.5;45.5;46.0;47.5;47.5;49.0;50.0;49.0;49.0;49.0;47.0;47.0;;;;;;;;;;;;;;;;;;;;;;;;;;;;;;;
60130000;2;02/2019;1;1;104.0;46.0;60.0;28;1;0;0;0;;0;46.0;46.0;47.5;47.0;49.0;52.5;54.5;57.5;61.5;61.5;58.0;55.5;54.0;53.5;56.5;62.5;69.0;68.0;66.5;64.5;63.0;62.5;61.5;60.5;60.5;63.5;74.0;102.0;;;;1;1;1;1;1;1;1;1;1;1;1;1;1;1;1;1;1;1;1;1;1;1;1;1;1;1;1;1;0;0;0
60130000;1;02/2019;1;1;104.0;46.0;60.0;28;1;0;0;0;;0;46.0;46.0;47.5;47.0;49.0;52.5;54.5;57.5;61.5;61.5;58.0;55.5;54.0;53.5;56.5;62.5;69.0;68.0;66.5;64.5;63.0;62.5;61.5;60.5;60.5;63.5;74.0;102.0;;;;1;1;1;1;1;1;1;1;1;1;1;1;1;1;1;1;1;1;1;1;1;1;1;1;1;1;1;1;0;0;0
60130000;1;03/2019;1;1;185.0;59.0;98.0;13;1;0;0;0;;0;62.0;71.0;76.0;75.5;75.5;68.0;97.5;123.5;132.5;98.0;83.0;152.0;182.5;158.0;101.0;110.5;105.0;101.5;104.5;91.0;114.5;92.5;85.0;85.0;85.0;86.0;87.0;88.0;87.0;87.5;86.0;1;1;1;1;1;1;1;1;1;1;1;1;1;1;1;1;1;1;1;1;1;1;1;1;1;1;1;1;1;1;1
60130000;2;03/2019;1;1;185.0;59.0;98.0;13;1;0;0;0;;0;62.0;71.0;76.0;75.5;75.5;68.0;97.5;123.5;132.5;98.0;83.0;152.0;182.5;158.0;101.0;110.5;105.0;101.5;104.5;91.0;114.5;92.5;85.0;85.0;85.0;86.0;87.0;88.0;87.0;87.5;86.0;1;1;1;1;1;1;1;1;1;1;1;1;1;1;1;1;1;1;1;1;1;1;1;1;1;1;1;1;1;1;1
60130000;1;04/2019;1;1;49.0;36.0;39.0;1;19;0;0;0;;0;49.0;45.5;44.5;42.0;41.0;41.0;40.5;40.0;38.5;38.0;38.0;38.0;38.0;38.0;38.0;38.0;38.0;37.5;36.5;36.5;37.0;37.0;37.0;37.0;37.0;37.0;36.0;36.0;38.0;37.0;;1;1;1;1;1;1;1;1;1;1;1;1;1;1;1;1;1;1;1;1;1;1;1;1;1;1;1;1;1;1;0
60130000;2;04/2019;1;1;49.0;36.0;39.0;1;19;0;0;0;;0;49.0;45.5;44.5;42.0;41.0;41.0;40.5;40.0;38.5;38.0;38.0;38.0;38.0;38.0;38.0;38.0;38.0;37.5;36.5;36.5;37.0;37.0;37.0;37.0;37.0;37.0;36.0;36.0;38.0;37.0;;1;1;1;1;1;1;1;1;1;1;1;1;1;1;1;1;1;1;1;1;1;1;1;1;1;1;1;1;1;1;0
60130000;1;05/2019;1;1;70.0;55.0;60.0;16;30;0;0;0;;0;60.0;61.0;61.0;60.0;60.0;59.0;59.0;59.0;59.0;58.5;58.5;58.5;57.5;57.5;56.5;68.5;69.0;68.5;65.5;63.5;63.0;60.0;59.5;59.5;60.0;59.0;58.5;58.5;56.0;55.5;56.0;1;1;1;1;1;1;1;1;1;1;1;1;1;1;1;1;1;1;1;1;1;1;1;1;1;1;1;1;1;1;1
60130000;2;05/2019;1;1;70.0;55.0;60.0;16;30;0;0;0;;0;60.0;61.0;61.0;60.0;60.0;59.0;59.0;59.0;59.0;58.5;58.5;58.5;57.5;57.5;56.5;68.5;69.0;68.5;65.5;63.5;63.0;60.0;59.5;59.5;60.0;59.0;58.5;58.5;56.0;55.5;56.0;1;1;1;1;1;1;1;1;1;1;1;1;1;1;1;1;1;1;1;1;1;1;1;1;1;1;1;1;1;1;1
60130000;1;06/2019;1;1;57.0;50.0;52.0;1;9;0;0;0;;0;57.0;57.0;53.5;53.0;53.0;53.0;52.0;52.0;50.0;50.0;50.0;51.0;51.5;51.5;51.5;52.0;52.0;51.0;51.0;51.0;51.5;51.5;51.0;51.0;50.0;50.0;50.0;50.0;50.0;50.0;;1;1;1;1;1;1;1;1;1;1;1;1;1;1;1;1;1;1;1;1;1;1;1;1;1;1;1;1;1;1;0
60130000;2;06/2019;1;1;57.0;50.0;52.0;1;9;0;0;0;;0;57.0;57.0;53.5;53.0;53.0;53.0;52.0;52.0;50.0;50.0;50.0;51.0;51.5;51.5;51.5;52.0;52.0;51.0;51.0;51.0;51.5;51.5;51.0;51.0;50.0;50.0;50.0;50.0;50.0;50.0;;1;1;1;1;1;1;1;1;1;1;1;1;1;1;1;1;1;1;1;1;1;1;1;1;1;1;1;1;1;1;0
60130000;1;07/2019;1;1;59.0;45.0;49.0;5;19;0;0;0;;0;51.5;50.5;51.0;51.0;57.5;57.5;55.0;54.0;54.0;54.0;49.0;48.5;48.5;47.5;54.0;50.0;50.0;48.5;45.0;45.0;45.0;45.0;46.5;46.0;45.0;45.0;45.0;45.0;45.0;45.0;45.0;1;1;1;1;1;1;1;1;1;1;1;1;1;1;1;1;1;1;1;1;1;1;1;1;1;1;1;1;1;1;1
60130000;2;07/2019;1;1;59.0;45.0;49.0;5;19;0;0;0;;0;51.5;50.5;51.0;51.0;57.5;57.5;55.0;54.0;54.0;54.0;49.0;48.5;48.5;47.5;54.0;50.0;50.0;48.5;45.0;45.0;45.0;45.0;46.5;46.0;45.0;45.0;45.0;45.0;45.0;45.0;45.0;1;1;1;1;1;1;1;1;1;1;1;1;1;1;1;1;1;1;1;1;1;1;1;1;1;1;1;1;1;1;1
60130000;1;08/2019;1;1;45.0;40.0;42.0;1;22;0;0;0;;0;45.0;45.0;45.0;44.5;44.0;44.0;44.0;44.0;43.5;43.5;43.0;42.0;42.0;42.0;42.0;42.0;41.5;41.5;41.5;41.0;41.0;40.0;40.0;40.0;40.0;40.0;40.0;40.0;40.0;40.0;40.0;1;1;1;1;1;1;1;1;1;1;1;1;1;1;1;1;1;1;1;1;1;1;1;1;1;1;1;1;1;1;1
60130000;2;08/2019;1;1;45.0;40.0;42.0;1;22;0;0;0;;0;45.0;45.0;45.0;44.5;44.0;44.0;44.0;44.0;43.5;43.5;43.0;42.0;42.0;42.0;42.0;42.0;41.5;41.5;41.5;41.0;41.0;40.0;40.0;40.0;40.0;40.0;40.0;40.0;40.0;40.0;40.0;1;1;1;1;1;1;1;1;1;1;1;1;1;1;1;1;1;1;1;1;1;1;1;1;1;1;1;1;1;1;1
60130000;1;09/2019;1;1;42.0;24.0;32.0;30;20;0;0;0;;0;38.0;38.0;38.0;37.0;37.0;37.0;37.0;37.0;37.0;34.5;32.0;30.5;30.0;28.5;29.5;28.0;28.0;26.5;26.0;24.5;26.0;24.5;26.0;26.0;27.0;28.0;27.0;32.0;39.0;41.5;;1;1;1;1;1;1;1;1;1;1;1;1;1;1;1;1;1;1;1;1;1;1;1;1;1;1;1;1;1;1;0
60130000;2;09/2019;1;1;42.0;24.0;32.0;30;20;0;0;0;;0;38.0;38.0;38.0;37.0;37.0;37.0;37.0;37.0;37.0;34.5;32.0;30.5;30.0;28.5;29.5;28.0;28.0;26.5;26.0;24.5;26.0;24.5;26.0;26.0;27.0;28.0;27.0;32.0;39.0;41.5;;1;1;1;1;1;1;1;1;1;1;1;1;1;1;1;1;1;1;1;1;1;1;1;1;1;1;1;1;1;1;0
60130000;1;10/2019;1;1;38.0;24.0;28.0;31;11;0;0;0;;0;31.0;28.0;26.0;26.0;26.0;24.5;26.5;29.0;31.5;28.0;24.5;24.5;24.0;25.5;24.5;24.5;24.0;25.0;25.5;28.5;29.5;30.5;30.0;31.0;32.0;32.5;32.0;33.0;33.5;34.0;37.0;1;1;1;1;1;1;1;1;1;1;1;1;1;1;1;1;1;1;1;1;1;1;1;1;1;1;1;1;1;1;1
60130000;2;10/2019;1;1;38.0;24.0;28.0;31;11;0;0;0;;0;31.0;28.0;26.0;26.0;26.0;24.5;26.5;29.0;31.5;28.0;24.5;24.5;24.0;25.5;24.5;24.5;24.0;25.0;25.5;28.5;29.5;30.5;30.0;31.0;32.0;32.5;32.0;33.0;33.5;34.0;37.0;1;1;1;1;1;1;1;1;1;1;1;1;1;1;1;1;1;1;1;1;1;1;1;1;1;1;1;1;1;1;1
60130000;1;11/2019;1;1;49.0;29.0;35.0;29;12;0;0;0;;0;37.5;36.5;37.5;36.5;36.5;37.5;36.5;36.5;35.0;32.5;31.0;29.5;29.5;30.0;30.5;30.5;30.0;30.0;30.5;32.5;36.0;39.0;36.5;34.5;33.0;34.5;34.0;37.0;46.0;45.5;;1;1;1;1;1;1;1;1;1;1;1;1;1;1;1;1;1;1;1;1;1;1;1;1;1;1;1;1;1;1;0
60130000;2;11/2019;1;1;49.0;29.0;35.0;29;12;0;0;0;;0;37.5;36.5;37.5;36.5;36.5;37.5;36.5;36.5;35.0;32.5;31.0;29.5;29.5;30.0;30.5;30.5;30.0;30.0;30.5;32.5;36.0;39.0;36.5;34.5;33.0;34.5;34.0;37.0;46.0;45.5;;1;1;1;1;1;1;1;1;1;1;1;1;1;1;1;1;1;1;1;1;1;1;1;1;1;1;1;1;1;1;0
60130000;1;12/2019;1;1;73.0;36.0;54.0;16;5;0;0;0;;0;40.5;40.5;38.5;40.5;37.5;41.0;47.5;51.0;50.0;54.0;53.5;53.0;52.5;56.5;51.5;70.5;71.0;69.5;70.0;69.5;68.0;63.5;57.5;54.5;53.0;52.0;53.0;51.0;52.0;51.5;50.0;1;1;1;1;1;1;1;1;1;1;1;1;1;1;1;1;1;1;1;1;1;1;1;1;1;1;1;1;1;1;1
60130000;2;12/2019;1;1;73.0;36.0;54.0;16;5;0;0;0;;0;40.5;40.5;38.5;40.5;37.5;41.0;47.5;51.0;50.0;54.0;53.5;53.0;52.5;56.5;51.5;70.5;71.0;69.5;70.0;69.5;68.0;63.5;57.5;54.5;53.0;52.0;53.0;51.0;52.0;51.5;50.0;1;1;1;1;1;1;1;1;1;1;1;1;1;1;1;1;1;1;1;1;1;1;1;1;1;1;1;1;1;1;1
60130000;2;01/2020;1;1;210.0;45.0;69.0;24;17;0;0;0;;0;51.5;50.5;50.0;50.5;51.0;53.0;51.5;50.0;49.5;50.0;50.5;50.5;50.0;50.0;49.0;47.0;46.0;46.0;52.5;61.0;72.5;95.0;110.5;205.0;120.5;93.5;90.5;104.5;90.0;77.0;75.0;1;1;1;1;1;1;1;1;1;1;1;1;1;1;1;1;1;1;1;1;1;1;1;1;1;1;1;1;1;1;1
60130000;1;01/2020;1;1;210.0;45.0;69.0;24;17;0;0;0;;0;51.5;50.5;50.0;50.5;51.0;53.0;51.5;50.0;49.5;50.0;50.5;50.5;50.0;50.0;49.0;47.0;46.0;46.0;52.5;61.0;72.5;95.0;110.5;205.0;120.5;93.5;90.5;104.5;90.0;77.0;75.0;1;1;1;1;1;1;1;1;1;1;1;1;1;1;1;1;1;1;1;1;1;1;1;1;1;1;1;1;1;1;1
60130000;2;02/2020;1;1;280.0;78.0;124.0;29;23;0;0;0;;0;87.5;105.0;110.5;82.5;94.0;106.5;108.5;116.5;115.0;165.0;163.0;205.5;203.5;178.5;129.5;115.0;101.0;101.5;99.5;81.5;81.5;80.0;79.0;87.5;97.5;99.5;95.0;235.0;277.5;;;1;1;1;1;1;1;1;1;1;1;1;1;1;1;1;1;1;1;1;1;1;1;1;1;1;1;1;1;1;0;0
60130000;1;02/2020;1;1;280.0;78.0;124.0;29;23;0;0;0;;0;87.5;105.0;110.5;82.5;94.0;106.5;108.5;116.5;115.0;165.0;163.0;205.5;203.5;178.5;129.5;115.0;101.0;101.5;99.5;81.5;81.5;80.0;79.0;87.5;97.5;99.5;95.0;235.0;277.5;;;1;1;1;1;1;1;1;1;1;1;1;1;1;1;1;1;1;1;1;1;1;1;1;1;1;1;1;1;1;0;0
60130000;2;03/2020;1;1;136.0;80.0;100.0;2;29;0;0;0;;0;129.0;132.5;126.0;124.5;123.0;123.0;122.0;122.0;122.0;119.0;120.0;107.5;93.5;90.5;87.0;86.0;85.0;85.0;87.0;86.0;85.5;88.0;89.0;85.0;84.0;83.0;81.5;80.5;80.0;80.0;80.5;1;1;1;1;1;1;1;1;1;1;1;1;1;1;1;1;1;1;1;1;1;1;1;1;1;1;1;1;1;1;1
60130000;1;03/2020;1;1;136.0;80.0;100.0;2;29;0;0;0;;0;129.0;132.5;126.0;124.5;123.0;123.0;122.0;122.0;122.0;119.0;120.0;107.5;93.5;90.5;87.0;86.0;85.0;85.0;87.0;86.0;85.5;88.0;89.0;85.0;84.0;83.0;81.5;80.5;80.0;80.0;80.5;1;1;1;1;1;1;1;1;1;1;1;1;1;1;1;1;1;1;1;1;1;1;1;1;1;1;1;1;1;1;1
60130000;2;04/2020;1;1;95.0;60.0;78.0;16;27;0;0;0;;0;81.0;81.5;86.0;84.5;85.0;84.0;80.5;80.5;80.5;80.5;84.5;83.0;82.0;90.0;93.5;94.5;76.5;74.0;72.0;70.5;70.5;76.0;76.0;75.5;75.5;75.0;60.0;61.0;62.0;62.0;;1;1;1;1;1;1;1;1;1;1;1;1;1;1;1;1;1;1;1;1;1;1;1;1;1;1;1;1;1;1;0
60130000;1;04/2020;1;1;95.0;60.0;78.0;16;27;0;0;0;;0;81.0;81.5;86.0;84.5;85.0;84.0;80.5;80.5;80.5;80.5;84.5;83.0;82.0;90.0;93.5;94.5;76.5;74.0;72.0;70.5;70.5;76.0;76.0;75.5;75.5;75.0;60.0;61.0;62.0;62.0;;1;1;1;1;1;1;1;1;1;1;1;1;1;1;1;1;1;1;1;1;1;1;1;1;1;1;1;1;1;1;0
60130000;1;05/2020;1;1;67.0;62.0;65.0;6;29;0;0;0;;0;64.5;64.0;64.0;64.0;63.5;67.0;66.0;66.0;64.5;64.5;64.5;64.0;64.0;64.0;65.5;65.5;65.0;65.0;65.0;64.5;64.5;64.5;64.5;65.5;66.0;66.5;66.5;63.0;62.0;62.0;62.0;;;;;;;;;;;;;;;;;;;;;;;;;;;;;;;1
60130000;1;06/2020;1;1;61.0;51.0;56.0;1;30;0;0;0;;0;60.5;60.0;60.0;60.5;59.0;57.0;56.5;56.5;56.5;56.5;58.0;57.0;57.5;57.5;57.5;56.5;56.5;55.0;54.5;53.5;53.0;53.0;52.5;53.0;52.0;52.0;52.0;52.0;52.0;51.0;;1;1;1;1;1;1;1;1;1;1;1;1;1;1;1;1;1;1;1;1;1;1;1;1;1;1;1;1;1;1;0
60130000;1;07/2020;1;1;51.0;46.0;48.0;3;25;0;0;0;;0;50.0;50.0;50.5;50.0;49.5;48.0;48.5;48.5;48.5;49.5;49.5;49.5;49.5;49.5;49.0;49.0;48.5;48.5;48.5;48.5;48.5;47.0;47.0;47.0;46.0;46.0;46.0;46.0;46.0;46.0;46.0;1;1;1;1;1;1;1;1;1;1;1;1;1;1;1;1;1;1;1;1;1;1;1;1;1;1;1;1;1;1;1
60130000;1;08/2020;1;1;47.0;41.0;43.0;1;9;0;0;0;;0;46.5;46.0;46.0;46.0;44.0;43.5;43.5;43.5;43.0;44.5;43.0;42.0;42.0;42.0;42.0;42.0;41.5;42.0;42.5;43.0;43.0;43.0;43.0;42.5;43.0;44.0;44.0;44.0;44.0;44.0;44.0;;;;;;;;;;;;;;;;;;;;;;;;;;;;;;;1
60130000;1;09/2020;1;1;41.0;25.0;32.0;6;21;0;0;0;;0;40.5;40.0;39.5;39.0;38.0;37.0;36.5;33.0;34.0;34.0;34.5;34.5;34.5;33.0;32.0;32.0;32.0;31.5;31.5;31.5;25.0;25.0;25.0;25.5;26.0;26.5;27.0;27.0;27.0;26.5;;1;1;1;1;1;1;1;1;1;1;1;1;1;1;1;1;1;1;1;1;1;1;1;1;1;1;1;1;1;1;0
60130000;1;10/2020;1;1;57.0;23.0;30.0;31;5;0;0;0;;0;26.5;24.0;24.0;24.5;24.0;24.0;24.0;23.5;23.5;24.0;24.0;24.5;25.0;25.5;25.0;25.5;25.0;24.0;26.0;25.5;25.5;26.5;27.5;29.0;42.0;36.5;41.5;46.0;49.0;48.5;55.0;;;;;;;;;;;;;;;;;;;;;;;;;;;;;;;1
60130000;1;11/2020;1;1;67.0;42.0;48.0;21;14;0;0;0;;0;45.5;44.5;44.5;45.0;46.5;45.0;45.5;45.5;46.0;46.0;46.5;46.5;45.0;44.0;44.0;44.0;44.5;49.0;52.5;54.5;59.5;56.5;53.0;52.0;50.5;50.5;48.5;46.5;47.0;46.0;;1;1;1;1;1;1;1;1;1;1;1;1;1;1;1;1;1;1;1;1;1;1;1;1;1;1;1;1;1;1;0
60130000;1;12/2020;1;1;75.0;40.0;52.0;23;14;0;0;0;;0;51.0;51.0;51.0;51.5;51.0;51.0;51.0;51.0;51.0;51.0;50.0;50.0;45.0;41.0;41.0;46.0;49.0;54.0;50.0;51.0;52.5;53.0;63.5;61.0;60.5;56.5;57.0;57.0;54.0;56.0;49.5;1;1;1;1;1;1;1;1;1;1;1;1;1;1;1;1;1;1;1;1;1;1;1;1;1;1;1;1;1;1;1
60130000;1;01/2021;1;1;89.0;44.0;56.0;8;24;0;0;0;;0;50.5;52.5;57.0;56.0;57.0;58.0;56.0;87.0;62.5;56.5;63.0;63.0;65.5;68.0;66.5;66.0;55.0;53.5;54.0;53.5;53.5;54.0;54.0;44.5;44.5;44.5;44.5;44.5;45.5;45.5;45.5;;;;;;;;;;;;;;;;;;;;;;;;;;;;;;;
60130000;1;02/2021;1;1;90.0;48.0;56.0;27;5;0;0;0;;0;55.0;52.0;51.0;49.5;51.0;53.5;51.5;50.5;50.0;52.0;59.5;57.5;56.0;51.5;51.0;51.5;51.0;53.0;56.5;55.0;56.5;57.5;59.5;60.5;59.5;67.5;83.5;69.0;;;;1;1;1;1;1;1;1;1;1;1;1;1;1;1;1;1;1;1;1;1;1;1;1;1;1;1;1;1;0;0;0
60130000;1;03/2021;1;1;69.0;50.0;53.0;1;16;0;0;0;;0;68.0;64.5;61.0;58.0;56.5;56.0;55.0;53.5;53.5;53.5;53.0;52.0;51.5;51.5;52.0;51.0;51.5;51.5;51.0;51.0;50.5;50.5;51.0;51.0;51.0;51.5;51.0;51.0;51.0;51.0;51.0;1;1;1;1;1;1;1;1;1;1;1;1;1;1;1;1;1;1;1;1;1;1;1;1;1;1;1;1;1;1;1
60130000;1;04/2021;1;1;70.0;38.0;49.0;3;30;0;0;0;;0;50.5;54.5;64.0;66.0;61.5;60.0;59.5;57.5;57.0;55.0;53.0;52.0;50.5;50.0;47.0;47.5;45.5;44.0;43.5;43.0;43.0;43.0;43.5;42.5;42.0;44.0;40.5;40.0;39.0;38.0;;1;1;1;1;1;1;1;1;1;1;1;1;1;1;1;1;1;1;1;1;1;1;1;1;1;1;1;1;1;1;0
60130000;1;05/2021;1;1;38.0;31.0;34.0;1;19;0;0;0;;0;38.0;37.5;37.0;37.0;37.0;37.5;34.5;34.5;34.0;34.0;34.0;33.5;33.0;33.5;32.5;32.0;32.0;32.0;31.5;31.0;31.5;33.5;34.5;34.5;34.0;33.0;33.0;32.5;32.5;32.0;32.0;1;1;1;1;1;1;1;1;1;1;1;1;1;1;1;1;1;1;1;1;1;1;1;1;1;1;1;1;1;1;1
60130000;1;06/2021;1;1;33.0;26.0;28.0;1;13;0;0;0;;0;33.0;32.5;31.5;31.5;31.5;32.0;31.0;30.5;29.5;29.5;30.0;28.0;27.5;27.5;27.0;27.5;27.5;28.0;27.5;27.0;27.0;26.5;26.5;26.0;26.0;26.0;26.0;26.5;27.0;27.0;;1;1;1;1;1;1;1;1;1;1;1;1;1;1;1;1;1;1;1;1;1;1;1;1;1;1;1;1;1;1;0
60130000;1;07/2021;1;1;28.0;20.0;25.0;1;21;0;0;0;;0;28.0;27.0;27.0;26.5;26.5;27.0;26.5;26.0;26.0;25.5;25.5;26.0;25.5;23.5;23.5;23.5;22.5;22.5;22.5;22.5;21.5;21.0;22.0;22.0;23.0;25.0;24.5;25.0;25.0;25.5;25.5;;;;;;;;;;;;;;;;;;;;;;;;;;;;;;;
60130000;1;08/2021;1;1;28.0;25.0;26.0;1;9;0;0;0;;0;28.0;28.0;27.5;27.0;27.0;26.5;26.0;26.0;25.5;25.5;25.0;25.0;25.0;26.0;26.0;25.5;25.5;26.0;26.5;26.5;26.5;27.0;26.5;26.5;26.5;27.0;26.5;27.0;27.5;27.5;27.5;1;1;1;1;1;1;1;1;1;1;1;1;1;1;1;1;1;1;1;1;1;1;1;1;1;1;1;1;1;1;1
60130000;1;09/2021;1;1;26.0;24.0;25.0;10;14;0;0;0;;0;25.0;25.0;25.0;25.0;25.0;25.0;25.0;25.0;25.5;26.0;26.0;25.5;25.0;24.5;24.0;24.5;24.5;24.5;24.5;25.0;24.5;24.5;24.5;24.0;25.0;25.0;25.0;25.0;25.0;24.0;;1;1;1;1;1;1;1;1;1;1;1;1;1;1;1;1;1;1;1;1;1;1;1;1;1;1;1;1;1;1;0
60130000;1;10/2021;1;1;42.0;26.0;34.0;15;1;0;0;0;;0;26.0;27.0;31.5;32.5;29.0;30.0;31.0;30.0;33.0;34.0;33.5;34.0;38.0;37.0;39.5;39.0;39.5;37.5;37.5;35.5;34.0;37.0;38.5;36.0;35.5;34.0;33.0;32.0;33.0;34.0;34.0;1;1;1;1;1;1;1;1;1;1;1;1;1;1;1;1;1;1;1;1;1;1;1;1;1;1;1;1;1;1;1
60130000;1;11/2021;1;1;37.0;28.0;33.0;23;7;0;0;0;;0;34.0;32.5;32.0;30.0;29.0;30.0;28.5;29.5;31.0;31.0;31.0;32.0;33.0;33.0;33.0;34.0;34.0;33.0;32.5;33.0;33.5;33.5;35.5;36.0;34.5;31.0;32.0;33.0;36.5;36.5;;1;1;1;1;1;1;1;1;1;1;1;1;1;1;1;1;1;1;1;1;1;1;1;1;1;1;1;1;1;1;0
60130000;1;12/2021;1;1;65.0;33.0;40.0;30;5;0;0;0;;0;35.5;35.0;38.5;35.0;34.5;40.0;41.5;38.0;36.0;36.0;34.5;35.5;37.0;37.0;39.0;38.5;40.0;41.0;39.0;39.0;39.0;40.0;40.0;44.5;42.5;39.5;39.0;43.0;56.5;62.5;54.5;1;1;1;1;1;1;1;1;1;1;1;1;1;1;1;1;1;1;1;1;1;1;1;1;1;1;1;1;1;1;1
60130000;1;01/2022;1;1;;;;;;0;0;0;;0;62.5;60.0;60.0;66.5;120.0;88.5;171.5;112.5;101.0;128.5;105.0;113.0;81.5;73.0;77.5;79.5;80.0;75.5;79.5;81.0;70.5;66.0;67.0;64.5;67.0;67.5;72.0;84.5;91.0;131.0;;1;1;1;1;1;1;1;1;1;1;1;1;1;1;1;1;1;1;1;1;1;1;1;1;1;1;1;1;1;1;0
60130000;1;02/2022;1;1;;;;;;0;0;0;;0;75.5;120.5;84.0;120.5;112.5;214.0;204.0;173.0;88.5;49.0;117.0;128.0;88.5;116.0;108.5;113.5;112.0;106.0;104.0;100.5;99.0;100.0;99.0;95.5;102.0;105.5;117.0;;;;;3;;;;;;;;3;3;;;3;;;;;;;;;;;;;;;0;0;0;0
60130000;1;03/2022;1;1;102.0;69.0;81.0;14;28;0;0;0;;0;92.0;90.5;88.5;87.5;80.0;79.0;77.0;76.0;76.5;75.5;75.0;76.0;90.0;100.0;97.5;87.5;98.5;95.0;81.5;80.0;79.0;76.5;75.0;74.0;73.5;73.0;70.5;69.5;69.0;70.0;70.0;1;1;1;1;1;1;1;1;1;1;1;1;1;1;1;1;1;1;1;1;1;1;1;1;1;1;1;1;1;1;1
60130000;1;04/2022;1;1;70.0;56.0;61.0;1;28;0;0;0;;0;69.0;67.5;66.5;65.0;65.0;64.0;63.0;63.0;63.5;62.5;61.0;60.5;60.5;61.5;61.5;62.5;62.5;62.0;60.5;60.0;60.0;58.5;58.5;57.5;57.0;57.0;57.0;56.0;56.5;56.5;;1;1;1;1;1;1;1;1;1;1;1;1;1;1;1;1;1;1;1;1;1;1;1;1;1;1;1;1;1;1;0
60130000;1;05/2022;1;1;67.0;53.0;57.0;16;12;0;0;0;;0;57.0;57.0;57.0;55.5;55.0;54.5;54.5;54.5;54.5;54.5;54.0;53.5;55.0;56.5;60.0;66.5;61.5;58.5;58.5;58.5;58.0;57.5;57.0;56.5;56.5;56.5;55.5;55.0;54.0;54.5;54.0;1;1;1;1;1;1;1;1;1;1;1;1;1;1;1;1;1;1;1;1;1;1;1;1;1;1;1;1;1;1;1
60130000;1;06/2022;1;1;62.0;53.0;57.0;27;1;0;0;0;;0;53.5;53.5;55.0;54.5;55.5;56.0;55.5;55.5;55.5;55.5;55.5;56.0;56.0;55.5;55.0;56.0;56.5;56.5;57.0;57.0;58.0;58.5;59.5;60.0;59.5;59.5;61.0;61.0;60.5;60.5;;1;1;1;1;1;1;1;1;1;1;1;1;1;1;1;1;1;1;1;1;1;1;1;1;1;1;1;1;1;1;0
60130000;1;07/2022;1;1;49.0;40.0;44.0;3;28;0;0;0;;0;48.0;48.0;48.0;46.5;46.0;46.0;45.5;45.0;45.0;45.0;44.5;44.0;44.0;43.5;43.0;43.0;43.0;43.0;42.5;42.5;42.0;41.5;41.5;41.5;41.0;41.0;41.0;40.5;40.0;43.0;43.0;1;1;1;1;1;1;1;1;1;1;1;1;1;1;1;1;1;1;1;1;1;1;1;1;1;1;1;1;1;1;1
60130000;1;08/2022;1;1;43.0;32.0;37.0;1;25;0;0;0;;0;43.0;42.0;42.0;42.0;40.5;40.5;40.0;39.0;39.0;38.0;38.0;37.5;37.5;37.5;36.5;35.5;35.5;35.5;34.5;34.5;34.0;34.5;35.0;35.0;33.0;33.0;32.0;32.0;32.0;32.0;33.0;1;1;1;1;1;1;1;1;1;1;1;1;1;1;1;1;1;1;1;1;1;1;1;1;1;1;1;1;1;1;1
60130000;1;09/2022;1;1;46.0;41.0;43.0;1;19;0;0;0;;0;45.5;45.5;45.5;45.5;44.0;44.0;43.5;42.5;42.5;42.5;43.5;43.5;41.5;41.5;41.5;41.5;41.5;42.0;41.5;41.5;41.5;41.5;42.0;42.0;42.0;41.5;41.5;41.5;41.5;41.5;;1;1;1;1;1;1;1;1;1;1;1;1;1;1;1;1;1;1;1;1;1;1;1;1;1;1;1;1;1;1;0
60130000;1;10/2022;1;1;66.0;30.0;41.0;4;26;0;0;0;;0;54.0;59.5;58.5;62.5;60.0;56.5;48.5;46.5;45.5;45.0;44.0;42.5;42.0;41.5;40.0;40.0;39.5;39.0;37.0;35.5;35.0;33.0;32.0;31.0;31.5;30.5;30.0;30.0;30.0;30.0;30.0;1;1;1;1;1;1;1;1;1;1;1;1;1;1;1;1;1;1;1;1;1;1;1;1;1;1;1;1;1;1;1
60130000;1;11/2022;1;1;47.0;27.0;35.0;24;1;0;0;0;;0;28.0;28.0;28.5;28.0;29.0;29.5;29.5;29.5;27.0;27.5;28.5;29.0;30.0;32.5;32.5;36.0;37.0;37.5;38.0;39.0;38.0;35.0;35.5;46.5;46.5;46.5;46.5;46.0;45.5;42.5;;1;1;1;1;1;1;1;1;1;1;1;1;1;1;1;1;1;1;1;1;1;1;1;1;1;1;1;1;1;1;0
60130000;1;12/2022;1;1;46.0;40.0;42.0;1;11;0;0;0;;0;44.5;44.5;44.0;43.0;43.0;43.5;43.5;43.0;43.0;42.5;41.5;41.5;41.5;41.5;41.0;41.0;41.0;41.5;41.5;40.5;40.5;41.5;42.0;42.0;41.0;41.0;41.0;40.5;41.0;41.5;42.0;1;1;1;1;1;1;1;1;1;1;1;1;1;1;1;1;1;1;1;1;1;1;1;1;1;1;1;1;1;1;1
