EstacaoCodigo;NivelConsistencia;Data;MediaDiaria;MetodoObtencaoVazoes;Maxima;Minima;Media;DiaMaxima;DiaMinima;MaximaStatus;MinimaStatus;MediaStatus;MediaAnual;MediaAnualStatus;Vazao01;Vazao02;Vazao03;Vazao04;Vazao05;Vazao06;Vazao07;Vazao08;Vazao09;Vazao10;Vazao11;Vazao12;Vazao13;Vazao14;Vazao15;Vazao16;Vazao17;Vazao18;Vazao19;Vazao20;Vazao21;Vazao22;Vazao23;Vazao24;Vazao25;Vazao26;Vazao27;Vazao28;Vazao29;Vazao30;Vazao31;Vazao01Status;Vazao02Status;Vazao03Status;Vazao04Status;Vazao05Status;Vazao06Status;Vazao07Status;Vazao08Status;Vazao09Status;Vazao10Status;Vazao11Status;Vazao12Status;Vazao13Status;Vazao14Status;Vazao15Status;Vazao16Status;Vazao17Status;Vazao18Status;Vazao19Status;Vazao20Status;Vazao21Status;Vazao22Status;Vazao23Status;Vazao24Status;Vazao25Status;Vazao26Status;Vazao27Status;Vazao28Status;Vazao29Status;Vazao30Status;Vazao31Status
88641000;2;04/2000;1;1;;;;;;0;0;0;0.0;0;;;;;;;;;;;;;;;;;;;7.5938001;23.255899;27.8965;20.052299;15.2402;11.0874;7.2806001;7.5938001;6.6742001;5.2733998;5.8140001;5.5404;;;;;;;;;;;;;;;;;;;;1;1;1;1;1;1;1;1;1;1;1;1;
88641000;2;05/2000;1;1;941.01978;7.5938001;277.2319;5;1;1;1;1;0.0;0;7.5938001;191.82269;712.2005;589.61212;941.01978;694.45813;443.65921;200.0412;125.0664;90.8218;70.255402;59.181198;54.847099;49.056198;41.3438;263.85172;709.22913;306.80469;172.7467;127.7544;100.9369;85.432999;73.172302;63.680099;62.767101;829.32312;832.51563;281.06369;163.55389;145.8638;104.5129;1;1;1;1;1;1;1;1;1;1;1;1;1;1;1;1;1;1;1;1;1;1;1;1;1;1;1;1;1;1;1
88641000;2;06/2000;1;1;1302.7673;60.067799;237.59331;29;6;1;1;1;0.0;0;90.8218;80.209;73.172302;68.343803;63.680099;60.067799;162.0442;190.198;159.0442;123.7323;1080.6807;694.45813;294.7955;193.4537;147.3024;119.7694;169.6568;125.0664;156.07001;141.5869;114.5779;100.9369;93.023499;86.497597;78.165604;70.255402;66.458504;73.172302;1302.7673;947.79169;;1;1;1;1;1;1;1;1;1;1;1;1;1;1;1;1;1;1;1;1;1;1;1;1;1;1;1;1;1;1;
88641000;2;07/2000;1;1;2551.4243;62.767101;292.50671;3;31;1;1;1;0.0;0;344.14941;848.56268;2551.4243;679.83002;325.2308;232.7093;190.198;177.4296;153.1216;263.85172;528.42932;378.99191;344.14941;279.12659;210.11211;172.7467;150.19901;134.589;122.4047;112.0218;104.5129;95.251503;93.023499;89.730904;81.240601;74.157799;68.343803;68.343803;66.458504;64.599602;62.767101;1;1;1;1;1;1;1;1;1;1;1;1;1;1;1;1;1;1;1;1;1;1;1;1;1;1;1;1;1;1;1
88641000;2;08/2000;1;1;458.12329;35.648499;79.254799;26;23;1;1;1;0.0;0;60.960999;60.960999;57.427799;55.700699;52.325699;50.677799;49.056198;47.460999;52.325699;84.375;63.680099;54.0;49.056198;47.460999;47.460999;49.056198;45.892101;44.349602;41.3438;38.443401;37.0327;37.0327;35.648499;55.700699;248.9727;458.12329;171.1985;114.5779;94.134201;81.240601;71.2211;1;1;1;1;1;1;1;1;1;1;1;1;1;1;1;1;1;1;1;1;1;1;1;1;1;1;1;1;1;1;1
88641000;2;09/2000;1;1;628.35638;40.608799;183.40559;19;10;1;1;1;0.0;0;66.458504;61.860699;58.301201;54.0;49.863701;48.255299;46.673199;43.588299;41.3438;40.608799;56.560902;112.0218;74.157799;109.4922;617.17102;422.36349;211.81261;160.541;628.35638;448.45691;460.55469;549.3609;281.06369;195.091;165.07001;126.4071;109.4922;97.505898;87.568802;78.165604;;1;1;1;1;1;1;1;1;1;1;1;1;1;1;1;1;1;1;1;1;1;1;1;1;1;1;1;1;1;1;
88641000;2;10/2000;1;1;495.21399;48.255299;104.1001;4;24;1;1;1;0.0;0;74.157799;86.497597;118.4616;495.21399;265.7395;144.43159;114.5779;93.023499;86.497597;151.6571;127.7544;108.2374;103.2573;84.375;75.149803;68.343803;62.767101;72.193398;90.8218;69.296303;68.343803;58.301201;51.498402;48.255299;54.0;50.677799;148.7475;89.730904;63.680099;53.159599;48.255299;1;1;1;1;1;1;1;1;1;1;1;1;1;1;1;1;1;1;1;1;1;1;1;1;1;1;1;1;1;1;1
88641000;2;11/2000;1;1;415.37201;25.523399;70.517799;13;29;1;1;1;0.0;0;42.8335;54.0;160.541;75.149803;57.427799;49.056198;45.892101;48.255299;68.343803;54.847099;44.349602;180.5834;415.37201;127.7544;86.497597;70.255402;60.960999;53.159599;47.460999;42.8335;39.1586;34.966202;32.959;31.653799;37.734798;34.290501;29.122601;26.1068;25.523399;38.443401;;1;1;1;1;1;1;1;1;1;1;1;1;1;1;1;1;1;1;1;1;1;1;1;1;1;1;1;1;1;1;
88641000;2;12/2000;1;1;93.023499;12.6694;23.3062;16;14;1;1;1;0.0;0;34.290501;26.6968;22.7055;20.5697;24.376499;23.255899;19.541401;17.085899;16.1499;15.2402;13.5;13.0814;13.5;12.6694;15.2402;93.023499;59.181198;38.443401;26.6968;20.5697;18.0483;18.0483;18.5394;18.0483;16.614599;15.2402;14.3569;19.541401;24.946699;18.0483;15.2402;1;1;1;1;1;1;1;1;1;1;1;1;1;1;1;1;1;1;1;1;1;1;1;1;1;1;1;1;1;1;1
88641000;2;01/2001;1;1;104.5129;10.3359;30.745399;16;4;1;1;1;0.0;0;13.5;11.8652;10.7084;10.3359;11.0874;24.376499;14.7953;11.8652;18.5394;18.5394;17.085899;20.5697;17.085899;13.5;80.209;104.5129;72.193398;55.700699;42.8335;38.443401;29.745501;24.946699;29.745501;32.303101;59.181198;43.588299;30.375;25.523399;25.523399;24.376499;20.052299;1;1;1;1;1;1;1;1;1;1;1;1;1;1;1;1;1;1;1;1;1;1;1;1;1;1;1;1;1;1;1
88641000;2;02/2001;1;1;211.81261;9.6107998;44.841999;13;9;1;1;1;0.0;0;17.5639;16.1499;15.2402;14.3569;13.5;11.8652;11.0874;10.7084;9.6107998;9.6107998;10.3359;57.427799;211.81261;58.301201;57.427799;130.4686;49.863701;35.648499;31.653799;26.6968;21.624399;26.1068;104.5129;66.458504;68.343803;59.181198;60.960999;49.056198;;;;1;1;1;1;1;1;1;1;1;1;1;1;1;1;1;1;1;1;1;1;1;1;1;1;1;1;1;1;;;
88641000;2;03/2001;1;1;544.09302;20.5697;130.2242;4;25;1;1;1;0.0;0;36.337299;70.255402;114.5779;544.09302;245.315;335.68051;420.02701;156.07001;86.497597;66.458504;58.301201;45.892101;41.3438;34.966202;31.653799;45.892101;70.255402;52.325699;54.847099;42.8335;37.0327;106.9892;171.1985;162.0442;20.5697;396.99039;263.85172;112.0218;83.323601;68.343803;60.960999;1;1;1;1;1;1;1;1;1;1;1;1;1;1;1;1;1;1;1;1;1;1;1;1;1;1;1;1;1;1;1
88641000;2;04/2001;1;1;1900.3171;37.0327;262.0343;29;4;1;1;1;0.0;0;55.700699;49.056198;44.349602;37.0327;37.0327;44.349602;58.301201;55.700699;195.091;954.58582;352.7153;154.59261;109.4922;90.8218;78.165604;68.343803;62.767101;57.427799;53.159599;49.056198;41.3438;42.8335;59.181198;631.16711;422.36349;216.9521;342.0231;472.80042;1900.3171;1124.3047;;1;1;1;1;1;1;1;1;1;1;1;1;1;1;1;1;1;1;1;1;1;1;1;1;1;1;1;1;1;1;
88641000;2;05/2001;1;1;1358.2531;61.860699;228.6897;2;31;1;1;1;0.0;0;1183.7015;1358.2531;894.24219;406.13339;271.43979;213.5195;177.4296;153.1216;193.4537;162.0442;131.83549;117.1604;104.5129;95.251503;89.730904;90.8218;150.19901;171.1985;133.209;114.5779;103.2573;97.505898;95.251503;90.8218;79.183998;75.149803;74.157799;69.296303;66.458504;64.599602;61.860699;1;1;1;1;1;1;1;1;1;1;1;1;1;1;1;1;1;1;1;1;1;1;1;1;1;1;1;1;1;1;1
88641000;2;06/2001;1;1;2071.8;100.9369;275.7052;2;30;1;1;1;0.0;0;495.21399;2071.8;625.55139;348.42029;232.7093;477.73999;482.70309;256.36261;203.37289;172.7467;151.6571;135.97549;125.0664;119.7694;106.9892;159.0442;201.7039;127.7544;117.1604;220.40981;271.43979;165.07001;138.7682;125.0664;115.8658;122.4047;163.55389;126.4071;109.4922;100.9369;;1;1;1;1;1;1;1;1;1;1;1;1;1;1;1;1;1;1;1;1;1;1;1;1;1;1;1;1;1;1;
88641000;2;07/2001;1;1;1362.2571;89.730904;303.12039;12;31;1;1;1;0.0;0;97.505898;141.5869;252.6553;183.7628;763.58502;472.80042;248.9727;186.9677;151.6571;236.2798;1037.8511;1362.2571;431.7688;269.53351;213.5195;182.16991;174.3013;196.7348;165.07001;528.42932;628.35638;260.09479;190.198;165.07001;156.07001;156.07001;133.209;117.1604;106.9892;96.375397;89.730904;1;1;1;1;1;1;1;1;1;1;1;1;1;1;1;1;1;1;1;1;1;1;1;1;1;1;1;1;1;1;1
88641000;2;08/2001;1;1;82.278801;45.892101;57.899399;1;23;1;1;1;0.0;0;82.278801;78.165604;76.148499;74.157799;70.255402;66.458504;66.458504;70.255402;62.767101;58.301201;54.0;55.700699;52.325699;49.056198;50.677799;53.159599;51.498402;49.056198;49.056198;57.427799;54.0;47.460999;45.892101;47.460999;54.0;60.960999;49.056198;52.325699;52.325699;45.892101;58.301201;1;1;1;1;1;1;1;1;1;1;1;1;1;1;1;1;1;1;1;1;1;1;1;1;1;1;1;1;1;1;1
88641000;2;09/2001;1;1;3229.6995;78.165604;448.54611;3;26;1;1;1;0.0;0;361.37769;1202.5508;3229.6995;1673.4885;754.39771;396.99039;271.43979;1447.5884;1080.6807;387.94321;258.22559;200.0412;177.4296;245.315;174.3013;144.43159;130.4686;119.7694;109.4922;99.786697;87.568802;82.278801;86.497597;82.278801;80.209;78.165604;93.023499;86.497597;78.165604;236.2798;;1;1;1;1;1;1;1;1;1;1;1;1;1;1;1;1;1;1;1;1;1;1;1;1;1;1;1;1;1;1;
88641000;2;10/2001;1;1;1455.8394;72.193398;235.90981;1;27;1;1;1;0.0;0;1455.8394;694.45813;482.70309;387.94321;275.2709;229.16389;177.4296;185.36211;321.09351;186.9677;151.6571;130.4686;112.0218;103.2573;95.251503;100.9369;195.091;559.96661;236.2798;162.0442;154.59261;157.55389;114.5779;94.134201;84.375;77.153702;72.193398;72.193398;72.193398;80.209;90.8218;1;1;1;1;1;1;1;1;1;1;1;1;1;1;1;1;1;1;1;1;1;1;1;1;1;1;1;1;1;1;1
88641000;2;11/2001;1;1;1717.7937;47.460999;170.54041;11;5;1;1;1;0.0;0;68.343803;60.067799;55.700699;52.325699;47.460999;47.460999;90.8218;198.3848;106.9892;281.06369;1717.7937;659.59131;243.4955;171.1985;153.1216;122.4047;99.786697;88.6465;75.149803;65.525803;69.296303;64.599602;62.767101;76.148499;102.0938;74.157799;70.255402;73.172302;60.960999;57.427799;;1;1;1;1;1;1;1;1;1;1;1;1;1;1;1;1;1;1;1;1;1;1;1;1;1;1;1;1;1;1;
88641000;2;12/2001;1;1;791.453;32.303101;120.8211;6;31;1;1;1;0.0;0;210.11211;236.2798;102.0938;84.375;177.4296;791.453;490.19199;239.8752;148.7475;118.4616;99.786697;88.6465;79.183998;72.193398;66.458504;63.680099;60.960999;57.427799;54.0;50.677799;46.673199;46.673199;57.427799;49.056198;42.8335;39.880402;37.0327;34.290501;34.290501;32.959;32.303101;1;1;1;1;1;1;1;1;1;1;1;1;1;1;1;1;1;1;1;1;1;1;1;1;1;1;1;1;1;1;1
88641000;2;01/2002;1;1;42.8335;20.5697;29.567499;28;21;1;1;1;0.0;0;32.959;37.734798;40.608799;33.621498;29.745501;35.648499;41.3438;34.290501;32.303101;29.745501;28.506201;38.443401;32.959;28.506201;26.6968;25.523399;24.376499;23.255899;22.1616;21.0938;20.5697;21.624399;21.624399;24.376499;24.376499;21.0938;20.5697;42.8335;39.880402;30.375;29.745501;1;1;1;1;1;1;1;1;1;1;1;1;1;1;1;1;1;1;1;1;1;1;1;1;1;1;1;1;1;1;1
88641000;2;02/2002;1;1;275.2709;19.0371;41.4235;1;28;1;1;1;0.0;0;275.2709;84.375;47.460999;36.337299;32.959;30.375;30.375;29.745501;42.8335;38.443401;42.8335;38.443401;32.959;32.303101;27.8965;26.6968;24.376499;23.255899;22.1616;22.1616;32.303101;35.648499;37.0327;29.122601;23.255899;21.624399;20.5697;19.0371;;;;1;1;1;1;1;1;1;1;1;1;1;1;1;1;1;1;1;1;1;1;1;1;1;1;1;1;1;1;;;
88641000;2;03/2002;1;1;861.50171;38.443401;183.6546;31;1;1;1;1;0.0;0;38.443401;174.3013;57.427799;40.608799;87.568802;81.240601;52.325699;71.2211;554.6521;238.0744;114.5779;256.36261;190.198;188.57961;230.9335;104.5129;88.6465;180.5834;153.1216;333.5784;275.2709;141.5869;105.7477;84.375;79.183998;84.375;141.5869;290.8414;200.0412;191.82269;861.50171;1;1;1;1;1;1;1;1;1;1;1;1;1;1;1;1;1;1;1;1;1;1;1;1;1;1;1;1;1;1;1
88641000;2;04/2002;1;1;4383.0576;47.460999;436.18689;25;16;1;1;1;0.0;0;523.25482;260.09479;165.07001;121.0838;98.642998;86.497597;66.458504;66.458504;60.067799;56.560902;65.525803;80.209;64.599602;57.427799;50.677799;47.460999;344.14941;448.45691;157.55389;306.80469;721.1488;260.09479;443.65921;1161.2631;4383.0576;1522.6211;533.62708;312.89191;234.49139;385.69641;;1;1;1;1;1;1;1;1;1;1;1;1;1;1;1;1;1;1;1;1;1;1;1;1;1;1;1;1;1;1;
88641000;2;05/2002;1;1;1102.3936;68.343803;190.9882;30;14;1;1;1;0.0;0;314.93311;213.5195;175.8622;156.07001;133.209;114.5779;106.9892;99.786697;93.023499;86.497597;82.278801;77.153702;73.172302;68.343803;135.97549;436.5072;175.8622;126.4071;125.0664;125.0664;125.0664;135.97549;102.0938;93.023499;86.497597;82.278801;75.149803;79.183998;600.56622;1102.3936;518.1037;1;1;1;1;1;1;1;1;1;1;1;1;1;1;1;1;1;1;1;1;1;1;1;1;1;1;1;1;1;1;1
88641000;2;06/2002;1;1;2703.114;74.157799;359.83191;4;30;1;1;1;0.0;0;383.45551;413.05341;2280.4329;2703.114;576.0498;446.05511;365.74509;381.2207;260.09479;210.11211;183.7628;168.1214;147.3024;126.4071;117.1604;105.7477;102.0938;396.99039;281.06369;168.1214;140.1743;122.4047;108.2374;100.9369;95.251503;89.730904;86.497597;82.278801;79.183998;74.157799;;1;1;1;1;1;1;1;1;1;1;1;1;1;1;1;1;1;1;1;1;1;1;1;1;1;1;1;1;1;1;
88641000;2;07/2002;1;1;252.6553;52.325699;109.6176;31;21;1;1;1;0.0;0;75.149803;72.193398;72.193398;66.458504;64.599602;106.9892;225.64349;154.59261;112.0218;95.251503;87.568802;82.278801;76.148499;72.193398;66.458504;64.599602;60.067799;56.560902;55.700699;54.0;52.325699;60.960999;84.375;105.7477;198.3848;245.315;210.11211;227.4005;133.209;106.9892;252.6553;1;1;1;1;1;1;1;1;1;1;1;1;1;1;1;1;1;1;1;1;1;1;1;1;1;1;1;1;1;1;1
88641000;2;08/2002;1;1;1358.2531;85.432999;314.32651;9;7;1;1;1;0.0;0;183.7628;130.4686;119.7694;138.7682;102.0938;93.023499;85.432999;117.1604;1358.2531;1198.77;415.37201;250.8109;190.198;156.07001;126.4071;114.5779;114.5779;114.5779;96.375397;410.74069;1259.9185;803.98602;387.94321;475.26721;298.77411;201.7039;159.0442;141.5869;133.209;223.89259;141.5869;1;1;1;1;1;1;1;1;1;1;1;1;1;1;1;1;1;1;1;1;1;1;1;1;1;1;1;1;1;1;1
88641000;2;09/2002;1;1;1267.6602;76.148499;254.68069;13;6;1;1;1;0.0;0;112.0218;99.786697;95.251503;88.6465;80.209;76.148499;162.0442;119.7694;88.6465;78.165604;76.148499;1198.77;1267.6602;396.99039;241.68221;177.4296;188.57961;239.8752;271.43979;927.54303;401.54999;238.0744;180.5834;141.5869;133.209;117.1604;102.0938;90.8218;99.786697;148.7475;;1;1;1;1;1;1;1;1;1;1;1;1;1;1;1;1;1;1;1;1;1;1;1;1;1;1;1;1;1;1;
88641000;2;10/2002;1;1;2424.6147;75.149803;329.07581;8;31;1;1;1;0.0;0;156.07001;102.0938;475.26721;480.2186;261.97021;180.5834;894.24219;2424.6147;766.65869;415.37201;396.99039;401.54999;247.14079;193.4537;163.55389;159.0442;222.1481;147.3024;243.4955;490.19199;206.7299;162.0442;125.0664;122.4047;177.4296;125.0664;102.0938;106.9892;94.134201;82.278801;75.149803;1;1;1;1;1;1;1;1;1;1;1;1;1;1;1;1;1;1;1;1;1;1;1;1;1;1;1;1;1;1;1
88641000;2;11/2002;1;1;396.99039;35.648499;81.713203;26;14;1;1;1;0.0;0;68.343803;65.525803;60.960999;105.7477;114.5779;72.193398;54.847099;53.159599;54.0;51.498402;54.0;47.460999;41.3438;35.648499;39.880402;52.325699;42.8335;43.588299;49.863701;47.460999;119.7694;80.209;52.325699;48.255299;156.07001;396.99039;166.5925;97.505898;86.497597;91.919403;;1;1;1;1;1;1;1;1;1;1;1;1;1;1;1;1;1;1;1;1;1;1;1;1;1;1;1;1;1;1;
88641000;2;12/2002;1;1;1686.7242;78.165604;464.94711;6;22;1;1;1;0.0;0;544.09302;1647.1609;559.96661;290.8414;1664.6913;1686.7242;1595.0817;472.80042;281.06369;223.89259;172.7467;156.07001;130.4686;112.0218;126.4071;169.6568;174.3013;103.2573;86.497597;90.8218;95.251503;78.165604;1059.1664;1476.5607;492.7001;263.85172;186.9677;147.3024;125.0664;104.5129;95.251503;1;1;1;1;1;1;1;1;1;1;1;1;1;1;1;1;1;1;1;1;1;1;1;1;1;1;1;1;1;1;1
88641000;2;01/2003;1;1;91.919403;23.255899;48.050598;21;31;1;1;1;0.0;0;88.6465;80.209;74.157799;64.599602;62.767101;59.181198;54.0;49.056198;47.460999;44.349602;41.3438;39.880402;46.673199;39.880402;37.0327;34.966202;47.460999;47.460999;42.0853;39.880402;91.919403;50.677799;50.677799;51.498402;39.880402;32.959;30.375;27.8965;25.523399;23.812901;23.255899;1;1;1;1;1;1;1;1;1;1;1;1;1;1;1;1;1;1;1;1;1;1;1;1;1;1;1;1;1;1;1
88641000;2;02/2003;1;1;628.35638;19.541401;165.5425;8;3;1;1;1;0.0;0;21.624399;20.5697;19.541401;21.0938;81.240601;367.9379;335.68051;628.35638;239.8752;144.43159;112.0218;424.7059;256.36261;150.19901;93.023499;94.134201;84.375;70.255402;57.427799;57.427799;57.427799;49.056198;42.0853;283.0069;507.87189;203.37289;114.5779;97.505898;;;;1;1;1;1;1;1;1;1;1;1;1;1;1;1;1;1;1;1;1;1;1;1;1;1;1;1;1;1;;;
88641000;2;03/2003;1;1;706.26349;42.8335;160.48061;4;30;1;1;1;0.0;0;415.37201;544.09302;319.03391;706.26349;294.7955;171.1985;135.97549;162.0442;129.1082;95.251503;153.1216;121.0838;104.5129;86.497597;72.193398;64.599602;60.960999;55.700699;49.863701;52.325699;323.15909;180.5834;99.786697;78.165604;68.343803;62.767101;56.560902;52.325699;48.255299;42.8335;168.1214;1;1;1;1;1;1;1;1;1;1;1;1;1;1;1;1;1;1;1;1;1;1;1;1;1;1;1;1;1;1;1
88641000;2;04/2003;1;1;1338.3147;29.122601;152.3851;28;24;1;1;1;0.0;0;138.7682;82.278801;64.599602;72.193398;138.7682;122.4047;93.023499;70.255402;64.599602;56.560902;52.325699;47.460999;42.8335;40.608799;39.880402;37.0327;34.966202;34.290501;33.621498;36.337299;34.290501;32.303101;31.011101;29.122601;32.303101;88.6465;576.0498;1338.3147;651.0036;455.69781;;1;1;1;1;1;1;1;1;1;1;1;1;1;1;1;1;1;1;1;1;1;1;1;1;1;1;1;1;1;1;
88641000;2;05/2003;1;1;665.34509;52.325699;177.02589;1;15;1;1;1;0.0;0;665.34509;584.16968;271.43979;165.07001;125.0664;114.5779;103.2573;84.375;77.153702;68.343803;62.767101;60.960999;57.427799;55.700699;52.325699;56.560902;150.19901;138.7682;200.0412;230.9335;196.7348;135.97549;603.31921;410.74069;220.40981;147.3024;118.4616;99.786697;81.240601;77.153702;72.193398;1;1;1;1;1;1;1;1;1;1;1;1;1;1;1;1;1;1;1;1;1;1;1;1;1;1;1;1;1;1;1
88641000;2;06/2003;1;1;1334.3433;66.458504;265.2634;11;1;1;1;1;0.0;0;66.458504;83.323601;845.3421;557.30652;265.7395;185.36211;143.006;117.1604;102.0938;125.0664;1334.3433;700.34943;357.03439;308.8277;195.091;168.1214;147.3024;131.83549;567.98199;350.5647;206.7299;168.1214;147.3024;125.0664;112.0218;98.642998;95.251503;93.023499;82.278801;77.153702;;1;1;1;1;1;1;1;1;1;1;1;1;1;1;1;1;1;1;1;1;1;1;1;1;1;1;1;1;1;1;
88641000;2;07/2003;1;1;230.9335;35.648499;69.417503;26;21;1;1;1;0.0;0;73.172302;68.343803;64.599602;62.767101;59.181198;54.0;66.458504;60.067799;117.1604;90.8218;68.343803;58.301201;54.847099;52.325699;52.325699;66.458504;57.427799;49.863701;46.673199;41.3438;35.648499;44.349602;41.3438;43.588299;62.767101;230.9335;130.4686;86.497597;75.149803;70.255402;66.458504;1;1;1;1;1;1;1;1;1;1;1;1;1;1;1;1;1;1;1;1;1;1;1;1;1;1;1;1;1;1;1
88641000;2;08/2003;1;1;874.53058;26.6968;106.6532;24;22;1;1;1;0.0;0;59.181198;54.0;50.677799;49.056198;46.673199;46.673199;45.117599;41.3438;41.3438;46.673199;41.3438;37.0327;34.290501;34.290501;33.621498;32.959;31.011101;29.745501;28.506201;27.8965;27.8965;26.6968;77.153702;874.53058;633.98358;281.06369;159.0442;125.0664;109.4922;98.642998;81.240601;1;1;1;1;1;1;1;1;1;1;1;1;1;1;1;1;1;1;1;1;1;1;1;1;1;1;1;1;1;1;1
88641000;2;09/2003;1;1;813.44513;34.290501;112.7936;24;18;1;1;1;0.0;0;74.157799;66.458504;62.767101;57.427799;54.0;49.056198;49.056198;50.677799;68.343803;75.149803;54.847099;48.255299;44.349602;41.3438;39.880402;37.734798;36.337299;34.290501;34.290501;37.734798;42.8335;57.427799;533.62708;813.44513;327.30859;171.1985;133.209;113.2965;93.023499;82.278801;;1;1;1;1;1;1;1;1;1;1;1;1;1;1;1;1;1;1;1;1;1;1;1;1;1;1;1;1;1;1;
88641000;2;10/2003;1;1;147.3024;32.303101;57.388401;9;24;1;1;1;0.0;0;74.157799;67.397903;62.767101;57.427799;64.599602;68.343803;60.960999;53.159599;147.3024;119.7694;76.148499;62.767101;56.560902;52.325699;49.056198;45.892101;42.8335;39.880402;39.1586;42.8335;40.608799;35.648499;33.621498;32.303101;32.303101;70.255402;88.6465;52.325699;41.3438;36.337299;32.303101;1;1;1;1;1;1;1;1;1;1;1;1;1;1;1;1;1;1;1;1;1;1;1;1;1;1;1;1;1;1;1
88641000;2;11/2003;1;1;117.1604;26.1068;44.837502;28;11;1;1;1;0.0;0;37.0327;60.960999;45.892101;37.734798;34.290501;31.653799;30.375;29.745501;27.8965;26.6968;26.1068;26.1068;35.648499;47.460999;35.648499;40.608799;112.0218;55.700699;60.067799;54.0;45.892101;37.0327;32.303101;35.648499;42.0853;39.1586;37.0327;117.1604;55.700699;47.460999;;1;1;1;1;1;1;1;1;1;1;1;1;1;1;1;1;1;1;1;1;1;1;1;1;1;1;1;1;1;1;
88641000;2;12/2003;1;1;401.54999;20.5697;51.217098;12;31;1;1;1;0.0;0;38.443401;42.0853;36.337299;29.122601;31.653799;45.892101;33.621498;26.6968;24.376499;24.376499;60.960999;401.54999;102.0938;50.677799;44.349602;53.159599;48.255299;38.443401;31.653799;28.506201;29.745501;31.011101;108.2374;47.460999;34.966202;29.745501;26.6968;23.255899;22.1616;21.624399;20.5697;1;1;1;1;1;1;1;1;1;1;1;1;1;1;1;1;1;1;1;1;1;1;1;1;1;1;1;1;1;1;1
88641000;2;01/2004;1;1;105.7477;13.5;22.2805;24;20;1;1;1;0.0;0;19.541401;19.0371;18.0483;17.085899;17.085899;17.085899;15.6918;15.2402;18.0483;20.5697;22.1616;23.255899;23.255899;18.5394;17.085899;15.6918;14.3569;14.3569;13.9252;13.5;13.5;21.0938;21.0938;105.7477;44.349602;25.523399;22.7055;18.5394;15.2402;25.523399;23.812901;1;1;1;1;1;1;1;1;1;1;1;1;1;1;1;1;1;1;1;1;1;1;1;1;1;1;1;1;1;1;1
88641000;2;02/2004;1;1;108.2374;9.2581997;18.7952;15;29;1;1;1;0.0;0;18.0483;29.122601;21.624399;18.0483;15.2402;18.0483;15.2402;13.9252;12.6694;11.8652;11.473;10.3359;9.6107998;17.085899;108.2374;42.8335;26.1068;19.541401;16.1499;14.3569;12.6694;11.8652;11.0874;11.0874;10.3359;9.9701004;9.6107998;9.6107998;9.2581997;;;1;1;1;1;1;1;1;1;1;1;1;1;1;1;1;1;1;1;1;1;1;1;1;1;1;1;1;1;1;;
88641000;2;03/2004;1;1;12.6694;5.2733998;7.2712002;15;29;1;1;1;0.0;0;8.9120998;8.2398005;8.2398005;7.9134998;7.5938001;7.2806001;6.9741001;6.9741001;7.5938001;7.5938001;6.9741001;6.6742001;6.9741001;9.6107998;12.6694;10.3359;8.9120998;7.9134998;7.2806001;6.9741001;6.6742001;6.3808999;6.0941;5.8140001;6.0941;5.8140001;5.5404;5.5404;5.2733998;5.2733998;5.2733998;1;1;1;1;1;1;1;1;1;1;1;1;1;1;1;1;1;1;1;1;1;1;1;1;1;1;1;1;1;1;1
88641000;2;04/2004;1;1;103.2573;4.5121002;17.6747;24;8;1;1;1;0.0;0;5.0131001;5.0131001;4.7593002;4.7593002;5.2733998;4.7593002;4.7593002;4.5121002;4.7593002;4.7593002;5.2733998;5.2733998;5.2733998;5.0131001;4.7593002;4.5121002;6.9741001;9.9701004;7.2806001;8.2398005;7.5938001;7.5938001;21.624399;103.2573;81.240601;55.700699;41.3438;35.648499;31.011101;34.290501;;1;1;1;1;1;1;1;1;1;1;1;1;1;1;1;1;1;1;1;1;1;1;1;1;1;1;1;1;1;1;
88641000;2;05/2004;1;1;1252.1984;27.8965;284.16321;7;2;1;1;1;0.0;0;32.959;27.8965;29.745501;35.648499;66.458504;213.5195;1252.1984;944.40289;403.83871;172.7467;115.8658;91.919403;81.240601;150.19901;538.84839;403.83871;230.9335;157.55389;129.1082;103.2573;86.497597;81.240601;427.0542;359.20309;462.9921;813.44513;578.75061;306.80469;230.9335;157.55389;122.4047;1;1;1;1;1;1;1;1;1;1;1;1;1;1;1;1;1;1;1;1;1;1;1;1;1;1;1;1;1;1;1
88641000;2;06/2004;1;1;143.006;29.745501;74.621201;12;23;1;1;1;0.0;0;91.919403;91.919403;103.2573;97.505898;81.240601;64.599602;59.181198;55.700699;47.460999;41.3438;122.4047;143.006;109.4922;86.497597;78.165604;68.343803;64.599602;76.148499;68.343803;55.700699;39.880402;32.959;29.745501;45.117599;53.159599;78.165604;109.4922;115.8658;66.458504;60.960999;;1;1;1;1;1;1;1;1;1;1;1;1;1;1;1;1;1;1;1;1;1;1;1;1;1;1;1;1;1;1;
88641000;2;07/2004;1;1;392.4548;37.734798;80.501503;2;29;1;1;1;0.0;0;227.4005;392.4548;168.1214;118.4616;90.8218;82.278801;74.157799;69.296303;64.599602;60.960999;57.427799;53.159599;55.700699;85.432999;82.278801;69.296303;60.960999;55.700699;52.325699;50.677799;49.056198;45.892101;44.349602;42.8335;41.3438;39.880402;38.443401;38.443401;37.734798;45.117599;100.9369;1;1;1;1;1;1;1;1;1;1;1;1;1;1;1;1;1;1;1;1;1;1;1;1;1;1;1;1;1;1;1
88641000;2;08/2004;1;1;721.1488;41.3438;104.4711;7;31;1;1;1;0.0;0;122.4047;84.375;69.296303;60.960999;55.700699;119.7694;721.1488;327.30859;171.1985;125.0664;112.0218;90.8218;83.323601;76.148499;68.343803;64.599602;60.960999;66.458504;71.2211;96.375397;86.497597;65.525803;60.067799;55.700699;52.325699;49.056198;48.255299;45.892101;44.349602;42.0853;41.3438;1;1;1;1;1;1;1;1;1;1;1;1;1;1;1;1;1;1;1;1;1;1;1;1;1;1;1;1;1;1;1
88641000;2;09/2004;1;1;472.80042;33.621498;89.302299;22;8;1;1;1;0.0;0;39.1586;37.734798;39.880402;39.880402;38.443401;35.648499;34.290501;33.621498;67.397903;190.198;162.0442;133.209;88.6465;77.153702;70.255402;64.599602;58.301201;54.0;50.677799;52.325699;121.0838;472.80042;183.7628;109.4922;88.6465;78.165604;68.343803;65.525803;64.599602;59.181198;;1;1;1;1;1;1;1;1;1;1;1;1;1;1;1;1;1;1;1;1;1;1;1;1;1;1;1;1;1;1;
88641000;2;10/2004;1;1;339.90289;32.303101;74.166;13;12;1;1;1;0.0;0;54.847099;49.863701;47.460999;44.349602;42.8335;41.3438;39.880402;37.734798;37.0327;34.966202;33.621498;32.303101;339.90289;190.198;80.209;68.343803;252.6553;159.0442;90.8218;76.148499;66.458504;58.301201;54.0;52.325699;54.0;49.056198;45.892101;45.117599;42.8335;39.1586;38.443401;1;1;1;1;1;1;1;1;1;1;1;1;1;1;1;1;1;1;1;1;1;1;1;1;1;1;1;1;1;1;1
88641000;2;11/2004;1;1;706.26349;39.880402;105.5459;10;3;1;1;1;0.0;0;51.498402;42.8335;39.880402;135.97549;93.023499;74.157799;66.458504;52.325699;49.863701;706.26349;448.45691;157.55389;174.3013;114.5779;88.6465;79.183998;125.0664;78.165604;66.458504;59.181198;55.700699;52.325699;49.056198;46.673199;46.673199;45.892101;44.349602;41.3438;40.608799;39.880402;;1;1;1;1;1;1;1;1;1;1;1;1;1;1;1;1;1;1;1;1;1;1;1;1;1;1;1;1;1;1;
88641000;2;12/2004;1;1;37.0327;17.085899;24.5532;1;30;1;1;1;0.0;0;37.0327;34.290501;32.959;31.011101;27.8965;27.8965;27.293301;29.122601;32.303101;31.653799;28.506201;25.523399;24.376499;23.812901;22.7055;22.7055;22.7055;23.255899;21.624399;21.624399;22.7055;22.1616;20.5697;19.541401;19.0371;19.0371;19.0371;18.5394;18.0483;17.085899;17.085899;1;1;1;1;1;1;1;1;1;1;1;1;1;1;1;1;1;1;1;1;1;1;1;1;1;1;1;1;1;1;1
88641000;2;01/2005;1;1;34.290501;11.0874;15.7626;10;29;1;1;1;0.0;0;16.614599;16.1499;15.6918;15.6918;14.3569;16.1499;15.2402;15.2402;13.9252;34.290501;34.290501;26.1068;20.5697;17.085899;15.2402;15.2402;14.3569;14.3569;13.9252;13.5;13.0814;12.6694;11.8652;11.8652;11.8652;11.8652;12.6694;11.473;11.0874;11.0874;11.0874;1;1;1;1;1;1;1;1;1;1;1;1;1;1;1;1;1;1;1;1;1;1;1;1;1;1;1;1;1;1;1
88641000;2;02/2005;1;1;20.052299;9.6107998;11.4995;28;24;1;1;1;0.0;0;11.0874;11.8652;12.6694;12.6694;12.6694;12.6694;11.473;11.0874;10.7084;10.3359;10.7084;10.7084;11.473;12.6694;12.6694;12.264;11.8652;11.0874;11.0874;10.7084;10.7084;10.3359;9.9701004;9.6107998;9.6107998;9.6107998;9.6107998;20.052299;;;;1;1;1;1;1;1;1;1;1;1;1;1;1;1;1;1;1;1;1;1;1;1;1;1;1;1;1;1;;;
88641000;2;03/2005;1;1;16.614599;7.9134998;10.6405;17;12;1;1;1;0.0;0;15.6918;12.6694;11.0874;10.3359;9.6107998;9.2581997;8.9120998;8.9120998;8.5726004;8.2398005;8.2398005;7.9134998;8.2398005;9.2581997;10.7084;15.2402;16.614599;14.3569;12.264;11.0874;10.3359;9.9701004;10.3359;10.7084;11.0874;10.7084;10.3359;9.9701004;9.9701004;9.6107998;9.6107998;1;1;1;1;1;1;1;1;1;1;1;1;1;1;1;1;1;1;1;1;1;1;1;1;1;1;1;1;1;1;1
88641000;2;04/2005;1;1;59.181198;10.7084;24.2409;13;1;1;1;1;0.0;0;10.7084;15.2402;22.1616;18.5394;16.1499;13.9252;13.5;15.2402;19.541401;24.376499;23.255899;44.349602;59.181198;49.056198;59.181198;47.460999;36.337299;30.375;25.523399;22.7055;20.5697;19.0371;18.0483;16.1499;15.2402;14.7953;14.7953;14.3569;13.9252;13.5;;1;1;1;1;1;1;1;1;1;1;1;1;1;1;1;1;1;1;1;1;1;1;1;1;1;1;1;1;1;1;
88641000;2;05/2005;1;1;102.0938;11.8652;49.005901;21;5;1;1;1;0.0;0;13.0814;12.6694;12.6694;12.264;11.8652;12.6694;34.966202;84.375;49.863701;42.0853;47.460999;84.375;71.2211;69.296303;66.458504;72.193398;76.148499;71.2211;65.525803;58.301201;102.0938;72.193398;57.427799;49.863701;47.460999;43.588299;39.880402;37.734798;34.966202;32.959;32.303101;1;1;1;1;1;1;1;1;1;1;1;1;1;1;1;1;1;1;1;1;1;1;1;1;1;1;1;1;1;1;1
88641000;2;06/2005;1;1;60.960999;21.0938;31.874901;18;11;1;1;1;0.0;0;31.653799;29.745501;28.506201;26.6968;25.523399;24.376499;24.376499;23.255899;22.1616;21.624399;21.0938;24.376499;38.443401;37.0327;42.0853;44.349602;47.460999;60.960999;45.892101;39.880402;35.648499;32.303101;30.375;28.506201;27.8965;27.293301;27.8965;31.011101;29.122601;26.6968;;1;1;1;1;1;1;1;1;1;1;1;1;1;1;1;1;1;1;1;1;1;1;1;1;1;1;1;1;1;1;
88641000;2;07/2005;1;1;57.427799;18.5394;27.9816;17;15;1;1;1;0.0;0;24.376499;23.255899;22.1616;23.255899;52.325699;34.290501;29.122601;26.1068;24.376499;23.255899;22.1616;21.0938;20.052299;19.0371;18.5394;26.1068;57.427799;52.325699;38.443401;32.959;30.375;28.506201;29.122601;27.8965;26.1068;23.812901;23.812901;23.812901;22.1616;21.0938;20.052299;1;1;1;1;1;1;1;1;1;1;1;1;1;1;1;1;1;1;1;1;1;1;1;1;1;1;1;1;1;1;1
88641000;2;08/2005;1;1;477.73999;12.6694;36.8125;30;17;1;1;1;0.0;0;19.0371;18.0483;17.085899;16.1499;15.2402;14.7953;14.3569;13.9252;14.3569;15.2402;16.1499;14.3569;13.9252;13.9252;13.5;13.0814;12.6694;13.0814;13.5;13.5;13.0814;12.6694;13.5;17.085899;20.5697;18.0483;15.2402;13.0814;27.293301;477.73999;216.9521;1;1;1;1;1;1;1;1;1;1;1;1;1;1;1;1;1;1;1;1;1;1;1;1;1;1;1;1;1;1;1
88641000;2;09/2005;1;1;1881.6842;54.0;276.97031;11;9;1;1;1;0.0;0;94.134201;180.5834;201.7039;115.8658;90.8218;81.240601;68.343803;59.181198;54.0;298.77411;1881.6842;920.83807;342.0231;210.11211;333.5784;260.09479;168.1214;166.5925;448.45691;520.67627;271.43979;186.9677;150.19901;190.198;344.14941;195.091;141.5869;122.4047;106.9892;103.2573;;1;1;1;1;1;1;1;1;1;1;1;1;1;1;1;1;1;1;1;1;1;1;1;1;1;1;1;1;1;1;
88641000;2;10/2005;1;1;533.62708;65.525803;159.2247;5;31;1;1;1;0.0;0;109.4922;93.023499;85.432999;196.7348;533.62708;329.39249;177.4296;147.3024;145.8638;127.7544;109.4922;99.786697;89.730904;171.1985;304.7879;159.0442;130.4686;154.59261;123.7323;105.7477;94.134201;85.432999;80.209;95.251503;348.42029;370.13669;122.4047;104.5129;93.023499;82.278801;65.525803;1;1;1;1;1;1;1;1;1;1;1;1;1;1;1;1;1;1;1;1;1;1;1;1;1;1;1;1;1;1;1
88641000;2;11/2005;1;1;64.599602;26.6968;42.3134;2;30;1;1;1;0.0;0;63.680099;64.599602;60.960999;55.700699;58.301201;60.960999;55.700699;51.498402;49.056198;47.460999;45.892101;44.349602;42.8335;41.3438;39.880402;38.443401;37.734798;36.337299;34.290501;34.290501;33.621498;32.959;31.653799;31.653799;32.303101;31.653799;29.745501;28.506201;27.293301;26.6968;;1;1;1;1;1;1;1;1;1;1;1;1;1;1;1;1;1;1;1;1;1;1;1;1;1;1;1;1;1;1;
88641000;2;12/2005;1;1;30.375;17.5639;22.976;18;29;1;1;1;0.0;0;26.1068;26.6968;26.6968;26.1068;25.523399;26.1068;26.1068;25.523399;24.376499;23.812901;23.255899;22.7055;22.1616;22.1616;21.624399;21.624399;26.6968;30.375;25.523399;23.812901;22.7055;21.624399;20.5697;20.052299;19.541401;19.0371;18.5394;18.5394;17.5639;18.0483;19.0371;1;1;1;1;1;1;1;1;1;1;1;1;1;1;1;1;1;1;1;1;1;1;1;1;1;1;1;1;1;1;1
88641000;2;01/2006;1;1;32.303101;17.085899;23.354601;16;31;1;1;1;0.0;0;21.0938;23.255899;23.255899;21.0938;25.523399;23.255899;20.5697;18.5394;18.5394;18.0483;26.6968;28.506201;26.6968;27.8965;26.1068;32.303101;27.293301;23.255899;21.0938;19.541401;19.0371;22.1616;27.293301;26.6968;24.376499;25.523399;27.8965;23.255899;20.052299;18.0483;17.085899;1;1;1;1;1;1;1;1;1;1;1;1;1;1;1;1;1;1;1;1;1;1;1;1;1;1;1;1;1;1;1
88641000;2;02/2006;1;1;24.376499;12.264;15.64;6;22;1;1;1;0.0;0;16.1499;16.1499;16.1499;16.1499;19.541401;24.376499;20.5697;17.5639;16.1499;15.2402;14.3569;14.3569;13.9252;13.9252;13.5;13.5;13.5;13.0814;12.6694;12.6694;12.6694;12.264;12.6694;12.6694;15.2402;18.5394;23.255899;17.085899;;;;1;1;1;1;1;1;1;1;1;1;1;1;1;1;1;1;1;1;1;1;1;1;1;1;1;1;1;1;;;
88641000;2;03/2006;1;1;61.860699;12.264;19.724701;4;18;1;1;1;0.0;0;18.0483;27.8965;21.0938;61.860699;45.117599;30.375;24.376499;20.5697;18.0483;17.085899;15.6918;14.7953;13.9252;13.5;13.0814;12.6694;12.6694;12.264;15.6918;17.5639;18.0483;16.1499;16.1499;21.624399;21.0938;20.052299;17.085899;15.2402;14.3569;12.6694;12.6694;1;1;1;1;1;1;1;1;1;1;1;1;1;1;1;1;1;1;1;1;1;1;1;1;1;1;1;1;1;1;1
88641000;2;04/2006;1;1;20.052299;11.8652;13.7486;23;6;1;1;1;0.0;0;12.6694;12.6694;12.6694;12.6694;12.264;11.8652;11.8652;11.8652;12.6694;12.6694;13.0814;14.7953;15.2402;14.3569;13.5;12.6694;12.264;12.264;11.8652;11.8652;13.5;19.0371;20.052299;15.2402;15.6918;15.2402;15.2402;15.2402;14.3569;13.0814;;1;1;1;1;1;1;1;1;1;1;1;1;1;1;1;1;1;1;1;1;1;1;1;1;1;1;1;1;1;1;
88641000;2;05/2006;1;1;21.0938;11.0874;12.3616;31;18;1;1;1;0.0;0;12.6694;12.264;11.8652;11.8652;11.8652;11.8652;11.8652;11.8652;11.8652;12.264;12.6694;12.6694;12.6694;12.264;11.8652;11.473;11.473;11.0874;11.473;11.8652;13.0814;13.5;13.0814;12.264;11.8652;11.473;11.473;11.473;11.473;12.6694;21.0938;1;1;1;1;1;1;1;1;1;1;1;1;1;1;1;1;1;1;1;1;1;1;1;1;1;1;1;1;1;1;1
88641000;2;06/2006;1;1;52.325699;18.5394;31.086901;22;9;1;1;1;0.0;0;37.0327;34.966202;27.8965;30.375;28.506201;24.946699;23.255899;19.541401;18.5394;31.653799;45.892101;38.443401;30.375;26.1068;23.255899;22.1616;24.946699;22.1616;24.376499;23.255899;31.653799;52.325699;44.349602;35.648499;32.303101;31.653799;35.648499;41.3438;37.0327;32.959;;1;1;1;1;1;1;1;1;1;1;1;1;1;1;1;1;1;1;1;1;1;1;1;1;1;1;1;1;1;1;
88641000;2;07/2006;1;1;;;50.630001;;;0;0;2;;0;;;;;;;;;;;;;;;;;;;;;;;;;;;;;;;;0;0;0;0;0;0;0;0;0;0;0;0;0;0;0;0;0;0;0;0;0;0;0;0;0;0;0;0;0;0;0
88641000;2;08/2006;1;1;;;93.32;;;0;0;2;;0;;;;;;;;;;;;;;;;;;;;;;;;;;;;;;;;0;0;0;0;0;0;0;0;0;0;0;0;0;0;0;0;0;0;0;0;0;0;0;0;0;0;0;0;0;0;0
88641000;2;09/2006;1;1;352.7153;22.7055;60.321602;15;12;1;1;1;0.0;0;35.648499;37.0327;35.648499;37.734798;35.648499;30.375;28.506201;26.6968;25.523399;24.946699;24.376499;22.7055;24.376499;72.193398;352.7153;308.8277;94.134201;74.157799;63.680099;56.560902;52.325699;49.863701;47.460999;43.588299;39.880402;37.0327;34.290501;32.959;31.011101;29.745501;;1;1;1;1;1;1;1;1;1;1;1;1;1;1;1;1;1;1;1;1;1;1;1;1;1;1;1;1;1;1;
88641000;2;10/2006;1;1;79.183998;16.1499;28.783501;16;30;1;1;1;0.0;0;27.8965;26.6968;25.523399;24.376499;23.255899;26.6968;30.375;27.8965;23.255899;21.0938;28.506201;44.349602;34.290501;28.506201;50.677799;79.183998;49.056198;38.443401;32.959;29.745501;26.6968;24.376499;23.255899;21.0938;20.052299;19.0371;18.0483;17.5639;16.614599;16.1499;16.614599;1;1;1;1;1;1;1;1;1;1;1;1;1;1;1;1;1;1;1;1;1;1;1;1;1;1;1;1;1;1;1
88641000;2;11/2006;1;1;376.7691;14.7953;41.272598;7;5;1;1;1;0.0;0;16.614599;16.1499;16.1499;15.2402;14.7953;54.0;376.7691;89.267197;50.642101;40.228699;33.926201;28.908899;25.4893;22.8547;21.364599;19.027599;17.7108;47.267101;65.7472;43.263599;33.2696;28.908899;25.4893;22.8547;20.8827;20.8827;19.027599;17.7108;16.867599;16.867599;;1;1;1;1;1;1;1;1;1;1;1;1;1;1;1;1;1;1;1;1;1;1;1;1;1;1;1;1;1;1;
88641000;2;12/2006;1;1;57.866501;9.2890997;16.0709;27;12;1;1;1;0.0;0;16.867599;15.2623;13.7622;13.0505;12.3638;12.0297;11.7016;11.0635;10.449;9.8577003;9.5705996;9.2890997;9.2890997;9.2890997;9.2890997;9.8577003;9.8577003;10.1505;12.7041;22.3505;18.581699;15.2623;13.7622;13.7622;23.366301;36.639099;57.866501;28.908899;21.853901;14.8775;15.2623;1;1;1;1;1;1;1;1;1;1;1;1;1;1;1;1;1;1;1;1;1;1;1;1;1;1;1;1;1;1;1
88641000;2;01/2007;1;1;23.366301;7.0;11.7191;6;31;1;1;1;0.0;0;13.4032;12.3638;11.0635;10.449;19.4807;23.366301;17.285801;13.7622;11.7016;10.449;9.5705996;21.853901;23.366301;17.7108;12.7041;10.7533;9.5705996;8.7427998;8.4778996;9.0131998;9.2890997;9.8577003;8.7427998;8.2184;7.9642;7.7154002;7.2333002;7.7154002;7.2333002;7.2333002;7.0;1;1;1;1;1;1;1;1;1;1;1;1;1;1;1;1;1;1;1;1;1;1;1;1;1;1;1;1;1;1;1
88641000;2;02/2007;1;1;56.928101;4.756;10.6962;25;16;2;2;2;0.0;0;6.7718;7.7154002;7.0;5.9084001;5.5057001;6.5485001;7.2333002;7.9642;7.7154002;7.2333002;6.3302999;5.9084001;5.3113999;5.1216998;5.1216998;4.756;4.756;5.1216998;5.1216998;5.7047;5.5057001;6.3302999;6.5485001;37.339199;56.928101;31.3507;18.142799;14.4993;;;;1;1;1;1;1;1;1;1;1;1;1;1;1;1;1;1;1;1;1;1;1;2;2;2;2;2;2;2;;;
88641000;2;03/2007;1;1;446.56659;15.6536;107.5375;20;1;2;2;2;0.0;0;15.6536;44.8367;80.560997;66.7799;80.560997;96.073601;75.334702;132.2843;222.6115;231.2776;156.03819;82.697899;58.815102;45.637299;38.048199;33.2696;34.5914;150.2823;441.80359;446.56659;178.53191;111.6296;81.626099;64.725304;52.388199;47.267101;50.642101;61.723;60.743301;48.9352;41.727798;2;2;2;2;2;2;2;2;2;2;2;2;2;2;2;2;2;2;2;2;2;2;2;2;2;2;2;2;2;2;2
88641000;2;04/2007;1;1;668.2677;26.0394;98.549202;4;22;2;2;2;0.0;0;41.727798;48.9352;427.65961;668.2677;271.26239;143.23151;103.1161;74.312798;80.560997;71.0186;56.0;52.388199;50.642101;43.263599;39.492901;35.265301;35.9478;33.2696;30.7279;28.908899;28.319;26.0394;26.0394;33.926201;119.1807;89.267197;123.0439;68.877502;56.0;49.783798;;2;2;2;2;2;2;2;1;1;1;1;1;1;1;1;1;1;1;1;1;1;1;1;1;1;1;1;1;1;1;
88641000;2;05/2007;1;1;1602.6001;37.339199;166.99071;6;31;1;1;1;0.0;0;45.637299;40.973701;40.228699;40.973701;659.62659;1602.6001;745.38141;388.76959;194.3214;141.84061;115.376;103.1161;91.509697;82.697899;74.312798;71.0186;66.7799;59.773998;56.0;54.174;50.642101;54.174;54.174;50.642101;47.267101;45.637299;42.4911;40.973701;39.492901;38.765999;37.339199;1;1;1;1;1;1;1;1;1;1;1;1;1;1;1;1;1;1;1;1;1;1;1;1;1;1;1;1;1;1;1
88641000;2;06/2007;1;1;1271.092;30.7279;237.7016;16;7;1;1;1;0.0;0;36.639099;36.639099;35.9478;35.265301;32.621498;31.3507;30.7279;30.7279;35.265301;40.973701;57.866501;107.9418;488.0264;1236.0754;1042.8478;1271.092;422.99329;250.8931;199.1815;215.7915;161.8963;133.6301;143.23151;111.6296;100.7424;91.509697;153.1474;306.2117;161.8963;128.2854;;1;1;1;1;1;1;1;1;1;1;1;1;1;1;1;1;1;1;1;1;1;1;1;1;1;1;1;1;1;1;
88641000;2;07/2007;1;1;868.49231;52.388199;148.6217;8;30;1;1;1;0.0;0;112.8719;100.7424;93.778503;87.051102;82.697899;76.366699;176.98779;868.49231;573.45911;292.38229;302.22961;202.45309;158.9545;147.4427;133.6301;115.376;103.1161;96.073601;93.778503;84.861298;78.4506;76.366699;74.312798;73.203697;65.7472;61.723;59.773998;56.0;54.174;52.388199;52.388199;1;1;1;1;1;1;1;1;1;1;1;1;1;1;1;1;1;1;1;1;1;1;1;1;1;1;1;1;1;1;1
88641000;2;11/2007;1;1;256.37369;30.1133;74.115196;19;30;1;1;1;0.0;0;243.67281;151.7117;84.861298;71.0186;63.713902;56.0;50.642101;46.447498;44.045502;93.778503;123.0439;63.713902;52.388199;46.447498;43.263599;40.228699;38.048199;115.376;256.37369;100.7424;67.823303;60.743301;48.9352;44.045502;44.045502;40.973701;36.639099;33.2696;31.3507;30.1133;;1;1;1;1;1;1;1;1;1;1;1;1;1;1;1;1;1;1;1;1;1;1;1;1;1;1;1;1;1;1;
88641000;2;12/2007;1;1;28.908899;15.2623;20.357901;1;24;1;1;1;0.0;0;28.908899;27.737101;26.597401;25.4893;24.412399;23.885599;23.366301;22.8547;22.3505;20.8827;20.408199;19.4807;19.027599;18.581699;18.142799;17.7108;17.285801;17.285801;16.867599;16.4562;16.4562;16.0516;15.6536;15.2623;16.867599;20.8827;19.4807;17.7108;18.142799;25.4893;21.364599;1;1;1;1;1;1;1;1;1;1;1;1;1;1;1;1;1;1;1;1;1;1;1;1;1;1;1;1;1;1;1
88641000;2;01/2008;1;1;29.507;10.7533;15.3618;12;30;1;1;1;0.0;0;18.581699;16.4562;16.0516;16.867599;16.0516;15.6536;15.6536;15.2623;13.7622;16.0516;19.9408;29.507;24.947001;20.408199;17.285801;15.6536;15.2623;14.8775;14.8775;14.1276;13.4032;13.0505;12.3638;12.0297;11.7016;11.3795;11.0635;11.0635;11.0635;10.7533;11.0635;1;1;1;1;1;1;1;1;1;1;1;1;1;1;1;1;1;1;1;1;1;1;1;1;1;1;1;1;1;1;1
88641000;2;02/2008;1;1;92.6408;12.3638;24.426399;3;28;1;1;1;0.0;0;13.0505;28.908899;92.6408;44.045502;30.1133;23.885599;19.9408;17.7108;16.0516;15.6536;17.285801;18.581699;56.0;35.265301;27.1633;22.8547;23.885599;32.621498;23.366301;19.4807;17.7108;16.0516;15.2623;14.1276;13.7622;13.4032;13.0505;12.3638;14.1276;;;1;1;1;1;1;1;1;1;1;1;1;1;1;1;1;1;1;1;1;1;1;1;1;1;1;1;1;1;1;;
88641000;2;03/2008;1;1;80.560997;11.0635;24.3932;3;27;1;1;1;0.0;0;20.408199;71.0186;80.560997;56.0;44.8367;46.447498;35.265301;28.319;24.412399;21.853901;27.737101;20.8827;18.581699;17.285801;16.867599;15.6536;15.2623;14.4993;13.7622;16.867599;16.0516;15.6536;14.1276;12.3638;12.3638;11.3795;11.0635;11.0635;14.1276;17.7108;13.7622;1;1;1;1;1;1;1;1;1;1;1;1;1;1;1;1;1;1;1;1;1;1;1;1;1;1;1;1;1;1;1
88641000;2;04/2008;1;1;13.4032;8.4778996;9.9225998;15;24;1;1;1;0.0;0;12.3638;11.7016;11.3795;11.0635;10.449;9.8577003;9.5705996;9.2890997;9.2890997;9.0131998;8.7427998;8.7427998;9.2890997;11.3795;13.4032;11.7016;9.8577003;9.2890997;9.2890997;8.7427998;8.7427998;8.7427998;8.7427998;8.4778996;8.4778996;8.7427998;8.4778996;8.7427998;11.0635;13.0505;;1;1;1;1;1;1;1;1;1;1;1;1;1;1;1;1;1;1;1;1;1;1;1;1;1;1;1;1;1;1;
88641000;2;05/2008;1;1;292.38229;9.5705996;38.3092;29;21;1;1;1;0.0;0;12.3638;11.3795;12.3638;19.4807;30.1133;33.926201;27.1633;20.8827;17.7108;15.2623;13.7622;13.0505;12.3638;12.0297;11.7016;11.0635;10.7533;10.449;10.1505;9.8577003;9.5705996;40.973701;20.8827;21.853901;19.027599;18.581699;15.6536;164.86369;292.38229;189.5181;78.4506;1;1;1;1;1;1;1;1;1;1;1;1;1;1;1;1;1;1;1;1;1;1;1;1;1;1;1;1;1;1;1
88641000;2;06/2008;1;1;388.76959;27.1633;78.786499;20;7;2;2;2;0.0;0;55.082001;45.637299;39.492901;37.339199;31.981899;29.507;27.1633;28.908899;48.9352;91.509697;65.7472;51.510201;42.4911;38.048199;34.5914;32.621498;28.908899;27.737101;27.737101;388.76959;254.5406;146.03259;99.565399;78.4506;65.7472;63.713902;143.23151;153.1474;98.394897;87.051102;;1;1;1;1;1;1;1;1;1;1;1;1;1;1;1;1;1;1;1;1;2;1;1;1;1;1;1;1;1;1;
88641000;2;07/2008;1;1;468.29901;30.1133;81.979103;23;19;1;1;1;0.0;0;76.366699;67.823303;60.743301;57.866501;52.388199;48.9352;45.637299;50.642101;60.743301;50.642101;44.045502;40.973701;38.765999;36.639099;35.265301;33.926201;32.621498;31.3507;30.1133;30.1133;35.265301;322.38641;468.29901;172.3936;115.376;90.385201;78.4506;80.560997;80.560997;80.560997;91.509697;1;1;1;1;1;1;1;1;1;1;1;1;1;1;1;1;1;1;1;1;1;1;1;1;1;1;1;1;1;1;1
88641000;2;08/2008;1;1;1133.8071;44.045502;231.2122;21;11;1;1;1;0.0;0;74.312798;71.0186;92.6408;76.366699;65.7472;59.773998;57.866501;52.388199;48.9352;47.267101;44.045502;128.2854;508.13849;186.3475;125.6517;112.8719;269.37949;671.15991;276.948;473.19479;1133.8071;622.79749;300.2478;238.3231;488.0264;210.74249;172.3936;151.7117;147.4427;141.84061;117.906;1;1;1;1;1;1;1;1;1;1;1;1;1;1;1;1;1;1;1;1;1;1;1;1;1;1;1;1;1;1;1
88641000;2;09/2008;1;1;990.00232;51.510201;194.9165;7;30;1;1;1;0.0;0;100.7424;91.509697;84.861298;77.405296;75.334702;117.906;990.00232;858.70673;353.7735;222.6115;276.948;659.62659;312.23099;195.9351;161.8963;143.23151;128.2854;115.376;105.5159;96.073601;87.051102;80.560997;80.560997;75.334702;67.823303;63.713902;62.7132;57.866501;52.388199;51.510201;;1;1;1;1;1;1;1;1;1;1;1;1;1;1;1;1;1;1;1;1;1;1;1;1;1;1;1;1;1;1;
88641000;2;10/2008;1;1;128.2854;33.926201;51.852798;28;11;1;1;1;0.0;0;52.388199;54.174;48.9352;45.637299;44.045502;41.727798;40.973701;38.765999;37.339199;36.639099;33.926201;34.5914;37.339199;65.7472;55.082001;50.642101;47.267101;42.4911;38.765999;36.639099;33.926201;54.174;84.861298;57.866501;45.637299;42.4911;99.565399;128.2854;69.942596;56.928101;50.642101;1;1;1;1;1;1;1;1;1;1;1;1;1;1;1;1;1;1;1;1;1;1;1;1;1;1;1;1;1;1;1
88641000;2;11/2008;1;1;50.642101;19.4807;29.3554;8;25;1;1;1;0.0;0;46.447498;47.267101;40.973701;38.048199;36.639099;33.926201;45.637299;50.642101;38.765999;33.2696;31.3507;28.319;27.1633;26.597401;26.597401;24.947001;24.412399;23.366301;22.3505;21.853901;21.853901;21.364599;20.8827;20.408199;19.4807;19.4807;24.947001;22.8547;20.408199;20.408199;;1;1;1;1;1;1;1;1;1;1;1;1;1;1;1;1;1;1;1;1;1;1;1;1;1;1;1;1;1;1;
88641000;2;12/2008;1;1;48.9352;12.3638;23.35;1;31;1;1;1;0.0;0;48.9352;47.267101;38.048199;40.228699;31.3507;27.737101;24.947001;21.853901;20.408199;20.408199;28.319;38.048199;28.908899;24.412399;20.8827;20.408199;20.8827;19.4807;17.7108;16.867599;15.2623;14.4993;13.7622;15.2623;19.4807;19.4807;16.0516;14.1276;13.4032;13.0505;12.3638;1;1;1;1;1;1;1;1;1;1;1;1;1;1;1;1;1;1;1;1;1;1;1;1;1;1;1;1;1;1;1
88641000;2;01/2009;1;1;373.26669;9.2890997;28.9247;29;26;1;1;1;0.0;0;11.7016;11.3795;11.0635;11.0635;11.0635;12.3638;11.0635;10.449;10.449;10.7533;11.0635;13.0505;14.1276;13.4032;18.581699;17.7108;15.2623;13.0505;12.3638;12.7041;14.8775;13.4032;11.7016;10.449;9.8577003;9.2890997;9.2890997;18.581699;373.26669;93.778503;79.502502;1;1;1;1;1;1;1;1;1;1;1;1;1;1;1;1;1;1;1;1;1;1;1;1;1;1;1;1;1;1;1
88641000;2;02/2009;1;1;375.4631;17.285801;62.694401;21;10;1;1;1;0.0;0;58.815102;44.8367;34.5914;35.9478;27.737101;24.412399;21.853901;20.408199;18.581699;17.285801;22.8547;44.045502;30.1133;23.366301;19.4807;17.7108;38.048199;27.1633;23.366301;31.3507;375.4631;119.1807;184.7717;116.6377;61.723;56.0;158.9545;100.7424;;;;1;1;1;1;1;1;1;1;1;1;1;1;1;1;1;1;1;1;1;1;1;1;1;1;1;1;1;1;;;
88641000;2;03/2009;1;1;116.6377;17.7108;35.244598;1;31;1;1;1;0.0;0;116.6377;49.783798;47.267101;42.4911;39.492901;40.228699;36.639099;32.621498;38.048199;32.621498;36.639099;47.267101;48.096298;37.339199;33.926201;32.621498;33.926201;42.4911;35.9478;30.7279;26.597401;25.4893;24.412399;23.366301;21.853901;20.408199;19.9408;19.4807;19.4807;19.027599;17.7108;1;1;1;1;1;1;1;1;1;1;1;1;1;1;1;1;1;1;1;1;1;1;1;1;1;1;1;1;1;1;1
88641000;2;04/2009;1;1;17.285801;11.0635;12.9789;1;28;1;1;1;0.0;0;17.285801;16.4562;16.0516;15.6536;15.2623;14.8775;14.4993;14.1276;14.1276;13.7622;13.4032;13.4032;13.0505;12.7041;12.3638;12.0297;12.0297;12.0297;11.7016;11.7016;11.3795;11.3795;11.3795;11.3795;11.3795;11.3795;11.3795;11.0635;11.0635;11.0635;;1;1;1;1;1;1;1;1;1;1;1;1;1;1;1;1;1;1;1;1;1;1;1;1;1;1;1;1;1;1;
88641000;2;05/2009;1;1;40.973701;10.1505;14.5613;15;5;1;1;1;0.0;0;10.7533;10.449;10.449;10.449;10.1505;11.0635;11.3795;11.3795;11.0635;10.7533;10.449;13.7622;17.7108;35.265301;40.973701;24.412399;18.581699;15.6536;14.8775;15.2623;15.6536;14.4993;13.4032;12.3638;12.0297;11.7016;11.7016;11.3795;11.0635;11.0635;11.7016;1;1;1;1;1;1;1;1;1;1;1;1;1;1;1;1;1;1;1;1;1;1;1;1;1;1;1;1;1;1;1
88641000;2;06/2009;1;1;54.174;9.2890997;13.7986;30;19;1;1;1;0.0;0;13.0505;14.4993;13.4032;12.3638;11.7016;11.3795;11.0635;10.7533;10.449;10.1505;9.8577003;9.8577003;9.8577003;9.8577003;9.8577003;9.5705996;9.5705996;9.5705996;9.2890997;9.2890997;9.2890997;9.2890997;13.4032;24.412399;24.412399;18.581699;15.2623;12.0297;17.7108;54.174;;1;1;1;1;1;1;1;1;1;1;1;1;1;1;1;1;1;1;1;1;1;1;1;1;1;1;1;1;1;1;
88641000;2;07/2009;1;1;77.405296;14.8775;29.069099;9;31;1;1;1;0.0;0;46.447498;30.1133;24.412399;24.412399;19.9408;16.867599;29.507;61.723;77.405296;68.877502;44.8367;38.048199;32.621498;29.507;27.1633;26.0394;25.4893;24.412399;23.366301;22.8547;23.366301;22.3505;22.8547;21.853901;18.581699;18.142799;17.285801;16.867599;15.6536;15.2623;14.8775;1;1;1;1;1;1;1;1;1;1;1;1;1;1;1;1;1;1;1;1;1;1;1;1;1;1;1;1;1;1;1
88641000;2;08/2009;1;1;631.2077;14.4993;153.5439;21;1;1;1;1;0.0;0;14.4993;17.285801;360.21631;227.7924;91.509697;87.051102;96.073601;76.366699;117.906;349.50891;336.86209;144.6288;96.073601;78.4506;65.7472;57.866501;111.6296;150.2823;120.462;488.0264;631.2077;261.9104;158.9545;120.462;99.565399;87.051102;76.366699;67.823303;59.773998;57.866501;50.642101;1;1;1;1;1;1;1;1;1;1;1;1;1;1;1;1;1;1;1;1;1;1;1;1;1;1;1;1;1;1;1
88641000;2;09/2009;1;1;631.2077;56.0;208.9187;19;1;2;2;2;0.0;0;56.0;226.0592;180.08231;173.91859;375.4631;204.0984;132.2843;360.21631;205.75;130.94479;110.3939;117.906;570.7746;404.57071;202.45309;154.5896;132.2843;332.6955;631.2077;260.05859;170.87489;136.3412;123.0439;167.8566;130.94479;107.9418;110.3939;132.2843;139.078;87.051102;;1;1;1;1;1;1;1;1;1;1;1;1;1;1;1;1;1;1;1;1;1;1;1;1;1;1;1;1;1;2;
88641000;2;10/2009;1;1;665.38147;31.981899;132.938;6;31;2;2;2;0.0;0;68.877502;72.105598;74.312798;63.713902;226.0592;665.38147;662.5011;267.5029;176.98779;133.6301;121.7497;207.4079;229.53191;126.9653;104.3127;89.267197;77.405296;67.823303;62.7132;57.866501;54.174;49.783798;44.045502;50.642101;81.626099;85.952904;52.388199;41.727798;38.048199;34.5914;31.981899;2;2;2;2;2;2;2;2;2;2;2;2;2;2;2;2;2;2;2;2;2;2;2;2;2;2;2;2;2;2;2
88641000;2;11/2009;1;1;3846.8755;30.7279;610.99738;19;1;2;2;2;0.0;0;30.7279;39.492901;40.973701;117.906;1126.3979;1984.682;751.47803;448.95721;273.1514;195.9351;157.4931;134.9825;120.462;332.6955;430.0018;202.45309;146.03259;1042.8478;3846.8755;2122.261;628.39832;836.07758;757.59808;425.32339;306.2117;243.67281;523.47449;324.436;434.70432;304.2175;;2;1;1;1;1;1;1;1;1;1;1;1;1;1;1;1;1;1;1;1;1;1;1;1;1;1;1;1;1;1;
88641000;2;12/2009;1;1;645.34308;73.203697;155.44949;3;30;1;1;1;0.0;0;328.55341;254.5406;645.34308;349.50891;229.53191;195.9351;172.3936;156.03819;139.078;123.0439;117.906;150.2823;181.6391;139.078;115.376;103.1161;96.073601;90.385201;84.861298;78.4506;91.509697;167.8566;124.3446;101.926;96.073601;87.051102;80.560997;91.509697;80.560997;73.203697;73.203697;1;1;1;1;1;1;1;1;1;1;1;1;1;1;1;1;1;1;1;1;1;1;1;1;1;1;1;1;1;1;1
88641000;2;01/2010;1;1;76.366699;35.9478;52.5079;18;27;1;1;1;0.0;0;64.725304;59.773998;56.0;54.174;58.815102;56.0;54.174;52.388199;56.0;63.713902;63.713902;60.743301;51.510201;47.267101;45.637299;44.8367;74.312798;76.366699;56.928101;52.388199;56.0;48.9352;42.4911;38.765999;38.048199;36.639099;35.9478;39.492901;50.642101;44.045502;47.267101;1;1;1;1;1;1;1;1;1;1;1;1;1;1;1;1;1;1;1;1;1;1;1;1;1;1;1;1;1;1;1
88641000;2;02/2010;1;1;493.0184;42.4911;105.1408;17;1;1;1;1;0.0;0;42.4911;42.4911;79.502502;65.7472;68.877502;128.2854;96.073601;120.462;240.1001;103.1161;80.560997;63.713902;56.928101;57.866501;77.405296;153.1474;493.0184;202.45309;112.8719;89.267197;75.334702;77.405296;99.565399;93.778503;67.823303;56.0;52.388199;47.267101;;;;1;1;1;1;1;1;1;1;1;1;1;1;1;1;1;1;1;1;1;1;1;1;1;1;1;1;1;1;;;
88641000;2;03/2010;1;1;63.713902;23.885599;33.546398;5;31;1;1;1;0.0;0;45.637299;44.045502;40.973701;39.492901;63.713902;50.642101;42.4911;37.339199;35.265301;35.265301;33.926201;32.621498;31.3507;30.1133;30.1133;28.908899;27.737101;26.597401;25.4893;25.4893;25.4893;32.621498;40.973701;36.639099;28.908899;25.4893;24.412399;24.412399;24.947001;24.947001;23.885599;1;1;1;1;1;1;1;1;1;1;1;1;1;1;1;1;1;1;1;1;1;1;1;1;1;1;1;1;1;1;1
88641000;2;04/2010;1;1;88.1558;18.581699;29.9317;3;18;1;1;1;0.0;0;22.8547;22.3505;88.1558;69.942596;39.492901;31.3507;27.1633;25.4893;23.885599;23.366301;22.3505;21.364599;20.8827;20.408199;19.9408;19.027599;19.027599;18.581699;18.581699;21.853901;67.823303;52.388199;34.5914;27.737101;25.4893;23.885599;23.366301;23.366301;22.3505;20.8827;;1;1;1;1;1;1;1;1;1;1;1;1;1;1;1;1;1;1;1;1;1;1;1;1;1;1;1;1;1;1;
88641000;2;05/2010;1;1;78.4506;18.142799;34.261501;25;3;1;1;1;0.0;0;19.4807;19.4807;18.142799;20.408199;24.947001;26.597401;22.8547;20.408199;19.4807;19.027599;19.027599;21.853901;23.366301;22.3505;20.408199;18.581699;18.142799;18.581699;50.642101;68.877502;47.267101;39.492901;35.265301;38.048199;78.4506;72.105598;57.866501;53.2761;50.642101;48.9352;48.096298;1;1;1;1;1;1;1;1;1;1;1;1;1;1;1;1;1;1;1;1;1;1;1;1;1;1;1;1;1;1;1
88641000;2;06/2010;1;1;425.32339;22.3505;79.583702;17;15;1;1;1;0.0;0;42.4911;39.492901;35.9478;33.926201;31.3507;31.3507;28.908899;27.1633;24.947001;23.366301;23.366301;24.947001;22.8547;22.8547;22.3505;35.9478;425.32339;258.21301;120.462;89.267197;72.105598;56.0;50.642101;45.637299;128.2854;240.1001;153.1474;117.906;87.051102;72.105598;;1;1;1;1;1;1;1;1;1;1;1;1;1;1;1;1;1;1;1;1;1;1;1;1;1;1;1;1;1;1;
88641000;2;07/2010;1;1;1524.8488;28.319;264.28711;26;11;1;1;1;0.0;0;64.725304;59.773998;53.2761;48.096298;44.045502;39.492901;37.339199;33.926201;31.3507;30.1133;28.319;50.642101;144.6288;60.743301;45.637299;38.765999;35.265301;72.105598;625.59491;754.5351;382.0889;1275.0114;625.59491;288.4866;488.0264;1524.8488;500.55139;276.948;209.07201;167.8566;156.03819;1;1;1;1;1;1;1;1;1;1;1;1;1;1;1;1;1;1;1;1;1;1;1;1;1;1;1;1;1;1;1
88641000;2;08/2010;1;1;328.55341;39.492901;80.657898;1;26;1;1;1;0.0;0;328.55341;173.91859;139.078;120.462;115.376;109.1646;98.394897;88.1558;84.861298;78.4506;72.105598;65.7472;76.366699;89.267197;74.312798;64.725304;58.815102;54.174;52.388199;49.783798;48.9352;46.447498;44.045502;40.973701;40.973701;39.492901;56.0;47.267101;44.045502;44.8367;53.2761;1;1;1;1;1;1;1;1;1;1;1;1;1;1;1;1;1;1;1;1;1;1;1;1;1;1;1;1;1;1;1
88641000;2;09/2010;1;1;748.42682;56.928101;178.4406;14;27;1;1;1;0.0;0;69.942596;156.03819;202.45309;528.6344;338.95459;173.91859;125.6517;103.1161;90.385201;80.560997;82.697899;209.07201;432.35001;748.42682;518.3385;265.63251;170.87489;134.9825;114.1207;98.394897;88.1558;82.697899;77.405296;74.312798;67.823303;63.713902;56.928101;58.815102;69.942596;68.877502;;1;1;1;1;1;1;1;1;1;1;1;1;1;1;1;1;1;1;1;1;1;1;1;1;1;1;1;1;1;1;
88641000;2;10/2010;1;1;89.267197;20.408199;36.4188;8;30;1;1;1;0.0;0;53.2761;48.096298;45.637299;40.228699;36.639099;36.639099;38.048199;89.267197;85.952904;55.082001;48.9352;42.4911;38.048199;32.621498;32.621498;33.926201;31.981899;31.3507;28.908899;27.737101;26.597401;25.4893;24.412399;23.885599;22.8547;22.3505;22.3505;21.853901;20.8827;20.408199;20.408199;1;1;1;1;1;1;1;1;1;1;1;1;1;1;1;1;1;1;1;1;1;1;1;1;1;1;1;1;1;1;1
88641000;2;11/2010;1;1;40.228699;12.3638;17.7377;16;30;1;1;1;0.0;0;19.4807;18.581699;17.7108;17.7108;16.867599;17.7108;18.581699;17.7108;17.7108;18.581699;21.853901;20.408199;17.7108;16.4562;18.581699;40.228699;25.4893;19.4807;17.7108;16.4562;15.6536;14.8775;14.1276;13.7622;13.4032;13.7622;13.4032;13.0505;12.7041;12.3638;;1;1;1;1;1;1;1;1;1;1;1;1;1;1;1;1;1;1;1;1;1;1;1;1;1;1;1;1;1;1;
88641000;2;12/2010;1;1;19.4807;7.2333002;10.7595;19;30;1;1;1;0.0;0;12.0297;11.7016;13.0505;12.3638;11.7016;11.0635;10.449;9.8577003;9.2890997;9.5705996;9.5705996;9.8577003;9.8577003;9.8577003;10.449;9.8577003;9.2890997;9.2890997;19.4807;19.4807;14.4993;12.3638;10.7533;9.8577003;9.5705996;9.2890997;8.7427998;8.2184;7.7154002;7.2333002;7.2333002;1;1;1;1;1;1;1;1;1;1;1;1;1;1;1;1;1;1;1;1;1;1;1;1;1;1;1;1;1;1;1
88641000;2;01/2011;1;1;18.142799;6.1169;10.3517;9;23;1;1;1;0.0;0;7.0;6.7718;8.2184;9.5705996;10.449;11.7016;16.0516;16.867599;18.142799;17.285801;16.867599;13.4032;13.0505;16.867599;11.7016;9.5705996;8.2184;7.7154002;7.2333002;6.7718;6.5485001;6.3302999;6.1169;6.5485001;6.3302999;6.3302999;8.2184;12.7041;11.0635;9.2890997;7.9642;1;1;1;1;1;1;1;1;1;1;1;1;1;1;1;1;1;1;1;1;1;1;1;1;1;1;1;1;1;1;1
88641000;2;02/2011;1;1;29.507;6.3302999;10.3217;11;21;1;1;1;0.0;0;9.2890997;9.8577003;11.0635;8.7427998;7.7154002;8.4778996;9.8577003;7.7154002;9.8577003;26.597401;29.507;19.4807;14.8775;12.0297;10.449;8.7427998;8.2184;7.4717999;7.0;6.5485001;6.3302999;6.3302999;6.3302999;6.7718;7.9642;8.2184;7.2333002;6.3302999;;;;1;1;1;1;1;1;1;1;1;1;1;1;1;1;1;1;1;1;1;1;1;1;1;1;1;1;1;1;;;
88641000;2;03/2011;1;1;35.265301;4.4081998;9.1092997;27;23;1;1;1;0.0;0;5.9084001;5.5057001;5.1216998;5.1216998;4.9366002;4.756;4.756;4.5798998;4.5798998;4.5798998;5.9084001;13.0505;11.0635;7.7154002;6.3302999;5.5057001;5.1216998;5.5057001;8.2184;6.1169;5.1216998;4.756;4.4081998;7.9642;14.8775;28.319;35.265301;21.364599;15.2623;11.3795;9.2890997;1;1;1;1;1;1;1;1;1;1;1;1;1;1;1;1;1;1;1;1;1;1;1;1;1;1;1;1;1;1;1
88641000;2;04/2011;1;1;161.8963;5.1216998;18.097;24;8;1;1;1;0.0;0;8.2184;7.2333002;6.7718;6.3302999;6.1169;5.9084001;5.5057001;5.1216998;5.3113999;5.5057001;5.5057001;5.5057001;5.5057001;5.1216998;5.1216998;5.9084001;7.7154002;14.1276;15.2623;10.449;10.1505;30.1133;61.723;161.8963;41.727798;27.737101;21.364599;17.285801;15.2623;13.4032;;1;1;1;1;1;1;1;1;1;1;1;1;1;1;1;1;1;1;1;1;1;1;1;1;1;1;1;1;1;1;
88641000;2;05/2011;1;1;129.61189;6.7718;19.0945;26;22;1;1;1;0.0;0;11.3795;13.0505;27.1633;28.908899;19.4807;16.0516;13.7622;12.3638;11.0635;9.8577003;9.2890997;8.7427998;8.2184;7.4717999;8.2184;8.2184;8.4778996;7.9642;7.7154002;7.2333002;7.2333002;6.7718;7.2333002;9.2890997;30.1133;129.61189;52.388199;35.265301;26.597401;22.8547;19.9408;1;1;1;1;1;1;1;1;1;1;1;1;1;1;1;1;1;1;1;1;1;1;1;1;1;1;1;1;1;1;1
88641000;2;06/2011;1;1;898.16388;8.7427998;108.0472;20;15;1;1;1;0.0;0;17.7108;16.0516;15.2623;14.4993;13.4032;12.3638;12.0297;12.3638;13.0505;12.3638;11.3795;10.449;9.8577003;9.2890997;8.7427998;8.7427998;9.8577003;35.265301;120.462;898.16388;697.45532;456.1651;205.75;183.20219;116.6377;87.051102;72.105598;63.713902;52.388199;45.637299;;1;1;1;1;1;1;1;1;1;1;1;1;1;1;1;1;1;1;1;1;1;1;1;1;1;1;1;1;1;1;
88641000;2;07/2011;1;1;128.2854;20.408199;44.199001;16;13;1;1;1;0.0;0;40.973701;38.048199;33.926201;31.3507;30.1133;27.737101;26.597401;25.4893;24.412399;23.366301;22.3505;21.853901;20.408199;20.408199;54.174;128.2854;78.4506;60.743301;47.267101;42.4911;39.492901;40.973701;38.048199;33.926201;31.981899;30.1133;33.926201;35.265301;68.877502;123.0439;96.073601;1;1;1;1;1;1;1;1;1;1;1;1;1;1;1;1;1;1;1;1;1;1;1;1;1;1;1;1;1;1;1
88641000;2;08/2011;1;1;924.9342;45.637299;136.5675;3;26;1;1;1;0.0;0;67.823303;247.27049;924.9342;425.32339;222.6115;144.6288;110.3939;112.8719;133.6301;115.376;96.073601;80.560997;73.203697;69.942596;71.0186;63.713902;80.560997;79.502502;72.105598;80.560997;68.877502;56.0;52.388199;49.783798;48.096298;45.637299;45.637299;181.6391;241.8833;97.231003;74.312798;1;1;1;1;1;1;1;1;1;1;1;1;1;1;1;1;1;1;1;1;1;1;1;1;1;1;1;1;1;1;1
88641000;2;09/2011;1;1;240.1001;25.4893;52.358101;6;29;1;1;1;0.0;0;60.743301;54.174;49.783798;46.447498;91.509697;240.1001;98.394897;71.0186;61.723;56.0;50.642101;45.637299;42.4911;38.048199;34.5914;32.621498;31.3507;35.265301;40.228699;42.4911;63.713902;44.045502;36.639099;33.926201;32.621498;30.1133;27.737101;26.597401;25.4893;26.597401;;1;1;1;1;1;1;1;1;1;1;1;1;1;1;1;1;1;1;1;1;1;1;1;1;1;1;1;1;1;1;
88641000;2;10/2011;1;1;420.66919;30.1133;83.603699;2;31;1;1;1;0.0;0;406.85229;420.66919;175.45;96.073601;76.366699;67.823303;57.866501;87.051102;128.2854;77.405296;63.713902;54.174;50.642101;77.405296;65.7472;49.783798;44.8367;40.973701;38.048199;35.265301;33.2696;31.3507;40.973701;42.4911;72.105598;63.713902;51.510201;42.4911;36.639099;32.621498;30.1133;1;1;1;1;1;1;1;1;1;1;1;1;1;1;1;1;1;1;1;1;1;1;1;1;1;1;1;1;1;1;1
88641000;2;11/2011;1;1;56.0;12.3638;19.8556;11;29;1;1;1;0.0;0;27.737101;26.597401;24.947001;22.8547;21.364599;20.408199;19.4807;19.027599;17.7108;20.8827;56.0;29.507;23.366301;20.408199;18.581699;17.7108;16.867599;16.0516;15.2623;14.4993;14.1276;14.8775;19.027599;18.142799;15.6536;13.4032;13.0505;12.7041;12.3638;13.0505;;1;1;1;1;1;1;1;1;1;1;1;1;1;1;1;1;1;1;1;1;1;1;1;1;1;1;1;1;1;1;
88641000;2;12/2011;1;1;21.853901;7.7154002;11.2257;16;31;1;1;1;0.0;0;13.4032;12.3638;11.7016;11.3795;10.449;10.449;12.7041;11.7016;10.7533;10.1505;9.8577003;9.5705996;9.5705996;9.2890997;14.1276;21.853901;19.4807;14.1276;13.4032;12.0297;10.449;9.8577003;9.2890997;9.2890997;9.2890997;9.2890997;9.0131998;8.7427998;8.4778996;8.2184;7.7154002;1;1;1;1;1;1;1;1;1;1;1;1;1;1;1;1;1;1;1;1;1;1;1;1;1;1;1;1;1;1;1
88641000;2;01/2012;1;1;11.0635;5.1216998;6.6287999;25;22;1;1;1;0.0;0;7.9642;7.7154002;8.2184;7.9642;7.7154002;7.0;6.5485001;6.3302999;6.1169;5.9084001;5.9084001;5.7047;5.9084001;6.1169;6.3302999;6.3302999;6.1169;5.9084001;5.7047;5.5057001;5.3113999;5.1216998;6.3302999;6.7718;11.0635;6.7718;8.4778996;7.4717999;6.3302999;5.7047;5.1216998;1;1;1;1;1;1;1;1;1;1;1;1;1;1;1;1;1;1;1;1;1;1;1;1;1;1;1;1;1;1;1
88641000;2;02/2012;1;1;69.942596;4.9366002;13.0063;7;2;1;1;1;0.0;0;5.1216998;4.9366002;4.9366002;5.5057001;9.5705996;14.4993;69.942596;39.492901;26.597401;18.581699;14.1276;11.7016;10.449;9.2890997;8.7427998;7.7154002;6.7718;7.7154002;13.4032;13.0505;12.3638;10.449;8.7427998;7.7154002;7.2333002;7.0;6.3302999;5.9084001;9.2890997;;;1;1;1;1;1;1;1;1;1;1;1;1;1;1;1;1;1;1;1;1;1;1;1;1;1;1;1;1;1;;
88641000;2;03/2012;1;1;128.2854;5.7047;19.446199;1;31;1;1;1;0.0;0;128.2854;125.6517;48.096298;28.908899;23.885599;19.4807;16.0516;14.1276;13.0505;12.0297;11.3795;10.1505;11.0635;11.0635;9.8577003;9.2890997;8.7427998;8.2184;8.2184;7.2333002;6.7718;7.2333002;8.4778996;9.5705996;7.7154002;7.2333002;6.7718;6.3302999;6.3302999;5.9084001;5.7047;1;1;1;1;1;1;1;1;1;1;1;1;1;1;1;1;1;1;1;1;1;1;1;1;1;1;1;1;1;1;1
88641000;2;04/2012;1;1;9.2890997;4.2407999;6.0454998;7;26;1;1;1;0.0;0;5.5057001;5.3113999;5.1216998;5.1216998;5.5057001;5.5057001;9.2890997;8.7427998;7.0;6.3302999;5.9084001;8.2184;8.2184;7.2333002;7.2333002;6.7718;6.7718;6.3302999;5.5057001;5.1216998;5.1216998;5.1216998;4.9366002;4.756;4.5798998;4.2407999;4.2407999;4.2407999;5.9084001;7.4717999;;1;1;1;1;1;1;1;1;1;1;1;1;1;1;1;1;1;1;1;1;1;1;1;1;1;1;1;1;1;1;
88641000;2;05/2012;1;1;7.2333002;3.6136;4.3252001;1;24;1;1;1;0.0;0;7.2333002;6.7718;5.9084001;4.9366002;4.756;4.756;4.756;4.5798998;4.4081998;4.4081998;4.2407999;4.0777001;4.0777001;3.9188001;3.9188001;3.7642;3.9188001;3.9188001;3.7642;3.7642;3.7642;3.7642;3.7642;3.6136;3.6136;3.6136;3.9188001;3.9188001;4.0777001;4.0777001;4.0777001;1;1;1;1;1;1;1;1;1;1;1;1;1;1;1;1;1;1;1;1;1;1;1;1;1;1;1;1;1;1;1
88641000;2;06/2012;1;1;25.4893;3.3247001;5.3917999;30;11;1;1;1;0.0;0;4.0777001;4.0777001;3.9188001;3.7642;3.7642;3.6136;3.6136;3.4670999;3.4670999;3.4670999;3.3247001;3.4670999;3.6136;3.7642;4.5798998;6.7718;9.8577003;8.7427998;7.4717999;6.7718;6.1169;5.3113999;4.756;4.4081998;4.2407999;4.0777001;3.9188001;3.9188001;3.9188001;25.4893;;1;1;1;1;1;1;1;1;1;1;1;1;1;1;1;1;1;1;1;1;1;1;1;1;1;1;1;1;1;1;
88641000;2;07/2012;1;1;565.42352;12.7041;68.274597;4;28;1;1;1;0.0;0;192.714;40.973701;31.3507;565.42352;275.0466;160.4222;191.1129;103.1161;63.713902;45.637299;42.4911;37.339199;32.621498;29.507;26.0394;23.366301;21.853901;20.408199;19.4807;18.581699;17.7108;16.4562;15.2623;14.4993;14.1276;13.4032;13.4032;12.7041;16.4562;20.408199;20.8827;1;1;1;1;1;1;1;1;1;1;1;1;1;1;1;1;1;1;1;1;1;1;1;1;1;1;1;1;1;1;1
88641000;2;08/2012;1;1;180.08231;21.364599;46.631699;2;12;1;1;1;0.0;0;87.051102;180.08231;59.773998;44.045502;38.765999;35.9478;31.981899;29.507;26.597401;24.412399;22.8547;21.364599;28.908899;49.783798;35.265301;28.908899;25.4893;23.366301;27.737101;55.082001;103.1161;71.0186;50.642101;40.973701;40.973701;63.713902;46.447498;42.4911;38.048199;36.639099;34.5914;1;1;1;1;1;1;1;1;1;1;1;1;1;1;1;1;1;1;1;1;1;1;1;1;1;1;1;1;1;1;1
88641000;2;09/2012;1;1;1239.9434;16.0516;111.5513;19;15;1;1;1;0.0;0;31.3507;28.319;26.597401;24.412399;22.3505;22.3505;22.8547;23.885599;23.885599;24.412399;21.364599;19.4807;18.581699;16.867599;16.0516;21.853901;28.908899;278.85559;1239.9434;576.1496;250.8931;139.078;98.394897;78.4506;64.725304;56.0;48.9352;44.045502;39.492901;38.048199;;1;1;1;1;1;1;1;1;1;1;1;1;1;1;1;1;1;1;1;1;1;1;1;1;1;1;1;1;1;1;
88641000;2;10/2012;1;1;861.96271;30.7279;112.7925;10;29;1;1;1;0.0;0;52.388199;58.815102;45.637299;39.492901;35.265301;32.621498;32.621498;39.492901;173.91859;861.96271;642.50421;314.24979;172.3936;120.462;93.778503;78.4506;67.823303;57.866501;52.388199;47.267101;44.045502;43.263599;74.312798;65.7472;46.447498;39.492901;35.265301;32.621498;30.7279;32.621498;32.621498;1;1;1;1;1;1;1;1;1;1;1;1;1;1;1;1;1;1;1;1;1;1;1;1;1;1;1;1;1;1;1
88641000;2;11/2012;1;1;56.0;13.7622;22.821301;23;30;1;1;1;0.0;0;31.3507;28.319;25.4893;23.885599;21.364599;19.9408;19.4807;18.581699;17.7108;17.285801;20.8827;35.265301;38.048199;30.1133;24.947001;21.853901;19.4807;19.027599;16.867599;16.867599;16.867599;15.6536;56.0;27.737101;23.366301;19.027599;16.4562;14.8775;14.1276;13.7622;;1;1;1;1;1;1;1;1;1;1;1;1;1;1;1;1;1;1;1;1;1;1;1;1;1;1;1;1;1;1;
88641000;2;12/2012;1;1;37.339199;9.8577003;15.4694;28;25;1;1;1;0.0;0;13.7622;13.4032;13.0505;12.3638;11.7016;11.3795;11.7016;14.1276;17.7108;14.8775;19.9408;26.597401;22.3505;16.4562;13.7622;12.7041;11.7016;11.0635;10.7533;11.0635;10.7533;11.3795;11.7016;11.0635;9.8577003;13.4032;30.1133;37.339199;24.412399;15.6536;13.4032;1;1;1;1;1;1;1;1;1;1;1;1;1;1;1;1;1;1;1;1;1;1;1;1;1;1;1;1;1;1;1
88641000;2;01/2013;1;1;84.861298;8.2184;21.153;2;31;1;1;1;0.0;0;50.642101;84.861298;36.639099;25.4893;20.408199;17.285801;16.0516;22.8547;39.492901;29.507;21.364599;17.7108;15.2623;13.4032;12.7041;11.7016;11.0635;14.4993;38.048199;22.3505;19.9408;15.6536;13.4032;12.0297;11.7016;12.7041;11.7016;10.449;9.8577003;8.7427998;8.2184;1;1;1;1;1;1;1;1;1;1;1;1;1;1;1;1;1;1;1;1;1;1;1;1;1;1;1;1;1;1;1
88641000;2;02/2013;1;1;40.973701;6.5485001;13.3266;15;10;1;1;1;0.0;0;7.7154002;7.7154002;8.7427998;10.1505;8.7427998;8.2184;7.2333002;7.0;6.7718;6.5485001;6.5485001;7.0;8.7427998;18.581699;40.973701;24.412399;15.2623;12.3638;10.449;10.449;15.2623;31.981899;27.1633;18.581699;14.1276;12.3638;10.7533;9.2890997;;;;1;1;1;1;1;1;1;1;1;1;1;1;1;1;1;1;1;1;1;1;1;1;1;1;1;1;1;1;;;
88641000;2;03/2013;1;1;8.2184;4.4081998;5.7428999;1;31;1;1;1;0.0;0;8.2184;7.9642;7.2333002;7.0;6.7718;6.3302999;6.1169;5.9084001;5.7047;5.5057001;5.5057001;5.5057001;5.3113999;5.1216998;5.1216998;4.756;4.756;4.5798998;4.5798998;4.9366002;5.7047;6.7718;7.2333002;6.7718;5.5057001;5.3113999;5.1216998;4.9366002;4.756;4.5798998;4.4081998;1;1;1;1;1;1;1;1;1;1;1;1;1;1;1;1;1;1;1;1;1;1;1;1;1;1;1;1;1;1;1
88641000;2;04/2013;1;1;71.0186;4.2407999;12.5459;5;1;1;1;1;0.0;0;4.2407999;4.2407999;4.4081998;15.2623;71.0186;40.973701;22.8547;14.4993;11.0635;9.2890997;7.2333002;14.1276;22.8547;17.7108;13.4032;10.7533;9.2890997;8.4778996;7.7154002;7.2333002;6.7718;6.5485001;6.1169;5.9084001;5.7047;5.5057001;5.3113999;5.1216998;5.5057001;7.2333002;;1;1;1;1;1;1;1;1;1;1;1;1;1;1;1;1;1;1;1;1;1;1;1;1;1;1;1;1;1;1;
88641000;2;05/2013;1;1;173.91859;7.2333002;22.7992;30;3;1;1;1;0.0;0;8.7427998;7.7154002;7.2333002;54.174;54.174;25.4893;18.581699;14.8775;13.0505;11.7016;10.449;9.5705996;9.2890997;8.7427998;9.0131998;9.8577003;11.0635;9.5705996;8.7427998;11.0635;16.867599;18.581699;14.8775;13.0505;12.3638;11.3795;10.449;9.2890997;14.4993;173.91859;98.394897;1;1;1;1;1;1;1;1;1;1;1;1;1;1;1;1;1;1;1;1;1;1;1;1;1;1;1;1;1;1;1
88641000;2;06/2013;1;1;210.74249;9.2890997;44.014599;23;20;1;1;1;0.0;0;47.267101;33.926201;31.3507;26.597401;25.4893;22.3505;19.4807;17.7108;16.0516;14.1276;13.4032;12.7041;12.3638;11.3795;11.0635;10.449;10.1505;9.8577003;9.5705996;9.2890997;10.7533;150.2823;210.74249;72.105598;121.7497;104.3127;54.174;50.642101;82.697899;98.394897;;1;1;1;1;1;1;1;1;1;1;1;1;1;1;1;1;1;1;1;1;1;1;1;1;1;1;1;1;1;1;
88641000;2;07/2013;1;1;217.48711;15.6536;48.8755;6;31;1;1;1;0.0;0;50.642101;33.926201;28.908899;27.737101;150.2823;217.48711;154.5896;103.1161;71.0186;54.174;47.267101;40.973701;43.263599;47.267101;39.492901;33.926201;28.908899;31.3507;40.973701;38.048199;28.908899;26.597401;25.4893;22.8547;20.8827;20.8827;19.4807;17.7108;16.867599;16.4562;15.6536;1;1;1;1;1;1;1;1;1;1;1;1;1;1;1;1;1;1;1;1;1;1;1;1;1;1;1;1;1;1;1
88641000;2;08/2013;1;1;254.5406;15.2623;51.593498;3;1;1;1;1;0.0;0;15.2623;42.4911;254.5406;154.5896;67.823303;48.9352;42.4911;55.082001;73.203697;80.560997;51.510201;44.8367;39.492901;35.265301;31.981899;28.908899;26.597401;24.947001;23.366301;22.3505;20.8827;22.3505;54.174;56.0;33.926201;63.713902;46.447498;40.228699;35.9478;31.981899;29.507;1;1;1;1;1;1;1;1;1;1;1;1;1;1;1;1;1;1;1;1;1;1;1;1;1;1;1;1;1;1;1
88641000;2;09/2013;1;1;1186.3136;12.3638;156.33389;16;14;1;1;1;0.0;0;25.4893;23.885599;22.8547;21.364599;19.4807;18.142799;16.867599;17.285801;20.408199;19.4807;16.0516;14.4993;13.4032;12.3638;164.86369;1186.3136;498.03439;186.3475;112.8719;76.366699;65.7472;56.928101;57.866501;384.30969;829.66467;349.50891;173.91859;117.906;90.385201;77.405296;;1;1;1;1;1;1;1;1;1;1;1;1;1;1;1;1;1;1;1;1;1;1;1;1;1;1;1;1;1;1;
88641000;2;10/2013;1;1;1903.283;31.3507;228.11591;27;12;1;1;1;0.0;0;67.823303;58.815102;50.642101;51.510201;94.922798;59.773998;47.267101;41.727798;38.048199;34.5914;31.981899;31.3507;148.8593;202.45309;79.502502;56.0;47.267101;44.045502;39.492901;41.727798;56.0;205.75;136.3412;1046.417;552.15021;539.02612;1903.283;727.2326;300.2478;192.714;144.6288;1;1;1;1;1;1;1;1;1;1;1;1;1;1;1;1;1;1;1;1;1;1;1;1;1;1;1;1;1;1;1
88641000;2;11/2013;1;1;1358.634;54.174;226.5155;13;30;1;1;1;0.0;0;120.462;101.926;161.8963;170.87489;105.5159;89.267197;77.405296;69.942596;74.312798;107.9418;560.09631;1282.8672;1358.634;430.0018;234.7878;332.6955;238.3231;154.5896;128.2854;136.3412;153.1474;120.462;104.3127;89.267197;79.502502;72.105598;65.7472;62.7132;57.866501;54.174;;1;1;1;1;1;1;1;1;1;1;1;1;1;1;1;1;1;1;1;1;1;1;1;1;1;1;1;1;1;1;
88641000;2;12/2013;1;1;48.9352;18.581699;31.0811;1;28;1;1;1;0.0;0;48.9352;45.637299;47.267101;43.263599;39.492901;40.973701;38.048199;36.639099;35.265301;32.621498;32.621498;33.2696;32.621498;31.3507;28.908899;28.908899;28.908899;27.737101;27.1633;26.597401;25.4893;24.412399;23.366301;21.364599;19.9408;19.4807;19.027599;18.581699;28.908899;26.597401;30.1133;1;1;1;1;1;1;1;1;1;1;1;1;1;1;1;1;1;1;1;1;1;1;1;1;1;1;1;1;1;1;1
88641000;2;01/2014;1;1;614.44067;19.027599;95.071198;15;7;1;1;1;0.0;0;50.642101;36.639099;28.319;25.4893;23.366301;20.8827;19.027599;40.973701;52.388199;32.621498;31.3507;56.928101;64.725304;400.0257;614.44067;238.3231;114.1207;69.942596;56.928101;48.9352;42.4911;67.823303;209.07201;73.203697;63.713902;57.866501;44.8367;89.267197;74.312798;88.1558;110.3939;1;1;1;1;1;1;1;1;1;1;1;1;1;1;1;1;1;1;1;1;1;1;1;1;1;1;1;1;1;1;1
88641000;2;02/2014;1;1;773.0011;54.174;209.24339;28;10;1;1;1;0.0;0;123.0439;158.9545;625.59491;493.0184;175.45;103.1161;84.861298;75.334702;61.723;54.174;318.30579;236.55231;296.3027;518.3385;341.05319;153.1474;110.3939;88.1558;74.312798;63.713902;59.773998;57.866501;72.105598;88.1558;64.725304;79.502502;508.13849;773.0011;;;;1;1;1;1;1;1;1;1;1;1;1;1;1;1;1;1;1;1;1;1;1;1;1;1;1;1;1;1;;;
88641000;2;03/2014;1;1;570.7746;42.4911;148.0627;18;15;1;1;1;0.0;0;384.30969;207.4079;125.6517;110.3939;143.23151;164.86369;96.073601;80.560997;69.942596;61.723;56.0;54.174;48.9352;44.045502;42.4911;80.560997;439.43109;570.7746;199.1815;332.6955;425.32339;156.03819;112.8719;91.509697;80.560997;71.0186;63.713902;55.082001;59.773998;67.823303;93.778503;1;1;1;1;1;1;1;1;1;1;1;1;1;1;1;1;1;1;1;1;1;1;1;1;1;1;1;1;1;1;1
88641000;2;04/2014;1;1;406.85229;31.981899;103.3023;9;30;1;1;1;0.0;0;78.4506;65.7472;58.815102;54.174;48.096298;44.045502;40.973701;39.492901;406.85229;382.0889;158.9545;393.25381;269.37949;144.6288;110.3939;93.778503;80.560997;72.105598;72.105598;66.7799;56.928101;50.642101;47.267101;42.4911;40.973701;39.492901;38.048199;36.639099;33.926201;31.981899;;1;1;1;1;1;1;1;1;1;1;1;1;1;1;1;1;1;1;1;1;1;1;1;1;1;1;1;1;1;1;
88641000;2;05/2014;1;1;109.1646;14.4993;33.179901;5;31;1;1;1;0.0;0;33.2696;32.621498;35.9478;42.4911;109.1646;72.105598;52.388199;45.637299;40.973701;38.765999;38.048199;35.265301;34.5914;38.048199;35.265301;32.621498;30.1133;28.908899;26.597401;24.412399;23.366301;21.364599;20.408199;19.4807;18.581699;18.142799;17.7108;16.867599;15.6536;15.2623;14.4993;1;1;1;1;1;1;1;1;1;1;1;1;1;1;1;1;1;1;1;1;1;1;1;1;1;1;1;1;1;1;1
88641000;2;06/2014;1;1;1141.2391;19.4807;78.327301;30;24;1;1;1;0.0;0;21.364599;48.9352;44.045502;38.048199;33.926201;39.492901;38.048199;33.926201;31.3507;32.621498;33.926201;32.621498;31.981899;48.9352;45.637299;36.639099;31.981899;30.1133;27.737101;26.597401;24.412399;22.8547;20.8827;19.4807;20.408199;40.228699;48.9352;59.773998;243.67281;1141.2391;;1;1;1;1;1;1;1;1;1;1;1;1;1;1;1;1;1;1;1;1;1;1;1;1;1;1;1;1;1;1;
88641000;2;07/2014;1;1;1628.9233;78.4506;377.61929;24;16;1;1;1;0.0;0;1057.1593;448.95721;240.1001;202.45309;715.25098;928.30658;676.96198;312.23099;210.74249;157.4931;132.2843;111.6296;98.394897;94.922798;91.509697;78.4506;133.6301;659.62659;493.0184;226.0592;160.4222;144.6288;402.2951;1628.9233;914.85168;397.7623;250.8931;192.714;158.9545;156.03819;229.53191;1;1;1;1;1;1;1;1;1;1;1;1;1;1;1;1;1;1;1;1;1;1;1;1;1;1;1;1;1;1;1
88641000;2;08/2014;1;1;298.27209;39.492901;101.3294;2;30;1;1;1;0.0;0;167.8566;298.27209;202.45309;254.5406;217.48711;144.6288;128.2854;124.3446;107.9418;93.778503;98.394897;136.3412;117.906;91.509697;81.626099;74.312798;71.0186;67.823303;63.713902;60.743301;57.866501;54.174;56.0;48.9352;52.388199;50.642101;47.267101;44.045502;40.973701;39.492901;46.447498;1;1;1;1;1;1;1;1;1;1;1;1;1;1;1;1;1;1;1;1;1;1;1;1;1;1;1;1;1;1;1
88641000;2;09/2014;1;1;742.34192;48.9352;123.2231;11;5;1;1;1;0.0;0;72.105598;54.174;80.560997;84.861298;48.9352;104.3127;94.922798;84.861298;59.773998;156.03819;742.34192;320.34299;191.1129;209.07201;161.8963;161.8963;117.906;98.394897;87.051102;85.952904;82.697899;72.105598;65.7472;76.366699;88.1558;67.823303;61.723;54.174;50.642101;60.743301;;1;1;1;1;1;1;1;1;1;1;1;1;1;1;1;1;1;1;1;1;1;1;1;1;1;1;1;1;1;1;
88641000;2;10/2014;1;1;1893.8127;50.642101;296.02481;17;5;1;1;1;0.0;0;91.509697;109.1646;72.105598;60.743301;50.642101;53.2761;61.723;54.174;50.642101;117.906;622.79749;353.7735;441.80359;236.55231;143.23151;388.76959;1893.8127;721.22998;589.69122;674.05798;296.3027;197.55521;147.4427;126.9653;110.3939;98.394897;87.051102;78.4506;69.942596;589.69122;586.97089;1;1;1;1;1;1;1;1;1;1;1;1;1;1;1;1;1;1;1;1;1;1;1;1;1;1;1;1;1;1;1
88641000;2;11/2014;1;1;2018.6677;31.3507;195.4285;4;30;1;1;1;0.0;0;156.03819;143.23151;292.38229;2018.6677;1100.6473;358.06259;219.189;170.87489;129.61189;120.462;105.5159;100.7424;99.565399;89.267197;76.366699;69.942596;55.082001;56.0;53.2761;48.9352;47.267101;45.637299;45.637299;44.8367;40.973701;38.765999;36.639099;35.265301;32.621498;31.3507;;1;1;1;1;1;1;1;1;1;1;1;1;1;1;1;1;1;1;1;1;1;1;1;1;1;1;1;1;1;1;
88641000;2;12/2014;1;1;199.1815;22.8547;43.6306;22;9;1;1;1;0.0;0;30.7279;35.265301;39.492901;47.267101;39.492901;31.3507;27.1633;25.4893;22.8547;62.7132;67.823303;36.639099;31.3507;27.737101;26.0394;24.412399;26.597401;31.3507;32.621498;30.1133;101.926;199.1815;82.697899;55.082001;39.492901;34.5914;30.7279;31.3507;28.908899;26.597401;25.4893;1;1;1;1;1;1;1;1;1;1;1;1;1;1;1;1;1;1;1;1;1;1;1;1;1;1;1;1;1;1;1
88641000;1;01/2015;1;1;230.60899;36.545601;86.433403;8;27;1;1;1;;0;39.320499;121.7473;102.1845;60.5378;42.882999;39.320499;69.111298;230.60899;136.4873;110.7541;83.671898;93.822098;71.957199;115.1144;120.6342;79.709198;67.232903;60.5378;55.738899;76.774803;81.683502;54.952;48.792999;42.1623;40.733101;44.336601;36.545601;38.620399;214.68919;209.0486;89.720901;;;;;;;;;;;;;;;;;;;;;;;;;;;;;;;
88641000;1;02/2015;1;1;60.5378;19.1516;30.719601;1;19;1;1;1;;0;60.5378;51.841999;48.040401;43.6077;40.0247;36.545601;34.5093;32.512299;29.273399;28.6394;30.555401;31.855499;29.9121;27.385201;24.933701;22.560101;21.9792;20.267;19.1516;32.512299;39.320499;26.7652;23.146099;23.146099;22.560101;19.706699;19.1516;19.706699;;;;1;1;1;1;1;1;1;1;1;1;1;1;1;1;1;1;1;1;1;1;1;1;1;1;1;1;1;1;0;0;0
88641000;1;03/2015;1;1;18.0574;4.2298999;9.2445002;1;25;1;1;1;;0;18.0574;16.4568;15.9344;14.9066;14.4013;13.4084;11.4948;10.1255;10.1255;10.5755;10.5755;9.6821003;9.2454004;9.2454004;8.8154001;8.8154001;10.1255;9.2454004;8.3922997;7.5672002;7.1655002;6.7711;5.6336999;4.5682001;4.2298999;4.2298999;4.9151001;4.9151001;4.9151001;5.2702999;6.7711;1;1;1;1;1;1;1;1;1;1;1;1;1;1;1;1;1;1;1;1;1;1;1;1;1;1;1;1;1;1;1
88641000;1;04/2015;1;1;18.0574;3.9003999;7.0560999;7;14;1;1;1;;0;15.4177;13.4084;9.6821003;6.7711;6.3843002;15.9344;18.0574;9.2454004;7.1655002;6.3843002;5.2702999;4.9151001;4.2298999;3.9003999;3.9003999;4.2298999;4.5682001;4.9151001;6.0050998;6.0050998;6.0050998;6.3843002;6.0050998;5.2702999;5.6336999;5.2702999;5.2702999;5.2702999;5.2702999;4.9151001;;1;1;1;1;1;1;1;1;1;1;1;1;1;1;1;1;1;1;1;1;1;1;1;1;1;1;1;1;1;1;
88641000;1;05/2015;1;1;40.733101;4.5682001;11.8082;29;9;1;1;1;;0;4.9151001;4.9151001;6.0050998;12.9208;13.9019;9.6821003;6.7711;4.9151001;4.5682001;4.5682001;10.1255;37.232899;25.5394;17.5184;11.964;8.3922997;7.1655002;6.0050998;5.6336999;5.2702999;4.9151001;4.5682001;4.5682001;4.5682001;4.9151001;5.6336999;6.0050998;17.5184;40.733101;37.232899;27.385201;1;1;1;1;1;1;1;1;1;1;1;1;1;1;1;1;1;1;1;1;1;1;1;1;1;1;1;1;1;1;1
88641000;1;06/2015;1;1;908.5;10.5755;116.0342;11;5;1;1;1;;0;20.8326;16.4568;13.4084;11.4948;10.5755;18.0574;54.952;40.0247;198.004;701.21442;908.5;353.4082;176.04089;126.2295;101.1277;81.683502;70.056099;62.166599;56.529598;51.074001;44.336601;44.336601;45.806198;49.5495;44.336601;40.0247;37.924599;35.862499;33.1735;33.839199;;;;;;;;;;;;;;;;;;;;;;;;;;;;;;;;0
88641000;1;07/2015;1;1;1080.0797;29.273399;132.8075;20;12;1;1;1;;0;36.545601;40.733101;35.862499;55.738899;54.1689;46.547001;39.320499;35.862499;34.5093;32.512299;30.555401;29.273399;33.839199;103.2445;104.3077;66.301003;60.5378;54.952;168.6311;1080.0797;667.24969;317.50519;195.2921;158.8992;127.3576;108.5926;96.933296;85.6744;77.749397;71.957199;66.301003;;;;;;;;;;;;;;;;;;;;;;;;;;;;;;;
88641000;1;08/2015;1;1;324.52399;56.529598;109.9529;19;2;1;1;1;;0;62.166599;56.529598;57.323898;104.3077;130.75929;229.13699;117.3132;90.741203;78.727501;69.111298;61.350399;68.170197;71.957199;84.671402;93.822098;76.774803;84.671402;210.45129;324.52399;308.845;161.3161;123.9824;102.1845;88.704102;76.774803;71.004799;101.1277;106.4438;72.9133;63.8097;58.9235;1;1;1;1;1;1;1;1;1;1;1;1;1;1;1;1;1;1;1;1;1;1;1;1;1;1;1;1;1;1;1
88641000;1;09/2015;1;1;2292.4451;31.855499;266.72101;25;15;1;1;1;;0;55.738899;56.529598;52.613899;50.309799;53.3895;49.5495;46.547001;45.069401;42.1623;39.320499;38.620399;37.924599;35.183701;33.1735;31.855499;35.862499;241.05209;116.2123;74.8367;63.8097;66.301003;360.83179;616.7254;1796.1887;2292.4451;766.2536;355.2565;232.086;172.3242;143.4557;;1;1;1;1;1;1;1;1;1;1;1;1;1;1;1;1;1;1;1;1;1;1;1;1;1;1;1;1;1;1;0
88641000;1;10/2015;1;1;1586.0087;78.727501;336.3316;16;7;1;1;1;;0;122.8633;115.1144;126.2295;103.2445;88.704102;79.709198;78.727501;176.04089;528.75391;475.4859;656.97742;805.5968;549.49762;319.25229;774.59711;1586.0087;445.78391;262.66971;207.6507;375.92291;822.7757;358.96829;239.54539;192.59979;163.7438;146.9781;134.18739;125.1045;117.3132;108.5926;137.6416;1;1;1;1;1;1;1;1;1;1;1;1;1;1;1;1;1;1;1;1;1;1;1;1;1;1;1;1;1;1;1
88641000;1;11/2015;1;1;680.20813;62.986401;156.5009;14;30;1;1;1;;0;163.7438;117.3132;103.2445;100.0742;108.5926;135.33591;105.3742;89.720901;81.683502;102.1845;349.72681;200.7356;433.3627;680.20813;262.66971;176.04089;146.9781;136.4873;123.9824;187.27431;144.627;111.8395;96.933296;85.6744;77.749397;72.9133;70.056099;90.741203;76.774803;62.986401;;;;;;;;;;;;;;;;;;;;;;;;;;;;;;;;0
88641000;1;12/2015;1;1;554.16443;43.6077;108.9717;19;17;1;1;1;;0;55.738899;51.074001;48.792999;125.1045;278.70969;100.0742;74.8367;59.728901;58.121899;55.738899;56.529598;49.5495;44.336601;54.952;77.749397;51.074001;43.6077;152.9043;554.16443;233.56799;117.3132;95.892899;133.04179;180.72771;142.2872;110.7541;91.764801;75.803902;70.056099;62.166599;71.957199;;;;;;;;;;;;;;;;;;;;;;;;;;;;;;;
88641000;1;01/2016;1;1;346.06561;22.560101;63.6576;6;29;1;1;1;;0;72.9133;60.5378;55.738899;52.613899;59.728901;346.06561;232.086;135.33591;102.1845;80.694603;71.004799;63.8097;58.121899;51.841999;47.291698;42.882999;39.320499;37.232899;35.183701;32.512299;30.555401;29.9121;29.273399;28.009899;26.1499;24.933701;23.737101;23.146099;22.560101;26.1499;31.855499;1;1;1;1;1;1;1;1;1;1;1;1;1;1;1;1;1;1;1;1;1;1;1;1;1;1;1;1;1;1;1
88641000;1;02/2016;1;1;49.5495;13.9019;21.678699;15;25;1;1;1;;0;24.332899;22.560101;21.4034;20.267;19.706699;19.1516;18.601801;18.0574;21.4034;24.332899;23.737101;19.1516;18.601801;45.806198;49.5495;29.273399;21.9792;19.706699;20.267;19.706699;17.5184;15.9344;14.9066;14.4013;13.9019;13.9019;16.9849;24.933701;18.601801;;;1;1;1;1;1;1;1;1;1;1;1;1;1;1;1;1;1;1;1;1;1;1;1;1;1;1;1;1;1;0;0
88641000;1;03/2016;1;1;866.55792;11.964;80.634102;27;18;1;1;1;;0;15.4177;13.9019;15.4177;19.706699;21.4034;18.0574;15.4177;14.4013;13.4084;12.9208;13.9019;16.9849;19.1516;16.4568;14.4013;12.9208;12.4393;11.964;12.4393;12.9208;21.4034;45.806198;35.862499;23.146099;19.1516;24.332899;866.55792;601.97571;283.61929;169.8595;104.3077;1;1;1;1;1;1;1;1;1;1;1;1;1;1;1;1;1;1;1;1;1;1;1;1;1;1;1;1;1;1;1
88641000;1;04/2016;1;1;1783.1896;62.986401;302.0072;25;3;1;1;1;;0;78.727501;67.232903;62.986401;71.957199;67.232903;114.0197;259.52161;166.1821;195.2921;151.71359;155.2941;531.03802;411.06949;417.08801;238.04359;151.71359;114.0197;96.933296;137.6416;288.5741;303.70941;501.74799;262.66971;437.4826;1783.1896;908.5;443.7009;277.08319;202.1087;163.7438;;;;;;;;;;;;;;;;;;;;;;;;;;;;;;;;0
88641000;1;05/2016;1;1;469.03629;53.3895;95.991203;16;14;1;1;1;;0;138.79871;121.7473;109.6718;101.1277;93.822098;77.749397;74.8367;69.111298;63.8097;68.170197;64.636597;59.728901;55.738899;53.3895;71.004799;469.03629;202.1087;136.4873;106.4438;93.822098;84.671402;76.774803;71.957199;68.170197;62.986401;58.9235;55.738899;54.952;56.529598;69.111298;84.671402;1;1;1;1;1;1;1;1;1;1;1;1;1;1;1;1;1;1;1;1;1;1;1;1;1;1;1;1;1;1;1
88641000;1;06/2016;1;1;64.636597;25.5394;38.595901;27;24;2;2;2;;0;62.986401;55.738899;51.841999;49.5495;46.547001;44.336601;43.6077;41.445599;39.320499;38.620399;37.924599;37.924599;37.232899;34.5093;31.855499;29.9121;30.555401;30.555401;29.273399;28.009899;27.385201;26.7652;26.1499;25.5394;25.5394;29.273399;64.636597;54.1689;42.1623;34.5093;;;;;;;;;;;;;;;;;;;;;;;;;;;;;;;2;0
88641000;1;07/2016;1;1;169.8595;24.332899;60.8022;7;4;1;1;1;;0;33.1735;30.555401;28.009899;24.332899;26.1499;125.1045;169.8595;83.671898;61.350399;65.467102;70.056099;91.764801;129.6225;80.694603;71.004799;64.636597;58.121899;51.841999;48.040401;45.069401;42.1623;41.445599;39.320499;37.232899;35.183701;48.040401;96.933296;57.323898;45.806198;41.445599;41.445599;;;;;;;;;;;;;;;;;;;;;;;;;;;;;;;
88641000;1;08/2016;1;1;521.93262;22.560101;59.886101;31;28;1;1;1;;0;36.545601;34.5093;32.512299;31.203199;44.336601;43.6077;82.675903;67.232903;46.547001;43.6077;40.733101;37.232899;34.5093;32.512299;31.203199;32.512299;35.862499;69.111298;40.733101;33.1735;31.855499;29.9121;28.009899;26.1499;24.332899;23.737101;23.146099;22.560101;37.924599;236.54671;521.93262;1;1;1;1;1;1;1;1;1;1;1;1;1;1;1;1;1;1;1;1;1;1;1;1;1;1;1;1;1;1;1
88641000;1;09/2016;1;1;462.63309;36.545601;173.98489;1;30;1;1;1;;0;462.63309;211.85899;162.52859;224.7507;265.83771;460.50891;411.06949;435.4201;241.05209;163.7438;125.1045;105.3742;357.10989;439.5502;176.04089;128.48849;108.5926;92.791801;81.683502;72.9133;67.232903;61.350399;56.529598;52.613899;48.040401;45.806198;43.6077;41.445599;39.320499;36.545601;;1;1;1;1;1;1;1;1;1;1;1;1;1;1;1;1;1;1;1;1;1;1;1;1;1;1;1;1;1;1;0
88641000;1;10/2016;1;1;220.409;21.9792;59.0825;20;12;1;1;1;;0;34.5093;33.1735;31.855499;29.9121;31.203199;30.555401;29.273399;27.385201;25.5394;24.332899;22.560101;21.9792;21.9792;21.9792;21.9792;35.862499;172.3242;157.69479;95.892899;220.409;142.2872;88.704102;71.004799;60.5378;54.1689;54.1689;64.636597;67.232903;52.613899;45.069401;40.733101;1;1;1;1;1;1;1;1;1;1;1;1;1;1;1;1;1;1;1;1;1;1;1;1;1;1;1;1;1;1;1
88641000;1;11/2016;1;1;899.42462;22.560101;99.935699;2;26;1;1;1;;0;38.620399;899.42462;659.5376;214.68919;133.04179;101.1277;83.671898;68.170197;61.350399;58.121899;54.952;48.792999;43.6077;39.320499;37.232899;35.183701;38.620399;45.069401;42.882999;34.5093;31.203199;29.273399;27.385201;26.1499;26.1499;22.560101;22.560101;26.1499;26.1499;22.560101;;1;1;1;1;1;1;1;1;1;1;1;1;1;1;1;1;1;1;1;1;1;1;1;1;1;1;1;1;1;1;0
88641000;1;12/2016;1;1;44.336601;7.5672002;16.256701;27;21;1;1;1;;0;19.706699;18.0574;16.9849;25.5394;27.385201;21.4034;16.9849;15.4177;13.9019;12.4393;11.4948;11.032;10.1255;9.6821003;9.2454004;8.3922997;8.3922997;8.3922997;8.3922997;7.9762001;7.5672002;7.5672002;7.9762001;8.3922997;10.5755;35.183701;44.336601;37.924599;26.7652;20.267;16.4568;1;1;1;1;1;1;1;1;1;1;1;1;1;1;1;1;1;1;1;1;1;1;1;1;1;1;1;1;1;1;1
88641000;1;01/2017;1;1;47.291698;6.7711;18.761101;17;31;1;1;1;;0;15.9344;13.4084;10.5755;11.032;22.560101;37.924599;22.560101;18.601801;12.9208;16.9849;35.183701;28.6394;18.601801;16.4568;23.737101;28.6394;47.291698;44.336601;23.737101;21.4034;15.9344;13.4084;11.032;10.1255;8.8154001;9.6821003;9.2454004;9.6821003;8.3922997;7.9762001;6.7711;1;1;1;1;1;1;1;1;1;1;1;1;1;1;1;1;1;1;1;1;1;1;1;1;1;1;1;1;1;1;1
88641000;1;02/2017;1;1;56.529598;4.5682001;17.6399;14;11;1;1;1;;0;6.7711;8.3922997;18.601801;9.6821003;10.1255;11.4948;9.2454004;5.2702999;6.7711;5.2702999;4.5682001;7.1655002;16.4568;56.529598;27.385201;16.9849;14.4013;20.267;21.4034;18.601801;14.9066;14.4013;45.806198;37.924599;36.545601;18.0574;16.9849;13.9019;;;;1;1;1;1;1;1;1;1;1;1;1;1;1;1;1;1;1;1;1;1;1;1;1;1;1;1;1;1;0;0;0
88641000;1;03/2017;1;1;335.2038;10.1255;58.603199;13;3;3;3;3;;0;11.964;10.5755;10.1255;14.4013;42.1623;35.183701;21.9792;16.4568;14.4013;92.791801;163.7438;176.8586;335.2038;115.1144;67.232903;131.89909;126.2295;66.301003;49.5495;42.1623;35.862499;31.203199;28.009899;25.5394;32.512299;24.933701;21.9792;20.267;18.601801;17.5184;15.9344;;;;;;;;;;;;;3;;;;;;;;;;;;;;;;;;
88641000;1;04/2017;1;1;528.75391;11.032;58.1632;11;8;1;1;1;;0;14.9066;13.9019;12.9208;12.9208;12.4393;11.964;11.4948;11.032;11.032;31.203199;528.75391;312.29401;93.822098;59.728901;50.309799;68.170197;80.694603;51.074001;45.069401;40.733101;37.232899;35.183701;33.1735;28.009899;26.1499;24.332899;24.332899;23.146099;20.267;18.601801;;1;1;1;1;1;1;1;1;1;1;1;1;1;1;1;1;1;1;1;1;1;1;1;1;1;1;1;1;1;1;0
88641000;1;05/2017;1;1;2052.6311;12.4393;240.5829;26;11;3;3;3;;0;17.5184;16.4568;15.9344;15.4177;14.9066;14.4013;13.9019;13.4084;12.9208;12.9208;12.4393;12.9208;542.53638;780.18579;261.09311;155.2941;116.2123;83.671898;41.445599;99.023903;307.12811;288.5741;128.48849;101.1277;322.76169;2052.6311;1110.1965;290.23569;241.05209;200.7356;162.52859;;;;;;;;;;;;;;;;;;;3;;;;;;;;;;;;
88641000;1;06/2017;1;1;353.4082;50.309799;110.1169;10;28;1;1;1;;0;142.2872;119.5241;109.6718;97.976997;93.822098;86.680801;86.680801;88.704102;211.85899;353.4082;173.5605;136.4873;103.2445;89.720901;85.6744;83.671898;77.749397;81.683502;115.1144;94.855797;70.056099;65.467102;64.636597;58.9235;56.529598;54.1689;51.841999;50.309799;54.952;344.24271;;;;;;;;;;;;;;;;;;;;;;;;;;;;;;;;0
88641000;1;07/2017;1;1;242.5639;34.5093;67.876297;1;31;1;1;1;;0;242.5639;125.1045;103.2445;87.690804;79.709198;72.9133;65.467102;61.350399;57.323898;54.1689;62.986401;83.671898;90.741203;70.056099;59.728901;55.738899;73.873199;80.694603;57.323898;54.1689;52.613899;48.792999;45.806198;43.6077;43.6077;42.1623;40.733101;40.0247;37.924599;35.862499;34.5093;1;1;1;1;1;1;1;1;1;1;1;1;1;1;1;1;1;1;1;1;1;1;1;1;1;1;1;1;1;1;1
88641000;1;08/2017;1;1;1509.74;33.1735;219.0584;14;1;3;3;3;;0;33.1735;38.620399;149.3403;191.26109;100.0742;78.727501;64.636597;77.749397;176.04089;87.690804;100.0742;544.85162;1017.9288;1509.74;677.6059;326.29141;218.9716;176.04089;142.2872;149.3403;150.5255;111.8395;99.023903;90.741203;83.671898;74.8367;71.004799;65.467102;62.986401;60.5378;59.728901;;;;;;;;;3;;;;;;;;;;;;;;;;;;;;;;
88641000;1;09/2017;1;1;1278.1985;42.1623;178.29939;15;12;1;1;1;;0;55.738899;51.841999;49.5495;46.547001;48.792999;67.232903;60.5378;54.1689;49.5495;45.069401;42.882999;42.1623;91.764801;857.70587;1278.1985;462.63309;374.0188;278.70969;185.9552;148.15781;123.9824;108.5926;108.5926;108.5926;89.720901;78.727501;87.690804;158.8992;103.2445;89.720901;;1;1;1;1;1;1;1;1;1;1;1;1;1;1;1;1;1;1;1;1;1;1;1;1;1;1;1;1;1;1;0
88641000;1;10/2017;1;1;1070.1375;52.613899;251.8455;13;11;3;3;3;;0;103.2445;192.59979;137.6416;102.1845;84.671402;77.749397;71.957199;62.166599;58.121899;54.952;52.613899;127.3576;1070.1375;1001.8951;413.07059;241.05209;173.5605;142.2872;589.8277;822.7757;337.0015;515.1579;273.84521;188.5983;154.0979;134.18739;119.5241;152.9043;141.1216;112.928;97.976997;;;;;;;;;;;;;;;;;;;;;3;3;;;;;;;;;
88641000;1;11/2017;1;1;111.8395;26.7652;49.880199;5;30;1;1;1;;0;86.680801;76.774803;70.056099;99.023903;111.8395;77.749397;63.8097;60.5378;58.121899;55.738899;51.074001;48.040401;45.069401;42.882999;40.0247;39.320499;43.6077;44.336601;40.0247;35.862499;34.5093;33.1735;32.512299;31.855499;30.555401;29.273399;29.273399;29.273399;28.6394;26.7652;;1;1;1;1;1;1;1;1;1;1;1;1;1;1;1;1;1;1;1;1;1;1;1;1;1;1;1;1;1;1;0
88641000;1;12/2017;1;1;28.009899;14.4013;21.466499;5;31;1;1;1;;0;25.5394;25.5394;26.1499;26.7652;28.009899;28.009899;27.385201;26.1499;24.933701;23.737101;23.146099;21.4034;20.267;19.706699;18.601801;18.601801;17.5184;18.601801;20.267;19.706699;19.1516;18.601801;18.601801;20.8326;25.5394;20.8326;18.601801;16.9849;16.4568;15.4177;14.4013;1;1;1;1;1;1;1;1;1;1;1;1;1;1;1;1;1;1;1;1;1;1;1;1;1;1;1;1;1;1;1
88641000;1;01/2018;1;1;35.862499;11.032;16.826401;3;31;1;1;1;;0;14.4013;26.7652;35.862499;26.1499;20.267;16.9849;15.4177;13.9019;13.9019;12.4393;14.4013;18.601801;14.9066;13.4084;14.9066;17.5184;15.4177;13.9019;14.4013;15.4177;14.4013;12.9208;13.4084;20.267;26.1499;20.267;15.4177;13.9019;12.4393;12.4393;11.032;1;1;1;1;1;1;1;1;1;1;1;1;1;1;1;1;1;1;1;1;1;1;1;1;1;1;1;1;1;1;1
88641000;1;02/2018;1;1;17.5184;5.6336999;8.4453001;28;26;1;1;1;;0;10.5755;9.6821003;8.8154001;8.3922997;7.9762001;7.5672002;7.1655002;6.7711;7.1655002;9.6821003;9.2454004;11.964;12.4393;11.964;9.6821003;8.3922997;7.5672002;7.1655002;6.3843002;6.3843002;6.7711;6.7711;6.7711;6.3843002;6.0050998;5.6336999;5.6336999;17.5184;;;;1;1;1;1;1;1;1;1;1;1;1;1;1;1;1;1;1;1;1;1;1;1;1;1;1;1;1;1;0;0;0
88641000;1;03/2018;1;1;;;;;;0;0;0;;0;23.737101;15.9344;12.4393;9.6821003;8.3922997;7.9762001;7.1655002;6.7711;6.0050998;5.6336999;;;;;;;33.1735;27.385201;41.445599;37.232899;28.009899;22.560101;16.4568;18.0574;199.36729;100.0742;58.9235;41.445599;34.5093;29.273399;24.332899;1;1;1;1;1;1;1;1;1;1;0;0;0;0;0;0;1;1;1;1;1;1;1;1;1;1;1;1;1;1;1
88641000;1;04/2018;1;1;80.694603;14.9066;32.719299;22;20;1;1;1;;0;28.009899;44.336601;44.336601;39.320499;41.445599;36.545601;28.6394;24.933701;21.9792;19.706699;18.0574;16.4568;36.545601;40.733101;28.6394;22.560101;19.1516;17.5184;15.9344;14.9066;27.385201;80.694603;75.803902;59.728901;41.445599;33.839199;28.6394;25.5394;21.9792;26.7652;;1;1;1;1;1;1;1;1;1;1;1;1;1;1;1;1;1;1;1;1;1;1;1;1;1;1;1;1;1;1;0
88641000;1;05/2018;1;1;101.1277;10.5755;28.2183;4;31;1;1;1;;0;43.6077;40.0247;61.350399;101.1277;62.166599;51.841999;44.336601;39.320499;34.5093;31.203199;29.9121;27.385201;24.933701;23.146099;21.4034;19.706699;18.601801;18.0574;16.9849;17.5184;17.5184;16.4568;15.4177;14.4013;13.4084;12.9208;12.4393;11.964;11.4948;11.032;10.5755;1;1;1;1;1;1;1;1;1;1;1;1;1;1;1;1;1;1;1;1;1;1;1;1;1;1;1;1;1;1;1
88641000;1;06/2018;1;1;126.2295;14.9066;30.2791;13;10;2;2;2;;0;16.9849;34.5093;31.203199;24.332899;17.5184;18.601801;22.560101;20.8326;16.4568;14.9066;27.385201;101.1277;126.2295;51.074001;42.1623;33.839199;29.9121;28.009899;26.1499;24.332899;23.146099;23.146099;25.5394;22.560101;20.8326;19.1516;18.0574;16.4568;15.4177;15.9344;;;;;;;;;;;;;;;;;;;;;;;2;;;;;;;;;0
88641000;1;07/2018;1;1;857.70587;20.8326;234.1076;27;1;3;3;3;;0;20.8326;42.1623;216.11169;236.54671;91.764801;70.056099;144.627;429.26331;290.23569;136.4873;136.4873;131.89909;104.3077;71.957199;61.350399;71.004799;143.4557;387.4549;656.97742;310.56699;220.409;161.3161;166.1821;238.04359;207.6507;675.00897;857.70587;357.10989;269.0257;209.0486;142.2872;3;3;1;1;1;1;1;1;1;1;1;1;1;1;1;1;1;1;1;1;1;1;1;1;1;1;1;1;1;1;1
88641000;1;08/2018;1;1;881.41748;37.232899;135.8627;31;19;1;1;1;;0;128.48849;122.8633;116.2123;89.720901;84.671402;78.727501;67.232903;61.350399;61.350399;69.111298;68.170197;59.728901;54.952;50.309799;46.547001;44.336601;42.1623;38.620399;37.232899;40.733101;53.3895;43.6077;62.986401;195.2921;701.21442;295.25061;173.5605;119.5241;101.1277;221.8512;881.41748;1;1;1;1;1;1;1;1;1;1;1;1;1;1;1;1;1;1;1;1;1;1;1;1;1;1;1;1;1;1;1
88641000;1;09/2018;1;1;1553.6545;55.738899;327.508;1;22;1;1;1;;0;1553.6545;1093.4111;814.16241;531.03802;383.59061;227.67;182.02721;149.3403;130.75929;117.3132;104.3077;94.855797;88.704102;89.720901;101.1277;95.892899;85.6744;74.8367;70.056099;64.636597;60.5378;55.738899;115.1144;788.60858;791.4267;324.52399;230.60899;324.52399;211.85899;869.51923;;1;1;1;1;1;1;1;1;1;1;1;1;1;1;1;1;1;1;1;1;1;1;1;1;1;1;1;1;1;1;0
88641000;1;10/2018;1;1;1389.5387;64.636597;262.3512;13;31;1;1;1;;0;929.86249;843.05878;419.10449;264.25119;166.1821;158.8992;135.33591;118.4171;156.4931;464.7623;184.6409;244.0806;1389.5387;599.53571;298.61911;209.0486;174.79939;157.69479;141.1216;120.6342;110.7541;97.976997;90.741203;85.6744;79.709198;72.9133;90.741203;110.7541;85.6744;67.232903;64.636597;1;1;1;1;1;1;1;1;1;1;1;1;1;1;1;1;1;1;1;1;1;1;1;1;1;1;1;1;1;1;1
88641000;1;11/2018;1;1;107.5166;26.1499;43.311298;19;30;1;1;1;;0;62.986401;58.9235;55.738899;54.952;51.841999;48.040401;45.069401;42.882999;40.733101;39.320499;37.924599;36.545601;35.183701;37.232899;37.232899;35.183701;40.733101;74.8367;107.5166;62.166599;32.512299;30.555401;31.203199;31.855499;31.203199;29.273399;28.009899;26.7652;26.7652;26.1499;;;;;;;;;;;;;;;;;;;;;;;;;;;;;;;;0
88641000;1;12/2018;1;1;52.613899;15.4177;23.024401;22;31;1;1;1;;0;27.385201;25.5394;23.737101;22.560101;21.9792;20.8326;20.267;19.706699;19.1516;18.601801;18.0574;18.0574;19.1516;20.267;19.1516;18.601801;18.601801;20.267;22.560101;24.332899;41.445599;52.613899;39.320499;29.9121;23.146099;20.267;19.706699;18.601801;18.0574;16.4568;15.4177;1;1;1;1;1;1;1;1;1;1;1;1;1;1;1;1;1;1;1;1;1;1;1;1;1;1;1;1;1;1;1
88641000;1;01/2019;1;1;744.23669;14.4013;173.66991;19;2;1;1;1;;0;14.9066;14.4013;15.4177;24.933701;26.7652;20.267;17.5184;14.4013;28.6394;319.25229;672.4173;227.67;209.0486;362.70041;216.11169;362.70041;353.4082;206.2578;744.23669;464.7623;235.0549;155.2941;130.75929;100.0742;80.694603;75.803902;66.301003;62.166599;57.323898;50.309799;54.1689;1;1;1;1;1;1;1;1;1;1;1;1;1;1;1;1;1;1;1;1;1;1;1;1;1;1;1;1;1;1;1
88641000;1;02/2019;1;1;99.023903;18.0574;37.487301;2;28;1;1;1;;0;63.8097;99.023903;86.680801;64.636597;48.792999;44.336601;40.733101;38.620399;35.862499;33.839199;35.183701;38.620399;35.862499;34.5093;31.203199;28.6394;29.273399;28.009899;26.1499;26.1499;27.385201;24.332899;21.4034;20.8326;21.4034;23.146099;23.146099;18.0574;;;;1;1;1;1;1;1;1;1;1;1;1;1;1;1;1;1;1;1;1;1;1;1;1;1;1;1;1;1;0;0;0
88641000;1;03/2019;1;1;18.0574;8.8154001;12.9987;10;31;1;1;1;;0;16.9849;15.9344;14.9066;13.9019;13.4084;16.4568;15.4177;13.4084;15.4177;18.0574;16.4568;13.9019;12.9208;12.4393;11.4948;11.4948;11.032;11.032;14.4013;17.5184;15.4177;11.964;11.4948;10.5755;10.1255;10.1255;9.6821003;9.6821003;9.2454004;9.2454004;8.8154001;1;1;1;1;1;1;1;1;1;1;1;1;1;1;1;1;1;1;1;1;1;1;1;1;1;1;1;1;1;1;1
88641000;1;04/2019;1;1;40.733101;7.5672002;12.7655;28;15;1;1;1;;0;8.8154001;8.8154001;8.8154001;8.3922997;9.2454004;14.4013;13.4084;11.964;10.5755;10.1255;9.6821003;9.2454004;7.9762001;7.9762001;7.5672002;8.8154001;12.9208;16.4568;12.4393;9.6821003;8.8154001;8.3922997;7.9762001;7.5672002;7.9762001;9.2454004;24.332899;40.733101;33.839199;26.7652;;1;1;1;1;1;1;1;1;1;1;1;1;1;1;1;1;1;1;1;1;1;1;1;1;1;1;1;1;1;1;0
88641000;1;05/2019;1;1;81.683502;9.6821003;23.2321;15;4;1;1;1;;0;19.1516;15.9344;11.032;9.6821003;11.032;13.4084;13.4084;13.4084;10.5755;9.6821003;9.6821003;15.9344;17.5184;29.9121;81.683502;41.445599;28.6394;21.9792;18.601801;16.4568;16.4568;20.8326;30.555401;46.547001;40.733101;29.9121;25.5394;23.146099;24.332899;28.6394;24.332899;1;1;1;1;1;1;1;1;1;1;1;1;1;1;1;1;1;1;1;1;1;1;1;1;1;1;1;1;1;1;1
88641000;1;06/2019;1;1;39.320499;6.0050998;12.9738;30;27;1;1;1;;0;25.5394;21.9792;19.706699;18.0574;16.4568;14.4013;13.4084;12.4393;12.4393;11.964;11.032;10.5755;10.1255;11.4948;11.4948;10.5755;10.1255;9.6821003;9.2454004;8.3922997;7.5672002;7.1655002;7.1655002;6.7711;6.3843002;6.3843002;6.0050998;7.1655002;26.1499;39.320499;;1;1;1;1;1;1;1;1;1;1;1;1;1;1;1;1;1;1;1;1;1;1;1;1;1;1;1;1;1;1;0
88641000;1;07/2019;1;1;662.10303;5.6336999;80.985298;26;20;1;1;1;;0;23.737101;15.9344;12.9208;11.4948;9.6821003;8.8154001;7.9762001;7.5672002;6.7711;7.1655002;7.1655002;7.1655002;7.1655002;7.1655002;7.5672002;7.5672002;7.1655002;6.3843002;6.0050998;5.6336999;5.6336999;6.0050998;11.032;41.445599;344.24271;662.10303;597.10089;244.0806;169.8595;127.3576;120.6342;1;1;1;1;1;1;1;1;1;1;1;1;1;1;1;1;1;1;1;1;1;1;1;1;1;1;1;1;1;1;1
88641000;1;08/2019;1;1;693.29761;29.9121;112.034;10;30;1;1;1;;0;88.704102;143.4557;148.15781;91.764801;77.749397;63.8097;57.323898;56.529598;253.2854;693.29761;423.15259;207.6507;154.0979;120.6342;95.892899;79.709198;71.004799;62.986401;55.738899;51.841999;45.069401;43.6077;41.445599;39.320499;36.545601;35.183701;34.5093;34.5093;31.855499;29.9121;104.3077;1;1;1;1;1;1;1;1;1;1;1;1;1;1;1;1;1;1;1;1;1;1;1;1;1;1;1;1;1;1;1
88641000;1;09/2019;1;1;1761.6348;35.183701;201.07179;12;6;1;1;1;;0;111.8395;59.728901;48.040401;42.1623;37.232899;35.183701;43.6077;116.2123;397.20499;295.25061;585.005;1761.6348;685.4281;314.026;211.85899;174.79939;184.6409;142.2872;112.928;96.933296;83.671898;73.873199;66.301003;60.5378;56.529598;53.3895;49.5495;45.806198;43.6077;42.882999;;1;1;1;1;1;1;1;1;1;1;1;1;1;1;1;1;1;1;1;1;1;1;1;1;1;1;1;1;1;1;0
88641000;1;10/2019;1;1;2052.6311;40.733101;254.2379;31;1;1;1;1;;0;40.733101;60.5378;200.7356;169.8595;314.026;167.4053;119.5241;94.855797;78.727501;67.232903;59.728901;54.952;54.952;104.3077;180.72771;150.5255;251.7388;799.9129;439.5502;218.9716;168.6311;207.6507;138.79871;106.4438;89.720901;77.749397;75.803902;105.3742;227.67;1001.8951;2052.6311;1;1;1;1;1;1;1;1;1;1;1;1;1;1;1;1;1;1;1;1;1;1;1;1;1;1;1;1;1;1;1
88641000;1;11/2019;1;1;926.79468;36.545601;142.4203;1;30;1;1;1;;0;926.79468;364.5741;326.29141;233.56799;291.90231;230.60899;163.7438;137.6416;118.4171;105.3742;94.855797;84.671402;77.749397;146.9781;126.2295;90.741203;73.873199;63.8097;58.9235;54.952;50.309799;48.792999;69.111298;65.467102;49.5495;43.6077;43.6077;50.309799;43.6077;36.545601;;1;1;1;1;1;1;1;1;1;1;1;1;1;1;1;1;1;1;1;1;1;1;1;1;1;1;1;1;1;1;0
88641000;1;12/2019;1;1;33.839199;14.4013;22.0973;1;27;1;1;1;;0;33.839199;30.555401;29.273399;28.009899;26.7652;25.5394;23.737101;22.560101;21.4034;20.267;19.706699;18.601801;17.5184;16.4568;18.601801;29.273399;31.855499;24.332899;20.267;17.5184;21.4034;31.855499;23.737101;19.1516;16.9849;15.4177;14.4013;14.4013;15.4177;19.706699;16.4568;1;1;1;1;1;1;1;1;1;1;1;1;1;1;1;1;1;1;1;1;1;1;1;1;1;1;1;1;1;1;1
88641000;1;01/2020;1;1;18.601801;5.6336999;10.4521;12;30;1;1;1;;0;14.9066;17.5184;17.5184;13.9019;12.9208;11.964;11.4948;11.032;11.032;10.5755;12.4393;18.601801;12.9208;11.032;9.2454004;8.8154001;10.1255;11.4948;9.6821003;8.8154001;8.3922997;8.8154001;8.8154001;7.9762001;7.1655002;6.7711;6.3843002;6.3843002;6.0050998;5.6336999;5.6336999;1;1;1;1;1;1;1;1;1;1;1;1;1;1;1;1;1;1;1;1;1;1;1;1;1;1;1;1;1;1;1
88641000;1;02/2020;1;1;;;;;;0;0;0;0.0;0;6.5767002;6.5767002;6.1936998;5.4510002;4.9151001;4.3979998;3.9003999;4.0640001;5.2702999;4.7406001;;;;;;;;;4.7406001;6.3843002;6.7711;4.9151001;3.9003999;;;;;;;;;;;;;;;;;;;0;0;0;0;0;0;0;0;;;;;;0;0;0;0;0;0;0;0
88641000;1;03/2020;1;1;;;;;;0;0;0;0.0;0;;;;;;;;;;;;;;;;;;;;;3.9003999;;;;;;;;;;;0;0;0;0;0;0;0;0;0;0;0;0;0;0;0;0;0;0;0;0;1;0;0;0;0;0;0;0;0;0;0
88641000;1;04/2020;1;1;;;;;;0;0;0;0.0;0;;;8.1834002;10.803;7.9762001;5.0915999;;;;;;;;;;;;;;;;;;;;;;;;4.0640001;;0;0;1;1;1;1;0;0;0;0;0;0;0;0;0;0;0;0;0;0;0;0;0;0;0;0;0;0;0;1;0
88641000;1;05/2020;1;1;;;;;;0;0;0;0.0;0;5.4510002;4.9151001;;;;;;;;;;;;;;;;;;;;4.0640001;27.697001;260.72519;79.709198;41.803398;28.009899;20.5492;16.194901;13.6544;11.4948;1;1;0;0;0;0;0;0;0;0;0;0;0;0;0;0;0;0;0;0;0;1;1;1;1;1;1;1;1;1;1
88641000;1;06/2020;1;1;1128.6613;6.9674001;136.95509;13;5;1;1;1;0.0;0;9.9029999;8.6029997;7.9762001;7.3653998;6.9674001;11.964;22.852501;22.268999;17.787201;13.1638;11.964;171.09061;1128.6613;324.8396;147.5676;106.4438;85.6744;70.056099;68.640198;169.8595;171.70711;100.0742;76.288902;64.222702;142.87109;553.54089;233.5601;138.2198;104.3077;110.2125;;1;1;1;1;1;1;1;1;1;1;1;1;1;1;1;1;1;1;1;1;1;1;1;1;1;1;1;1;1;1;0
88641000;1;07/2020;1;1;376.43839;33.505798;98.023102;2;24;1;1;1;0.0;0;276.94669;376.43839;190.7337;130.19051;108.0542;91.764801;77.261597;104.8405;210.8286;147.5676;107.5166;94.3386;80.694603;70.529999;60.5378;53.778702;57.722401;56.133801;50.309799;45.069401;41.803398;38.620399;35.183701;33.505798;61.758099;132.47009;70.529999;68.640198;65.051399;52.227501;47.6656;1;1;1;1;1;1;1;1;1;1;1;1;1;1;1;1;1;1;1;1;1;1;1;1;1;1;1;1;1;1;1
88641000;1;08/2020;1;1;151.1192;12.9208;30.4167;29;26;1;1;1;0.0;0;43.2449;42.522099;39.320499;36.545601;32.512299;30.2332;28.955799;27.697001;26.4569;25.236;24.034401;23.146099;22.268999;21.690599;20.8326;19.9862;18.875999;17.787201;17.2509;16.194901;15.1614;14.4013;13.9019;13.6544;13.4084;12.9208;13.1638;41.445599;151.1192;68.640198;50.309799;1;1;1;1;1;1;1;1;1;1;1;1;1;1;1;1;1;1;1;1;1;1;1;1;1;1;1;1;1;1;1
88641000;1;09/2020;1;1;455.6315;33.1735;125.5979;2;25;1;1;1;0.0;0;91.252502;455.6315;381.18341;180.22279;116.7623;90.230598;81.188599;67.232903;57.722401;54.1689;49.929199;49.5495;82.179298;331.80731;216.2113;126.7932;102.1845;81.188599;64.222702;54.560001;48.416199;42.522099;38.620399;35.862499;33.1735;33.839199;208.16769;367.05499;139.3784;86.680801;;1;1;1;1;1;1;1;1;1;1;1;1;1;1;1;1;1;1;1;1;1;1;1;1;1;1;1;1;1;1;0
88641000;1;10/2020;1;1;433.69312;23.146099;96.174301;4;22;1;1;1;0.0;0;103.7757;166.1821;321.38889;433.69312;278.52231;192.6257;136.4873;104.8405;85.6744;70.056099;59.325802;52.227501;46.9189;42.1623;39.320499;35.522598;31.855499;29.9121;27.385201;25.5394;23.737101;23.146099;24.034401;33.1735;27.697001;24.034401;180.22279;177.80141;83.671898;56.133801;44.336601;1;1;1;1;1;1;1;1;1;1;1;1;1;1;1;1;1;1;1;1;1;1;1;1;1;1;1;1;1;1;1
88641000;1;11/2020;1;1;37.578201;6.3843002;15.9251;1;28;1;1;1;0.0;0;37.578201;33.505798;29.273399;26.7652;24.034401;22.268999;21.1173;19.9862;18.328899;17.787201;18.601801;18.601801;18.328899;16.4568;14.6532;13.6544;12.6793;11.7286;10.803;14.9066;10.803;9.4629002;8.6029997;7.7708001;7.1655002;6.7711;6.5767002;6.3843002;6.3843002;6.7711;;1;1;1;1;1;1;1;1;1;1;1;1;1;1;1;1;1;1;1;1;1;1;1;1;1;1;1;1;1;1;0
88641000;1;12/2020;1;1;;;;;;0;0;0;0.0;0;6.7711;5.8183999;6.5767002;11.964;13.6544;8.3922997;9.2454004;14.6532;16.7202;10.803;7.9762001;11.7286;16.4568;15.6753;11.032;8.1834002;6.5767002;5.8183999;5.2702999;5.8183999;6.7711;6.1936998;4.9151001;4.0640001;;;;;;;;1;1;1;1;1;1;1;1;1;1;1;1;1;1;1;1;1;1;1;1;1;1;1;1;0;0;0;0;0;0;0
88641000;1;01/2021;1;1;;;;;;0;0;0;;0;;;;;;;;;;;;;6.1936998;5.8183999;;;30.2332;21.690599;10.803;6.1936998;4.2298999;;;;;3.9003999;;35.862499;17.5184;11.7286;60.1329;0;0;0;0;0;0;0;0;0;0;0;0;1;1;0;0;1;1;1;1;1;0;0;0;0;1;0;1;1;1;1
88641000;1;02/2021;1;1;242.9006;12.9208;73.780701;4;28;1;1;1;;0;26.1499;17.5184;46.547001;242.9006;190.7337;65.883598;36.888699;26.4569;21.4034;20.267;49.1707;35.862499;205.52699;218.9332;103.7757;186.98309;152.9043;74.3545;82.675903;53.3895;41.445599;35.522598;30.2332;29.9121;23.737101;18.601801;15.1614;12.9208;;;;1;1;1;1;1;1;1;1;1;1;1;1;1;1;1;1;1;1;1;1;1;1;1;1;1;1;1;1;0;0;0
88641000;1;03/2021;1;1;131.3289;3.9003999;25.051399;28;16;1;1;1;;0;11.7286;11.2626;11.7286;10.803;50.691399;26.7652;15.9344;11.964;9.6821003;8.3922997;7.3653998;6.5767002;5.8183999;5.0915999;4.3979998;3.9003999;4.5682001;5.8183999;5.8183999;4.2298999;18.328899;62.166599;24.6327;14.6532;12.2009;16.9849;96.412697;131.3289;91.252502;49.5495;36.545601;1;1;1;1;1;1;1;1;1;1;1;1;1;1;1;1;1;1;1;1;1;1;1;1;1;1;1;1;1;1;1
88641000;1;04/2021;1;1;;;;;;0;0;0;;0;30.8787;28.3241;25.844;20.5492;17.2509;14.9066;12.9208;11.4948;10.5755;10.1255;11.7286;14.6532;11.7286;9.6821003;8.3922997;9.2454004;10.5755;8.8154001;7.5672002;6.3842001;5.4510002;4.9151001;4.5682001;4.2298999;3.9003999;;;;;;;1;1;1;1;1;1;1;1;1;1;1;1;1;1;1;1;1;1;1;1;1;1;1;1;1;0;0;0;0;0;0
88641000;1;05/2021;1;1;;;;;;0;0;0;;0;;;;;;;;;;;;;;;;;;;;;;;;;;;;;;8.8154001;6.1936998;0;0;0;0;0;0;0;0;0;0;0;0;0;0;0;0;0;0;0;0;0;0;0;0;0;0;0;0;0;1;1
88641000;1;06/2021;1;1;;;;;;0;0;0;0.0;0;;;;;;;10.1255;8.3922997;4.3979998;;;;;;;;;;;;;;;19.1516;200.3063;65.051399;142.87109;151.71359;59.325802;42.882999;;0;0;0;0;0;0;1;1;1;0;0;0;0;0;0;0;0;0;0;0;0;0;0;1;1;1;1;1;1;1;0
88641000;1;07/2021;1;1;111.8395;6.3842001;22.792601;27;25;1;1;1;;0;41.803398;33.839199;27.0746;22.268999;19.428499;17.2509;15.6753;14.1509;12.6793;11.7286;10.1255;9.6821003;9.0295;9.2454004;14.1509;31.855499;19.706699;13.6544;11.032;9.9029999;9.0295;8.1834002;7.3653998;6.7711;6.3842001;8.6029997;111.8395;90.230598;43.6077;33.505798;26.7652;1;1;1;1;1;1;1;1;1;1;1;1;1;1;1;1;1;1;1;1;1;1;1;1;1;1;1;1;1;1;1
88641000;1;08/2021;1;1;749.9342;10.803;94.962303;26;17;1;1;1;;0;22.268999;19.706699;17.787201;16.4568;14.6532;13.9019;13.1638;12.2009;11.4948;18.0574;26.7652;20.267;14.6532;12.6793;11.7286;11.032;10.803;13.6544;21.9792;25.236;24.332899;26.4569;30.8787;255.448;570.37262;749.9342;428.56519;208.16769;138.79871;102.1845;80.2015;1;1;1;1;1;1;1;1;1;1;1;1;1;1;1;1;1;1;1;1;1;1;1;1;1;1;1;1;1;1;1
88641000;1;09/2021;1;1;1255.0637;40.0247;235.9792;14;7;1;1;1;0.0;0;63.397598;53.001202;51.074001;51.074001;45.069401;43.9716;40.0247;401.50351;780.31519;315.40329;182.6638;135.33591;191.3631;1255.0637;643.3551;277.73389;181.4409;141.70399;120.6342;245.8188;631.6839;327.44211;187.6051;160.71091;123.9824;108.0542;93.822098;82.179298;74.8367;69.111298;;1;1;1;1;1;1;1;1;1;1;1;1;1;1;1;1;1;1;1;1;1;1;1;1;1;1;1;1;1;1;0
88641000;1;10/2021;1;1;186.3624;24.6327;59.963799;2;31;1;1;1;;0;163.7438;186.3624;100.0742;82.675903;72.9133;65.051399;60.1329;55.345001;51.841999;49.929199;49.1707;52.227501;57.323898;50.309799;65.051399;71.480499;82.179298;56.529598;49.929199;45.437302;42.522099;39.320499;37.578201;42.1623;48.416199;38.620399;33.505798;30.555401;28.009899;25.844;24.6327;1;1;1;1;1;1;1;1;1;1;1;1;1;1;1;1;1;1;1;1;1;1;1;1;1;1;1;1;1;1;1
88641000;1;11/2021;1;1;52.227501;12.4393;23.4244;18;25;1;1;1;;0;23.441;23.146099;22.560101;30.2332;51.074001;34.5093;27.0746;24.332899;22.268999;21.1173;18.875999;17.787201;16.194901;15.4177;14.6532;14.6532;45.437302;52.227501;34.5093;25.5394;21.1173;18.0574;15.9344;13.9019;12.4393;12.9208;15.6753;22.268999;19.428499;15.9344;;1;1;1;1;1;1;1;1;1;1;1;1;1;1;1;1;1;1;1;1;1;1;1;1;1;1;1;1;1;1;0
88641000;1;12/2021;1;1;;;;;;0;0;0;;0;14.9066;15.1614;13.9019;10.5755;9.4629002;8.8154001;8.1834002;7.3653998;6.7711;6.3842001;6.0050998;5.4510002;5.2702999;5.6336999;12.6793;23.441;16.9849;13.1638;10.3497;8.3922997;7.1655002;6.0050998;5.2702999;4.7406001;4.5682001;3.9003999;;;;;;;;;;;;;;;;;;;;;;;;;;;;;;;;0;0;0;0;0
88641000;1;01/2022;1;1;;;;;;0;0;0;;0;;;;;;;4.9151001;;;;;;;;;;;6.9674001;11.032;6.7711;11.032;33.1735;21.690599;19.706699;19.9862;22.560101;19.706699;13.4084;9.4629002;6.9674001;5.4510002;0;0;0;0;0;0;1;0;0;0;0;0;0;0;0;0;0;1;1;1;1;1;1;1;1;1;1;1;1;1;1
88641000;1;02/2022;1;1;;;;;;0;0;0;;0;4.3979998;;;35.522598;17.2509;12.6793;9.0295;6.0050998;;;;;;4.5682001;;;;;;;;;;;;;;;;;;1;0;0;1;1;1;1;1;0;0;0;0;0;1;0;0;0;0;0;0;0;0;0;0;0;0;0;0;0;0;0
88641000;1;03/2022;1;1;;;;;;0;0;0;;0;16.4568;17.2509;9.6821003;5.0915999;;;7.9762001;9.2454004;14.9066;12.4393;65.467102;30.8787;19.9862;15.1614;11.4948;9.2454004;7.5672002;6.0050998;5.4510002;4.5682001;4.0640001;;;;;;;;;;;1;1;1;1;0;0;1;1;1;1;1;1;1;1;1;1;1;1;1;1;1;0;0;0;0;0;0;0;0;0;0
88641000;1;04/2022;1;1;;;;;;0;0;0;0.0;0;;;;;;;;;;;;;;;;;;;;;;;;6.9674001;11.4948;25.5394;86.1772;135.9113;572.80182;189.4785;;0;0;0;0;0;0;0;0;0;0;0;0;0;0;0;0;0;0;0;0;0;0;0;1;1;1;1;1;1;1;0
88641000;1;05/2022;1;1;86.680801;12.4393;30.878401;1;17;1;1;1;;0;86.680801;60.1329;47.6656;43.6077;42.522099;34.846001;28.6394;24.6327;21.4034;19.428499;17.787201;17.5184;16.7202;14.9066;13.6544;12.6793;12.4393;13.1638;43.2449;37.232899;25.5394;20.5492;17.5184;15.6753;13.9019;14.1509;22.852501;40.378399;55.738899;74.3545;47.6656;1;1;1;1;1;1;1;1;1;1;1;1;1;1;1;1;1;1;1;1;1;1;1;1;1;1;1;1;1;1;1
88641000;1;06/2022;1;1;477.13171;10.1255;52.932598;29;16;1;1;1;;0;37.924599;32.8424;28.6394;25.5394;23.146099;21.4034;21.4034;21.4034;19.1516;17.2509;15.4177;13.9019;12.6793;11.2626;10.803;10.1255;21.4034;66.2995;37.924599;26.1499;21.4034;19.706699;38.271999;49.1707;36.545601;30.8787;27.385201;67.701103;477.13171;345.11179;;1;1;1;1;1;1;1;1;1;1;1;1;1;1;1;1;1;1;1;1;1;1;1;1;1;1;1;1;1;1;0
88641000;1;07/2022;1;1;1208.8593;65.883598;303.48599;17;4;1;1;1;;0;161.922;106.9798;79.709198;65.883598;223.7459;577.67889;397.5842;221.6756;182.0517;479.31451;241.4493;622.6947;485.8988;244.3571;618.86591;926.91418;1208.8593;589.98029;314.5538;224.43851;180.83121;152.9043;133.04179;117.3132;106.4438;103.2445;90.741203;83.1735;212.1666;149.3403;104.3077;1;1;1;1;1;1;1;1;1;1;1;1;1;1;1;1;1;1;1;1;1;1;1;1;1;1;1;1;1;1;1
88641000;1;08/2022;1;1;1324.3177;54.560001;182.4501;5;31;1;1;1;;0;92.277802;82.675903;112.928;761.42261;1324.3177;567.94952;306.13351;218.25079;172.3242;145.80119;129.6225;117.3132;106.4438;97.976997;99.023903;184.50751;133.6143;102.1845;91.764801;81.188599;74.8367;70.529999;67.232903;63.8097;61.350399;59.728901;74.3545;73.392799;69.111298;59.325802;54.560001;1;1;1;1;1;1;1;1;1;1;1;1;1;1;1;1;1;1;1;1;1;1;1;1;1;1;1;1;1;1;1
88641000;1;09/2022;1;1;126.7932;27.385201;49.630402;3;30;1;1;1;;0;52.613899;74.3545;126.7932;76.288902;65.051399;60.5378;57.722401;55.738899;55.738899;55.738899;52.613899;47.6656;45.437302;43.9716;42.882999;41.445599;38.969898;36.888699;34.846001;33.839199;33.839199;41.088902;63.8097;53.3895;40.733101;35.862499;33.505798;31.203199;28.955799;27.385201;;1;1;1;1;1;1;1;1;1;1;1;1;1;1;1;1;1;1;1;1;1;1;1;1;1;1;1;1;1;1;0
88641000;1;10/2022;1;1;77.261597;17.787201;29.741301;22;17;1;1;1;;0;33.505798;34.173698;31.203199;26.7652;24.933701;24.6327;34.846001;35.522598;29.592199;24.933701;22.560101;22.560101;22.852501;21.690599;19.706699;18.328899;17.787201;19.1516;25.5394;27.0746;35.522598;77.261597;58.522301;42.522099;35.862499;31.528799;28.6394;26.7652;24.034401;21.690599;22.268999;;;;;;;;;;;;;;;;;;;;;;;;;;;;;;;
88641000;1;11/2022;1;1;31.528799;6.1936998;14.6579;1;30;1;1;1;;0;31.528799;27.385201;22.268999;19.706699;17.787201;16.7202;15.6753;15.1614;14.1509;13.6544;13.1638;12.4393;12.4393;12.6793;15.6753;18.601801;18.328899;13.1638;11.032;9.2454004;8.8154001;9.2454004;19.428499;18.875999;12.6793;10.3497;8.6029997;7.7708001;6.9674001;6.1936998;;1;1;1;1;1;1;1;1;1;1;1;1;1;1;1;1;1;1;1;1;1;1;1;1;1;1;1;1;1;1;0
88641000;1;12/2022;1;1;;;;;;0;0;0;;0;5.4510002;6.0050998;8.8154001;6.5767002;5.6336999;5.4510002;4.7406001;4.0640001;;;;;;;;;;;;;;;;;;;;;;;;1;1;1;1;1;1;1;1;0;0;0;0;0;0;0;0;0;0;0;0;0;0;0;0;0;0;0;0;0;0;0
88641000;1;01/2023;1;1;;;;;;0;0;0;;0;;;;;;;;;;;;;;4.9151001;15.6753;8.1834002;3.9003999;;;;;;;;;;;;;10.1255;4.9151001;0;0;0;0;0;0;0;0;0;0;0;0;0;1;1;1;1;0;0;0;0;0;0;0;0;0;0;0;0;1;1
88641000;1;03/2023;1;1;;;;;;0;0;0;;0;;;;;;6.1936998;6.9674001;6.3842001;9.6821003;5.4510002;;;;;;;;;;;;;;;;6.1936998;12.6793;10.5755;5.6336999;;6.0050998;0;0;0;0;0;1;1;1;1;1;0;0;0;0;0;0;0;0;0;0;0;0;0;0;0;1;1;1;1;0;1
88641000;1;04/2023;1;1;;;;;;0;0;0;0.0;0;15.9344;9.0295;8.1834002;4.9151001;;;;;;;;;;;;;;;;;;;;;;;;;;;;;;;;0;0;0;0;0;0;0;0;0;0;0;0;0;0;0;0;0;0;0;0;0;0;0;0;0;0;0
88641000;1;05/2023;1;1;;;66.889999;;;2;2;2;;0;;;;8.3900003;26.5;56.900002;211.0;552.0;346.0;127.0;79.699997;60.099998;49.200001;42.200001;36.5;31.5;27.1;23.700001;21.4;19.4;17.299999;16.200001;15.2;14.2;13.2;12.2;12.7;14.2;15.2;12.2;10.8;0;0;0;1;1;1;1;1;1;1;1;1;1;1;1;1;1;1;1;1;1;1;1;1;1;1;1;1;1;1;1
88641000;1;06/2023;1;1;46.176102;5.2702999;11.5007;29;16;1;1;1;;0;9.9029999;9.4629002;8.6029997;8.1834002;7.3653998;7.1655002;6.7711;6.3842001;6.0050998;6.0050998;7.7708001;10.5755;9.2454004;7.1655002;5.8183999;5.2702999;7.7708001;10.1255;7.5672002;6.1936998;5.4510002;7.7708001;14.1509;16.194901;12.6793;13.9019;16.7202;23.441;46.176102;35.183701;;1;1;1;1;1;1;1;1;1;1;1;1;1;1;1;1;1;1;1;1;1;1;1;1;1;1;1;1;1;1;0
