EstacaoCodigo;NivelConsistencia;Data;MediaDiaria;TipoMedicaoCotas;Maxima;Minima;Media;DiaMaxima;DiaMinima;MaximaStatus;MinimaStatus;MediaStatus;MediaAnual;MediaAnualStatus;Cota01;Cota02;Cota03;Cota04;Cota05;Cota06;Cota07;Cota08;Cota09;Cota10;Cota11;Cota12;Cota13;Cota14;Cota15;Cota16;Cota17;Cota18;Cota19;Cota20;Cota21;Cota22;Cota23;Cota24;Cota25;Cota26;Cota27;Cota28;Cota29;Cota30;Cota31;Cota01Status;Cota02Status;Cota03Status;Cota04Status;Cota05Status;Cota06Status;Cota07Status;Cota08Status;Cota09Status;Cota10Status;Cota11Status;Cota12Status;Cota13Status;Cota14Status;Cota15Status;Cota16Status;Cota17Status;Cota18Status;Cota19Status;Cota20Status;Cota21Status;Cota22Status;Cota23Status;Cota24Status;Cota25Status;Cota26Status;Cota27Status;Cota28Status;Cota29Status;Cota30Status;Cota31Status
50660000;1;10/1966;1;1;135.0;;;2;;1;0;0;;0;;135.0;135.0;135.0;132.0;132.0;132.0;130.0;130.0;128.0;127.0;126.0;126.0;126.0;126.0;126.0;126.0;126.0;126.0;126.0;126.0;126.0;126.0;126.0;126.0;128.0;128.0;127.0;126.0;128.0;128.0;0;1;1;1;1;1;1;1;1;1;1;1;1;1;1;1;1;1;1;1;1;1;1;1;1;1;1;1;1;1;1
50660000;2;10/1966;1;1;;;;;;0;0;0;0.0;0;;135.0;135.0;135.0;132.0;132.0;132.0;130.0;130.0;128.0;127.0;126.0;126.0;126.0;126.0;126.0;126.0;126.0;126.0;126.0;126.0;126.0;126.0;126.0;126.0;128.0;128.0;127.0;126.0;128.0;128.0;;1;1;1;1;1;1;1;1;1;1;1;1;1;1;1;1;1;1;1;1;1;1;1;1;1;1;1;1;1;1
50660000;1;11/1966;1;1;148.0;120.0;127.0;30;16;1;1;1;;0;128.0;127.0;126.0;132.0;132.0;132.0;132.0;132.0;130.0;130.0;128.0;128.0;128.0;126.0;126.0;120.0;120.0;120.0;120.0;120.0;120.0;120.0;120.0;122.0;122.0;126.0;126.0;128.0;136.0;148.0;;1;1;1;1;1;1;1;1;1;1;1;1;1;1;1;1;1;1;1;1;1;1;1;1;1;1;1;1;1;1;0
50660000;2;11/1966;1;1;148.0;120.0;126.8333;30;16;1;1;1;0.0;0;128.0;127.0;126.0;132.0;132.0;132.0;132.0;132.0;130.0;130.0;128.0;128.0;128.0;126.0;126.0;120.0;120.0;120.0;120.0;120.0;120.0;120.0;120.0;122.0;122.0;126.0;126.0;128.0;136.0;148.0;;1;1;1;1;1;1;1;1;1;1;1;1;1;1;1;1;1;1;1;1;1;1;1;1;1;1;1;1;1;1;
50660000;1;12/1966;1;1;148.0;116.0;127.0;1;8;1;1;1;;0;148.0;148.0;148.0;146.0;145.0;142.0;138.0;116.0;120.0;120.0;120.0;118.0;118.0;117.0;116.0;118.0;120.0;120.0;122.0;126.0;122.0;124.0;126.0;126.0;126.0;124.0;124.0;124.0;124.0;124.0;122.0;1;1;1;1;1;1;1;1;1;1;1;1;1;1;1;1;1;1;1;1;1;1;1;1;1;1;1;1;1;1;1
50660000;2;12/1966;1;1;148.0;116.0;126.8387;1;8;1;1;1;0.0;0;148.0;148.0;148.0;146.0;145.0;142.0;138.0;116.0;120.0;120.0;120.0;118.0;118.0;117.0;116.0;118.0;120.0;120.0;122.0;126.0;122.0;124.0;126.0;126.0;126.0;124.0;124.0;124.0;124.0;124.0;122.0;1;1;1;1;1;1;1;1;1;1;1;1;1;1;1;1;1;1;1;1;1;1;1;1;1;1;1;1;1;1;1
50660000;1;01/1967;1;1;122.0;106.0;110.0;1;22;1;1;1;146.0;1;122.0;122.0;122.0;114.0;112.0;110.0;110.0;110.0;110.0;112.0;112.0;112.0;110.0;110.0;110.0;110.0;110.0;110.0;110.0;110.0;108.0;106.0;106.0;106.0;108.0;108.0;108.0;106.0;106.0;106.0;108.0;1;1;1;1;1;1;1;1;1;1;1;1;1;1;1;1;1;1;1;1;1;1;1;1;1;1;1;1;1;1;1
50660000;2;01/1967;1;1;124.0;108.0;117.4194;4;30;2;2;2;0.0;0;123.0;122.0;123.0;124.0;122.0;120.0;120.0;118.0;118.0;116.0;116.0;118.0;118.0;116.0;116.0;118.0;118.0;120.0;120.0;118.0;118.0;116.0;116.0;116.0;118.0;118.0;116.0;112.0;110.0;108.0;108.0;2;1;2;2;2;2;2;2;2;2;2;2;2;2;2;2;2;2;2;2;2;2;2;2;2;2;2;2;2;2;1
50660000;1;02/1967;1;1;120.0;104.0;112.0;24;17;1;1;1;146.0;1;108.0;108.0;108.0;108.0;108.0;108.0;116.0;116.0;116.0;116.0;114.0;110.0;110.0;110.0;110.0;110.0;104.0;104.0;108.0;110.0;114.0;116.0;116.0;120.0;120.0;118.0;118.0;112.0;;;;1;1;1;1;1;1;1;1;1;1;1;1;1;1;1;1;1;1;1;1;1;1;1;1;1;1;1;1;0;0;0
50660000;2;02/1967;1;1;120.0;104.0;112.0;24;17;1;1;1;0.0;0;108.0;108.0;108.0;108.0;108.0;108.0;116.0;116.0;116.0;116.0;114.0;110.0;110.0;110.0;110.0;110.0;104.0;104.0;108.0;110.0;114.0;116.0;116.0;120.0;120.0;118.0;118.0;112.0;;;;1;1;1;1;1;1;1;1;1;1;1;1;1;1;1;1;1;1;1;1;1;1;1;1;1;1;1;1;;;
50660000;1;03/1967;1;1;144.0;100.0;113.0;31;8;1;1;1;146.0;1;110.0;108.0;108.0;108.0;108.0;108.0;108.0;100.0;100.0;100.0;100.0;100.0;100.0;110.0;110.0;110.0;110.0;110.0;112.0;112.0;112.0;120.0;120.0;120.0;120.0;120.0;120.0;126.0;131.0;136.0;144.0;1;1;1;1;1;1;1;1;1;1;1;1;1;1;1;1;1;1;1;1;1;1;1;1;1;1;1;1;1;1;1
50660000;2;03/1967;1;1;144.0;108.0;114.871;31;2;2;2;2;0.0;0;110.0;108.0;108.0;108.0;108.0;108.0;108.0;110.0;110.0;110.0;110.0;110.0;110.0;110.0;110.0;110.0;110.0;110.0;112.0;112.0;112.0;120.0;120.0;120.0;120.0;120.0;120.0;126.0;131.0;136.0;144.0;1;1;1;1;1;1;1;2;2;2;2;2;2;1;1;1;1;1;1;1;1;1;1;1;1;1;1;1;1;1;1
50660000;1;04/1967;1;1;204.0;124.0;148.0;13;29;1;1;1;146.0;1;150.0;158.0;163.0;170.0;165.0;162.0;146.0;134.0;136.0;136.0;142.0;148.0;204.0;195.0;186.0;172.0;166.0;145.0;142.0;140.0;138.0;130.0;130.0;130.0;130.0;126.0;126.0;126.0;124.0;124.0;;1;1;1;1;1;1;1;1;1;1;1;1;1;1;1;1;1;1;1;1;1;1;1;1;1;1;1;1;1;1;0
50660000;2;04/1967;1;1;204.0;124.0;148.1333;13;29;1;1;1;0.0;0;150.0;158.0;163.0;170.0;165.0;162.0;146.0;134.0;136.0;136.0;142.0;148.0;204.0;195.0;186.0;172.0;166.0;145.0;142.0;140.0;138.0;130.0;130.0;130.0;130.0;126.0;126.0;126.0;124.0;124.0;;1;1;1;1;1;1;1;1;1;1;1;1;1;1;1;1;1;1;1;1;1;1;1;1;1;1;1;1;1;1;
50660000;1;05/1967;1;1;240.0;128.0;187.0;15;1;1;1;1;146.0;1;128.0;186.0;186.0;230.0;225.0;220.0;217.0;180.0;180.0;228.0;220.0;217.0;220.0;238.0;240.0;240.0;228.0;218.0;205.0;190.0;174.0;162.0;150.0;143.0;138.0;138.0;136.0;136.0;134.0;134.0;146.0;1;1;1;1;1;1;1;1;1;1;1;1;1;1;1;1;1;1;1;1;1;1;1;1;1;1;1;1;1;1;1
50660000;2;05/1967;1;1;240.0;128.0;189.9032;15;1;2;2;2;0.0;0;128.0;186.0;186.0;230.0;225.0;220.0;217.0;230.0;230.0;228.0;220.0;217.0;220.0;238.0;240.0;240.0;228.0;218.0;205.0;190.0;174.0;162.0;150.0;143.0;138.0;138.0;136.0;136.0;134.0;134.0;146.0;1;1;1;1;1;1;1;2;2;1;1;1;1;1;1;1;1;1;1;1;1;1;1;1;1;1;1;1;1;1;1
50660000;1;06/1967;1;1;388.0;118.0;226.0;23;13;1;1;1;146.0;1;150.0;146.0;137.0;131.0;127.0;126.0;128.0;138.0;135.0;130.0;125.0;120.0;118.0;136.0;142.0;158.0;234.0;244.0;336.0;342.0;348.0;386.0;388.0;388.0;370.0;366.0;324.0;318.0;296.0;290.0;;1;1;1;1;1;1;1;1;1;1;1;1;1;1;1;1;1;1;1;1;1;1;1;1;1;1;1;1;1;1;0
50660000;2;06/1967;1;1;388.0;118.0;225.89999;23;13;1;1;1;0.0;0;150.0;146.0;137.0;131.0;127.0;126.0;128.0;138.0;135.0;130.0;125.0;120.0;118.0;136.0;142.0;158.0;234.0;244.0;336.0;342.0;348.0;386.0;388.0;388.0;370.0;366.0;324.0;318.0;296.0;290.0;;1;1;1;1;1;1;1;1;1;1;1;1;1;1;1;1;1;1;1;1;1;1;1;1;1;1;1;1;1;1;
50660000;1;07/1967;1;1;264.0;138.0;177.0;1;31;1;1;1;146.0;1;264.0;246.0;224.0;220.0;214.0;207.0;203.0;199.0;196.0;192.0;188.0;184.0;181.0;176.0;173.0;168.0;165.0;162.0;160.0;158.0;156.0;154.0;151.0;149.0;147.0;146.0;144.0;142.0;141.0;140.0;138.0;1;1;1;1;1;1;1;1;1;1;1;1;1;1;1;1;1;1;1;1;1;1;1;1;1;1;1;1;1;1;1
50660000;2;07/1967;1;1;264.0;138.0;177.0323;1;31;1;1;1;0.0;0;264.0;246.0;224.0;220.0;214.0;207.0;203.0;199.0;196.0;192.0;188.0;184.0;181.0;176.0;173.0;168.0;165.0;162.0;160.0;158.0;156.0;154.0;151.0;149.0;147.0;146.0;144.0;142.0;141.0;140.0;138.0;1;1;1;1;1;1;1;1;1;1;1;1;1;1;1;1;1;1;1;1;1;1;1;1;1;1;1;1;1;1;1
50660000;1;08/1967;1;1;148.0;132.0;139.0;9;19;1;1;1;146.0;1;138.0;138.0;136.0;136.0;136.0;146.0;146.0;147.0;148.0;148.0;148.0;146.0;146.0;142.0;142.0;134.0;134.0;134.0;132.0;132.0;132.0;134.0;134.0;138.0;138.0;138.0;138.0;140.0;140.0;132.0;132.0;1;1;1;1;1;1;1;1;1;1;1;1;1;1;1;1;1;1;1;1;1;1;1;1;1;1;1;1;1;1;1
50660000;2;08/1967;1;1;148.0;132.0;138.871;9;19;1;1;1;0.0;0;138.0;138.0;136.0;136.0;136.0;146.0;146.0;147.0;148.0;148.0;148.0;146.0;146.0;142.0;142.0;134.0;134.0;134.0;132.0;132.0;132.0;134.0;134.0;138.0;138.0;138.0;138.0;140.0;140.0;132.0;132.0;1;1;1;1;1;1;1;1;1;1;1;1;1;1;1;1;1;1;1;1;1;1;1;1;1;1;1;1;1;1;1
50660000;1;09/1967;1;1;134.0;118.0;125.0;24;12;1;1;1;146.0;1;132.0;132.0;128.0;126.0;126.0;126.0;126.0;126.0;124.0;122.0;122.0;118.0;118.0;118.0;118.0;118.0;118.0;120.0;120.0;122.0;122.0;126.0;126.0;134.0;134.0;134.0;128.0;128.0;126.0;124.0;;1;1;1;1;1;1;1;1;1;1;1;1;1;1;1;1;1;1;1;1;1;1;1;1;1;1;1;1;1;1;0
50660000;2;09/1967;1;1;134.0;118.0;124.7333;24;12;1;1;1;0.0;0;132.0;132.0;128.0;126.0;126.0;126.0;126.0;126.0;124.0;122.0;122.0;118.0;118.0;118.0;118.0;118.0;118.0;120.0;120.0;122.0;122.0;126.0;126.0;134.0;134.0;134.0;128.0;128.0;126.0;124.0;;1;1;1;1;1;1;1;1;1;1;1;1;1;1;1;1;1;1;1;1;1;1;1;1;1;1;1;1;1;1;
50660000;1;10/1967;1;1;126.0;110.0;119.0;5;29;1;1;1;146.0;1;120.0;120.0;122.0;122.0;126.0;126.0;124.0;124.0;122.0;122.0;122.0;122.0;124.0;124.0;118.0;120.0;122.0;122.0;118.0;118.0;118.0;116.0;116.0;116.0;114.0;114.0;112.0;112.0;110.0;110.0;110.0;1;1;1;1;1;1;1;1;1;1;1;1;1;1;1;1;1;1;1;1;1;1;1;1;1;1;1;1;1;1;1
50660000;2;10/1967;1;1;126.0;110.0;118.9032;5;29;1;1;1;0.0;0;120.0;120.0;122.0;122.0;126.0;126.0;124.0;124.0;122.0;122.0;122.0;122.0;124.0;124.0;118.0;120.0;122.0;122.0;118.0;118.0;118.0;116.0;116.0;116.0;114.0;114.0;112.0;112.0;110.0;110.0;110.0;1;1;1;1;1;1;1;1;1;1;1;1;1;1;1;1;1;1;1;1;1;1;1;1;1;1;1;1;1;1;1
50660000;1;11/1967;1;1;248.0;110.0;148.0;15;28;1;1;1;146.0;1;118.0;118.0;120.0;120.0;120.0;128.0;136.0;154.0;150.0;146.0;140.0;140.0;222.0;236.0;248.0;210.0;190.0;166.0;162.0;150.0;146.0;142.0;136.0;134.0;130.0;126.0;114.0;110.0;110.0;110.0;;1;1;1;1;1;1;1;1;1;1;1;1;1;1;1;1;1;1;1;1;1;1;1;1;1;1;1;1;1;1;0
50660000;2;11/1967;1;1;248.0;110.0;147.73331;15;28;1;1;1;0.0;0;118.0;118.0;120.0;120.0;120.0;128.0;136.0;154.0;150.0;146.0;140.0;140.0;222.0;236.0;248.0;210.0;190.0;166.0;162.0;150.0;146.0;142.0;136.0;134.0;130.0;126.0;114.0;110.0;110.0;110.0;;1;1;1;1;1;1;1;1;1;1;1;1;1;1;1;1;1;1;1;1;1;1;1;1;1;1;1;1;1;1;
50660000;1;12/1967;1;1;366.0;100.0;148.0;29;10;1;1;1;146.0;1;108.0;108.0;106.0;106.0;105.0;104.0;103.0;102.0;101.0;100.0;100.0;101.0;102.0;103.0;105.0;107.0;111.0;114.0;116.0;120.0;124.0;128.0;131.0;145.0;175.0;238.0;252.0;358.0;366.0;334.0;226.0;1;1;1;1;1;1;1;1;1;1;1;1;1;1;1;1;1;1;1;1;1;1;1;1;1;1;1;1;1;1;1
50660000;2;12/1967;1;1;366.0;100.0;148.3548;29;10;1;1;1;0.0;0;108.0;108.0;106.0;106.0;105.0;104.0;103.0;102.0;101.0;100.0;100.0;101.0;102.0;103.0;105.0;107.0;111.0;114.0;116.0;120.0;124.0;128.0;131.0;145.0;175.0;238.0;252.0;358.0;366.0;334.0;226.0;1;1;1;1;1;1;1;1;1;1;1;1;1;1;1;1;1;1;1;1;1;1;1;1;1;1;1;1;1;1;1
50660000;2;01/1968;1;1;334.0;110.0;181.4194;4;22;1;1;1;0.0;0;194.0;190.0;258.0;334.0;320.0;286.0;258.0;236.0;210.0;204.0;198.0;186.0;186.0;174.0;168.0;158.0;124.0;124.0;122.0;116.0;114.0;110.0;116.0;118.0;120.0;156.0;163.0;170.0;175.0;170.0;166.0;1;1;1;1;1;1;1;1;1;1;1;1;1;1;1;1;1;1;1;1;1;1;1;1;1;1;1;1;1;1;1
50660000;1;01/1968;1;1;334.0;110.0;181.0;4;22;1;1;1;188.0;1;194.0;190.0;258.0;334.0;320.0;286.0;258.0;236.0;210.0;204.0;198.0;186.0;186.0;174.0;168.0;158.0;124.0;124.0;122.0;116.0;114.0;110.0;116.0;118.0;120.0;156.0;163.0;170.0;175.0;170.0;166.0;1;1;1;1;1;1;1;1;1;1;1;1;1;1;1;1;1;1;1;1;1;1;1;1;1;1;1;1;1;1;1
50660000;1;02/1968;1;1;154.0;112.0;131.0;1;29;1;1;1;188.0;1;154.0;148.0;134.0;134.0;136.0;136.0;134.0;134.0;132.0;128.0;126.0;128.0;124.0;124.0;124.0;122.0;122.0;120.0;119.0;118.0;117.0;148.0;150.0;152.0;135.0;133.0;128.0;116.0;112.0;;;1;1;1;1;1;1;1;1;1;1;1;1;1;1;1;1;1;1;1;1;1;1;1;1;1;1;1;1;1;0;0
50660000;2;02/1968;1;1;154.0;112.0;130.6207;1;29;1;1;1;0.0;0;154.0;148.0;134.0;134.0;136.0;136.0;134.0;134.0;132.0;128.0;126.0;128.0;124.0;124.0;124.0;122.0;122.0;120.0;119.0;118.0;117.0;148.0;150.0;152.0;135.0;133.0;128.0;116.0;112.0;;;1;1;1;1;1;1;1;1;1;1;1;1;1;1;1;1;1;1;1;1;1;1;1;1;1;1;1;1;1;;
50660000;1;03/1968;1;1;252.0;128.0;189.0;31;1;1;1;1;188.0;1;128.0;136.0;148.0;166.0;180.0;186.0;178.0;160.0;155.0;152.0;151.0;152.0;154.0;168.0;184.0;198.0;226.0;224.0;216.0;220.0;226.0;228.0;198.0;198.0;196.0;196.0;194.0;216.0;228.0;248.0;252.0;1;1;1;1;1;1;1;1;1;1;1;1;1;1;1;1;1;1;1;1;1;1;1;1;1;1;1;1;1;1;1
50660000;2;03/1968;1;1;252.0;128.0;189.0968;31;1;1;1;1;0.0;0;128.0;136.0;148.0;166.0;180.0;186.0;178.0;160.0;155.0;152.0;151.0;152.0;154.0;168.0;184.0;198.0;226.0;224.0;216.0;220.0;226.0;228.0;198.0;198.0;196.0;196.0;194.0;216.0;228.0;248.0;252.0;1;1;1;1;1;1;1;1;1;1;1;1;1;1;1;1;1;1;1;1;1;1;1;1;1;1;1;1;1;1;1
50660000;1;04/1968;1;1;506.0;110.0;218.0;24;19;1;1;1;188.0;1;256.0;248.0;196.0;182.0;172.0;168.0;146.0;136.0;134.0;122.0;120.0;118.0;116.0;114.0;114.0;112.0;112.0;112.0;110.0;110.0;110.0;268.0;428.0;506.0;496.0;482.0;358.0;346.0;333.0;312.0;;1;1;1;1;1;1;1;1;1;1;1;1;1;1;1;1;1;1;1;1;1;1;1;1;1;1;1;1;1;1;0
50660000;2;04/1968;1;1;506.0;110.0;217.89999;24;19;1;1;1;0.0;0;256.0;248.0;196.0;182.0;172.0;168.0;146.0;136.0;134.0;122.0;120.0;118.0;116.0;114.0;114.0;112.0;112.0;112.0;110.0;110.0;110.0;268.0;428.0;506.0;496.0;482.0;358.0;346.0;333.0;312.0;;1;1;1;1;1;1;1;1;1;1;1;1;1;1;1;1;1;1;1;1;1;1;1;1;1;1;1;1;1;1;
50660000;1;05/1968;1;1;516.0;264.0;337.0;8;18;1;1;1;188.0;1;296.0;294.0;312.0;386.0;392.0;398.0;512.0;516.0;510.0;508.0;386.0;382.0;374.0;282.0;280.0;278.0;266.0;264.0;282.0;294.0;298.0;276.0;272.0;286.0;310.0;360.0;312.0;298.0;286.0;272.0;264.0;1;1;1;1;1;1;1;1;1;1;1;1;1;1;1;1;1;1;1;1;1;1;1;1;1;1;1;1;1;1;1
50660000;2;05/1968;1;1;516.0;264.0;336.96771;8;18;1;1;1;0.0;0;296.0;294.0;312.0;386.0;392.0;398.0;512.0;516.0;510.0;508.0;386.0;382.0;374.0;282.0;280.0;278.0;266.0;264.0;282.0;294.0;298.0;276.0;272.0;286.0;310.0;360.0;312.0;298.0;286.0;272.0;264.0;1;1;1;1;1;1;1;1;1;1;1;1;1;1;1;1;1;1;1;1;1;1;1;1;1;1;1;1;1;1;1
50660000;1;06/1968;1;1;349.0;218.0;262.0;10;28;1;1;1;188.0;1;252.0;246.0;234.0;226.0;318.0;312.0;326.0;338.0;340.0;349.0;335.0;322.0;278.0;272.0;268.0;268.0;254.0;246.0;232.0;230.0;228.0;226.0;226.0;224.0;224.0;220.0;220.0;218.0;218.0;218.0;;1;1;1;1;1;1;1;1;1;1;1;1;1;1;1;1;1;1;1;1;1;1;1;1;1;1;1;1;1;1;0
50660000;2;06/1968;1;1;349.0;218.0;262.26669;10;28;1;1;1;0.0;0;252.0;246.0;234.0;226.0;318.0;312.0;326.0;338.0;340.0;349.0;335.0;322.0;278.0;272.0;268.0;268.0;254.0;246.0;232.0;230.0;228.0;226.0;226.0;224.0;224.0;220.0;220.0;218.0;218.0;218.0;;1;1;1;1;1;1;1;1;1;1;1;1;1;1;1;1;1;1;1;1;1;1;1;1;1;1;1;1;1;1;
50660000;1;07/1968;1;1;258.0;166.0;212.0;8;29;1;1;1;188.0;1;218.0;224.0;228.0;236.0;236.0;238.0;242.0;258.0;254.0;250.0;250.0;246.0;242.0;238.0;232.0;226.0;220.0;210.0;204.0;197.0;191.0;186.0;182.0;180.0;176.0;174.0;172.0;170.0;166.0;168.0;168.0;1;1;1;1;1;1;1;1;1;1;1;1;1;1;1;1;1;1;1;1;1;1;1;1;1;1;1;1;1;1;1
50660000;2;07/1968;1;1;258.0;166.0;212.3226;8;29;1;1;1;0.0;0;218.0;224.0;228.0;236.0;236.0;238.0;242.0;258.0;254.0;250.0;250.0;246.0;242.0;238.0;232.0;226.0;220.0;210.0;204.0;197.0;191.0;186.0;182.0;180.0;176.0;174.0;172.0;170.0;166.0;168.0;168.0;1;1;1;1;1;1;1;1;1;1;1;1;1;1;1;1;1;1;1;1;1;1;1;1;1;1;1;1;1;1;1
50660000;1;08/1968;1;1;166.0;120.0;144.0;1;21;1;1;1;188.0;1;166.0;162.0;160.0;158.0;158.0;152.0;150.0;146.0;146.0;140.0;138.0;136.0;136.0;134.0;130.0;130.0;128.0;128.0;126.0;124.0;120.0;128.0;136.0;136.0;142.0;148.0;156.0;158.0;162.0;160.0;160.0;1;1;1;1;1;1;1;1;1;1;1;1;1;1;1;1;1;1;1;1;1;1;1;1;1;1;1;1;1;1;1
50660000;2;08/1968;1;1;166.0;120.0;143.6774;1;21;1;1;1;0.0;0;166.0;162.0;160.0;158.0;158.0;152.0;150.0;146.0;146.0;140.0;138.0;136.0;136.0;134.0;130.0;130.0;128.0;128.0;126.0;124.0;120.0;128.0;136.0;136.0;142.0;148.0;156.0;158.0;162.0;160.0;160.0;1;1;1;1;1;1;1;1;1;1;1;1;1;1;1;1;1;1;1;1;1;1;1;1;1;1;1;1;1;1;1
50660000;1;09/1968;1;1;158.0;110.0;131.0;1;29;1;1;1;188.0;1;158.0;156.0;152.0;148.0;146.0;146.0;142.0;140.0;138.0;134.0;128.0;126.0;126.0;124.0;120.0;122.0;126.0;128.0;136.0;134.0;132.0;126.0;126.0;124.0;122.0;118.0;116.0;112.0;110.0;110.0;;1;1;1;1;1;1;1;1;1;1;1;1;1;1;1;1;1;1;1;1;1;1;1;1;1;1;1;1;1;1;0
50660000;2;09/1968;1;1;158.0;110.0;130.8667;1;29;1;1;1;0.0;0;158.0;156.0;152.0;148.0;146.0;146.0;142.0;140.0;138.0;134.0;128.0;126.0;126.0;124.0;120.0;122.0;126.0;128.0;136.0;134.0;132.0;126.0;126.0;124.0;122.0;118.0;116.0;112.0;110.0;110.0;;1;1;1;1;1;1;1;1;1;1;1;1;1;1;1;1;1;1;1;1;1;1;1;1;1;1;1;1;1;1;
50660000;1;10/1968;1;1;184.0;116.0;155.0;17;1;1;1;1;188.0;1;116.0;118.0;122.0;126.0;126.0;128.0;136.0;138.0;140.0;142.0;148.0;154.0;156.0;162.0;168.0;172.0;184.0;180.0;176.0;170.0;168.0;166.0;168.0;168.0;170.0;172.0;168.0;164.0;164.0;162.0;160.0;1;1;1;1;1;1;1;1;1;1;1;1;1;1;1;1;1;1;1;1;1;1;1;1;1;1;1;1;1;1;1
50660000;2;10/1968;1;1;184.0;116.0;154.5806;17;1;1;1;1;0.0;0;116.0;118.0;122.0;126.0;126.0;128.0;136.0;138.0;140.0;142.0;148.0;154.0;156.0;162.0;168.0;172.0;184.0;180.0;176.0;170.0;168.0;166.0;168.0;168.0;170.0;172.0;168.0;164.0;164.0;162.0;160.0;1;1;1;1;1;1;1;1;1;1;1;1;1;1;1;1;1;1;1;1;1;1;1;1;1;1;1;1;1;1;1
50660000;1;11/1968;1;1;182.0;144.0;158.0;23;14;1;1;1;188.0;1;156.0;154.0;152.0;152.0;150.0;150.0;148.0;148.0;148.0;146.0;146.0;146.0;146.0;144.0;144.0;146.0;152.0;156.0;156.0;168.0;176.0;178.0;182.0;180.0;176.0;172.0;168.0;168.0;162.0;160.0;;1;1;1;1;1;1;1;1;1;1;1;1;1;1;1;1;1;1;1;1;1;1;1;1;1;1;1;1;1;1;0
50660000;2;11/1968;1;1;182.0;144.0;157.6667;23;14;1;1;1;0.0;0;156.0;154.0;152.0;152.0;150.0;150.0;148.0;148.0;148.0;146.0;146.0;146.0;146.0;144.0;144.0;146.0;152.0;156.0;156.0;168.0;176.0;178.0;182.0;180.0;176.0;172.0;168.0;168.0;162.0;160.0;;1;1;1;1;1;1;1;1;1;1;1;1;1;1;1;1;1;1;1;1;1;1;1;1;1;1;1;1;1;1;
50660000;1;12/1968;1;1;156.0;134.0;141.0;1;4;1;1;1;188.0;1;156.0;148.0;138.0;134.0;134.0;136.0;136.0;136.0;138.0;138.0;134.0;134.0;136.0;136.0;136.0;138.0;138.0;140.0;142.0;142.0;146.0;146.0;150.0;150.0;150.0;152.0;148.0;146.0;142.0;136.0;136.0;1;1;1;1;1;1;1;1;1;1;1;1;1;1;1;1;1;1;1;1;1;1;1;1;1;1;1;1;1;1;1
50660000;2;12/1968;1;1;156.0;134.0;141.0323;1;4;1;1;1;0.0;0;156.0;148.0;138.0;134.0;134.0;136.0;136.0;136.0;138.0;138.0;134.0;134.0;136.0;136.0;136.0;138.0;138.0;140.0;142.0;142.0;146.0;146.0;150.0;150.0;150.0;152.0;148.0;146.0;142.0;136.0;136.0;1;1;1;1;1;1;1;1;1;1;1;1;1;1;1;1;1;1;1;1;1;1;1;1;1;1;1;1;1;1;1
50660000;1;01/1969;1;1;158.0;;;27;;1;0;0;;0;136.0;136.0;136.0;134.0;134.0;134.0;;;;;124.0;124.0;124.0;124.0;124.0;124.0;124.0;124.0;125.0;126.0;128.0;129.0;132.0;137.0;148.0;152.0;158.0;158.0;156.0;153.0;151.0;1;1;1;1;1;1;0;0;0;0;1;1;1;1;1;1;1;1;1;1;1;1;1;1;1;1;1;1;1;1;1
50660000;2;01/1969;1;1;158.0;124.0;134.5484;27;11;2;2;2;0.0;0;136.0;136.0;136.0;134.0;134.0;134.0;132.0;130.0;128.0;126.0;124.0;124.0;124.0;124.0;124.0;124.0;124.0;124.0;125.0;126.0;128.0;129.0;132.0;137.0;148.0;152.0;158.0;158.0;156.0;153.0;151.0;1;1;1;1;1;1;2;2;2;2;1;1;1;1;1;1;1;1;1;1;1;1;1;1;1;1;1;1;1;1;1
50660000;1;02/1969;1;1;236.0;138.0;180.0;17;6;1;1;1;;0;148.0;146.0;144.0;142.0;140.0;138.0;138.0;146.0;154.0;166.0;172.0;188.0;218.0;230.0;230.0;234.0;236.0;236.0;230.0;220.0;196.0;190.0;183.0;175.0;169.0;160.0;155.0;151.0;;;;1;1;1;1;1;1;1;1;1;1;1;1;1;1;1;1;1;1;1;1;1;1;1;1;1;1;1;1;0;0;0
50660000;2;02/1969;1;1;236.0;138.0;179.8214;17;6;1;1;1;0.0;0;148.0;146.0;144.0;142.0;140.0;138.0;138.0;146.0;154.0;166.0;172.0;188.0;218.0;230.0;230.0;234.0;236.0;236.0;230.0;220.0;196.0;190.0;183.0;175.0;169.0;160.0;155.0;151.0;;;;1;1;1;1;1;1;1;1;1;1;1;1;1;1;1;1;1;1;1;1;1;1;1;1;1;1;1;1;;;
50660000;1;03/1969;1;1;526.0;114.0;240.0;20;13;1;1;1;;0;146.0;140.0;136.0;128.0;124.0;122.0;120.0;119.0;118.0;118.0;116.0;116.0;114.0;114.0;152.0;230.0;296.0;410.0;501.0;526.0;494.0;456.0;420.0;375.0;320.0;285.0;268.0;255.0;245.0;235.0;228.0;1;1;1;1;1;1;1;1;1;1;1;1;1;1;1;1;1;1;1;1;1;1;1;1;1;1;1;1;1;1;1
50660000;2;03/1969;1;1;526.0;114.0;239.5806;20;13;1;1;1;0.0;0;146.0;140.0;136.0;128.0;124.0;122.0;120.0;119.0;118.0;118.0;116.0;116.0;114.0;114.0;152.0;230.0;296.0;410.0;501.0;526.0;494.0;456.0;420.0;375.0;320.0;285.0;268.0;255.0;245.0;235.0;228.0;1;1;1;1;1;1;1;1;1;1;1;1;1;1;1;1;1;1;1;1;1;1;1;1;1;1;1;1;1;1;1
50660000;1;04/1969;1;1;368.0;;;6;;1;0;0;;0;;;;;;368.0;352.0;350.0;328.0;316.0;310.0;250.0;242.0;212.0;174.0;162.0;156.0;152.0;150.0;152.0;152.0;158.0;164.0;166.0;170.0;172.0;168.0;162.0;160.0;154.0;;0;0;0;0;0;1;1;1;1;1;1;1;1;1;1;1;1;1;1;1;1;1;1;1;1;1;1;1;1;1;0
50660000;2;04/1969;1;1;368.0;150.0;226.3333;6;19;2;2;2;0.0;0;251.0;275.0;298.0;321.0;345.0;368.0;352.0;350.0;328.0;316.0;310.0;250.0;242.0;212.0;174.0;162.0;156.0;152.0;150.0;152.0;152.0;158.0;164.0;166.0;170.0;172.0;168.0;162.0;160.0;154.0;;2;2;2;2;2;1;1;1;1;1;1;1;1;1;1;1;1;1;1;1;1;1;1;1;1;1;1;1;1;1;
50660000;1;05/1969;1;1;284.0;140.0;191.0;20;10;1;1;1;;0;148.0;148.0;146.0;146.0;146.0;144.0;144.0;142.0;142.0;140.0;140.0;144.0;148.0;152.0;158.0;166.0;180.0;206.0;240.0;284.0;282.0;280.0;272.0;270.0;264.0;252.0;246.0;240.0;198.0;186.0;176.0;1;1;1;1;1;1;1;1;1;1;1;1;1;1;1;1;1;1;1;1;1;1;1;1;1;1;1;1;1;1;1
50660000;2;05/1969;1;1;284.0;140.0;191.2903;20;10;1;1;1;0.0;0;148.0;148.0;146.0;146.0;146.0;144.0;144.0;142.0;142.0;140.0;140.0;144.0;148.0;152.0;158.0;166.0;180.0;206.0;240.0;284.0;282.0;280.0;272.0;270.0;264.0;252.0;246.0;240.0;198.0;186.0;176.0;1;1;1;1;1;1;1;1;1;1;1;1;1;1;1;1;1;1;1;1;1;1;1;1;1;1;1;1;1;1;1
50660000;1;06/1969;1;1;348.0;160.0;224.0;11;6;1;1;1;;0;176.0;174.0;172.0;168.0;162.0;160.0;186.0;238.0;256.0;282.0;348.0;348.0;332.0;324.0;320.0;312.0;198.0;192.0;186.0;184.0;183.0;186.0;188.0;192.0;196.0;196.0;198.0;212.0;216.0;228.0;;1;1;1;1;1;1;1;1;1;1;1;1;1;1;1;1;1;1;1;1;1;1;1;1;1;1;1;1;1;1;0
50660000;2;06/1969;1;1;348.0;160.0;223.76669;11;6;1;1;1;0.0;0;176.0;174.0;172.0;168.0;162.0;160.0;186.0;238.0;256.0;282.0;348.0;348.0;332.0;324.0;320.0;312.0;198.0;192.0;186.0;184.0;183.0;186.0;188.0;192.0;196.0;196.0;198.0;212.0;216.0;228.0;;1;1;1;1;1;1;1;1;1;1;1;1;1;1;1;1;1;1;1;1;1;1;1;1;1;1;1;1;1;1;
50660000;1;07/1969;1;1;228.0;160.0;180.0;1;17;1;1;1;;0;228.0;220.0;212.0;196.0;194.0;186.0;186.0;184.0;182.0;180.0;176.0;172.0;170.0;170.0;168.0;166.0;160.0;160.0;162.0;164.0;164.0;166.0;168.0;172.0;170.0;175.0;180.0;191.0;194.0;190.0;180.0;1;1;1;1;1;1;1;1;1;1;1;1;1;1;1;1;1;1;1;1;1;1;1;1;1;1;1;1;1;1;1
50660000;2;07/1969;1;1;228.0;160.0;180.1935;1;17;1;1;1;0.0;0;228.0;220.0;212.0;196.0;194.0;186.0;186.0;184.0;182.0;180.0;176.0;172.0;170.0;170.0;168.0;166.0;160.0;160.0;162.0;164.0;164.0;166.0;168.0;172.0;170.0;175.0;180.0;191.0;194.0;190.0;180.0;1;1;1;1;1;1;1;1;1;1;1;1;1;1;1;1;1;1;1;1;1;1;1;1;1;1;1;1;1;1;1
50660000;1;08/1969;1;1;;;;;;0;0;0;;0;169.0;162.0;158.0;154.0;153.0;151.0;157.0;170.0;176.0;171.0;168.0;171.0;175.0;175.0;173.0;;;;;;;;;;;;;;;;;1;1;1;1;1;1;1;1;1;1;1;1;1;1;1;0;0;0;0;0;0;0;0;0;0;0;0;0;0;0;0
50660000;2;08/1969;1;1;176.0;142.0;160.871;9;31;2;2;2;0.0;0;169.0;162.0;158.0;154.0;153.0;151.0;157.0;170.0;176.0;171.0;168.0;171.0;175.0;175.0;173.0;171.0;169.0;167.0;165.0;163.0;161.0;159.0;157.0;156.0;154.0;152.0;150.0;148.0;146.0;144.0;142.0;1;1;1;1;1;1;1;1;1;1;1;1;1;1;1;2;2;2;2;2;2;2;2;2;2;2;2;2;2;2;2
50660000;1;09/1969;1;1;144.0;127.0;134.0;7;28;1;1;1;;0;140.0;140.0;140.0;140.0;140.0;141.0;142.0;141.0;138.0;137.0;136.0;136.0;134.0;132.0;132.0;132.0;133.0;133.0;133.0;134.0;131.0;134.0;132.0;132.0;131.0;129.0;129.0;127.0;127.0;127.0;;1;1;1;1;1;1;1;1;1;1;1;1;1;1;1;1;1;1;1;1;1;1;1;1;1;1;1;1;1;1;0
50660000;2;09/1969;1;1;142.0;127.0;134.46671;7;28;2;2;2;0.0;0;141.0;140.0;140.0;140.0;140.0;141.0;142.0;141.0;138.0;137.0;136.0;136.0;134.0;132.0;132.0;132.0;133.0;133.0;133.0;134.0;131.0;134.0;132.0;132.0;131.0;129.0;129.0;127.0;127.0;127.0;;2;1;1;1;1;1;1;1;1;1;1;1;1;1;1;1;1;1;1;1;1;1;1;1;1;1;1;1;1;1;
50660000;2;10/1969;1;1;127.0;114.0;122.2258;1;31;1;1;1;0.0;0;127.0;126.0;127.0;127.0;126.0;126.0;126.0;125.0;124.0;124.0;124.0;124.0;124.0;121.0;122.0;122.0;121.0;120.0;120.0;121.0;120.0;122.0;122.0;121.0;120.0;120.0;119.0;119.0;118.0;117.0;114.0;1;1;1;1;1;1;1;1;1;1;1;1;1;1;1;1;1;1;1;1;1;1;1;1;1;1;1;1;1;1;1
50660000;1;10/1969;1;1;127.0;114.0;122.0;1;31;1;1;1;;0;127.0;126.0;127.0;127.0;126.0;126.0;126.0;125.0;124.0;124.0;124.0;124.0;124.0;121.0;122.0;122.0;121.0;120.0;120.0;121.0;120.0;122.0;122.0;121.0;120.0;120.0;119.0;119.0;118.0;117.0;114.0;1;1;1;1;1;1;1;1;1;1;1;1;1;1;1;1;1;1;1;1;1;1;1;1;1;1;1;1;1;1;1
50660000;2;11/1969;1;1;120.0;110.0;113.5;30;21;1;1;1;0.0;0;114.0;114.0;115.0;116.0;114.0;113.0;114.0;114.0;114.0;113.0;112.0;114.0;114.0;113.0;115.0;112.0;112.0;112.0;113.0;112.0;110.0;111.0;111.0;110.0;110.0;111.0;116.0;118.0;118.0;120.0;;1;1;1;1;1;1;1;1;1;1;1;1;1;1;1;1;1;1;1;1;1;1;1;1;1;1;1;1;1;1;
50660000;1;11/1969;1;1;120.0;110.0;114.0;30;21;1;1;1;;0;114.0;114.0;115.0;116.0;114.0;113.0;114.0;114.0;114.0;113.0;112.0;114.0;114.0;113.0;115.0;112.0;112.0;112.0;113.0;112.0;110.0;111.0;111.0;110.0;110.0;111.0;116.0;118.0;118.0;120.0;;1;1;1;1;1;1;1;1;1;1;1;1;1;1;1;1;1;1;1;1;1;1;1;1;1;1;1;1;1;1;0
50660000;2;12/1969;1;1;337.0;118.0;148.7419;19;12;1;1;1;0.0;0;120.0;121.0;122.0;121.0;123.0;121.0;120.0;120.0;119.0;119.0;119.0;118.0;118.0;118.0;118.0;124.0;162.0;169.0;337.0;308.0;207.0;168.0;152.0;139.0;137.0;132.0;160.0;153.0;153.0;158.0;155.0;1;1;1;1;1;1;1;1;1;1;1;1;1;1;1;1;1;1;1;1;1;1;1;1;1;1;1;1;1;1;1
50660000;1;12/1969;1;1;346.0;118.0;149.0;19;12;1;1;1;;0;120.0;121.0;122.0;121.0;123.0;121.0;120.0;120.0;119.0;119.0;119.0;118.0;118.0;118.0;118.0;124.0;162.0;169.0;337.0;308.0;207.0;168.0;152.0;139.0;137.0;132.0;160.0;153.0;153.0;158.0;155.0;1;1;1;1;1;1;1;1;1;1;1;1;1;1;1;1;1;1;1;1;1;1;1;1;1;1;1;1;1;1;1
50660000;2;01/1970;1;1;255.0;121.0;158.3226;6;29;1;1;1;0.0;0;156.0;151.0;163.0;199.0;253.0;255.0;219.0;198.0;181.0;170.0;165.0;161.0;154.0;143.0;155.0;151.0;150.0;135.0;134.0;136.0;125.0;123.0;139.0;158.0;153.0;146.0;134.0;130.0;121.0;125.0;125.0;1;1;1;1;1;1;1;1;1;1;1;1;1;1;1;1;1;1;1;1;1;1;1;1;1;1;1;1;1;1;1
50660000;1;01/1970;1;1;256.0;121.0;158.0;6;29;1;1;1;;0;156.0;151.0;163.0;199.0;253.0;255.0;219.0;198.0;181.0;170.0;165.0;161.0;154.0;143.0;155.0;151.0;150.0;135.0;134.0;136.0;125.0;123.0;139.0;158.0;153.0;146.0;134.0;130.0;121.0;125.0;125.0;1;1;1;1;1;1;1;1;1;1;1;1;1;1;1;1;1;1;1;1;1;1;1;1;1;1;1;1;1;1;1
50660000;2;02/1970;1;1;175.0;112.0;124.5357;28;22;1;1;1;0.0;0;124.0;124.0;123.0;127.0;125.0;123.0;124.0;124.0;124.0;126.0;128.0;124.0;125.0;121.0;120.0;121.0;119.0;116.0;115.0;114.0;113.0;112.0;113.0;112.0;122.0;138.0;155.0;175.0;;;;1;1;1;1;1;1;1;1;1;1;1;1;1;1;1;1;1;1;1;1;1;1;1;1;1;1;1;1;;;
50660000;1;02/1970;1;1;175.0;112.0;125.0;28;22;1;1;1;;0;124.0;124.0;123.0;127.0;125.0;123.0;124.0;124.0;124.0;126.0;128.0;124.0;125.0;121.0;120.0;121.0;119.0;116.0;115.0;114.0;113.0;112.0;113.0;112.0;122.0;138.0;155.0;175.0;;;;1;1;1;1;1;1;1;1;1;1;1;1;1;1;1;1;1;1;1;1;1;1;1;1;1;1;1;1;0;0;0
50660000;2;03/1970;1;1;194.0;114.0;129.8065;1;30;1;1;1;0.0;0;194.0;176.0;158.0;142.0;134.0;130.0;128.0;126.0;125.0;120.0;119.0;123.0;127.0;127.0;128.0;128.0;124.0;121.0;128.0;126.0;124.0;123.0;120.0;120.0;122.0;124.0;128.0;127.0;124.0;114.0;114.0;1;1;1;1;1;1;1;1;1;1;1;1;1;1;1;1;1;1;1;1;1;1;1;1;1;1;1;1;1;1;1
50660000;1;03/1970;1;1;199.0;114.0;130.0;1;30;1;1;1;;0;194.0;176.0;158.0;142.0;134.0;130.0;128.0;126.0;125.0;120.0;119.0;123.0;127.0;127.0;128.0;128.0;124.0;121.0;128.0;126.0;124.0;123.0;120.0;120.0;122.0;124.0;128.0;127.0;124.0;114.0;114.0;1;1;1;1;1;1;1;1;1;1;1;1;1;1;1;1;1;1;1;1;1;1;1;1;1;1;1;1;1;1;1
50660000;2;04/1970;1;1;149.0;108.0;121.9;18;8;1;1;1;0.0;0;112.0;112.0;112.0;110.0;110.0;110.0;109.0;108.0;112.0;119.0;121.0;124.0;125.0;122.0;120.0;116.0;140.0;149.0;134.0;131.0;125.0;125.0;128.0;138.0;134.0;133.0;126.0;114.0;119.0;119.0;;1;1;1;1;1;1;1;1;1;1;1;1;1;1;1;1;1;1;1;1;1;1;1;1;1;1;1;1;1;1;
50660000;1;04/1970;1;1;150.0;108.0;122.0;18;8;1;1;1;;0;112.0;112.0;112.0;110.0;110.0;110.0;109.0;108.0;112.0;119.0;121.0;124.0;125.0;122.0;120.0;116.0;140.0;149.0;134.0;131.0;125.0;125.0;128.0;138.0;134.0;133.0;126.0;114.0;119.0;119.0;;1;1;1;1;1;1;1;1;1;1;1;1;1;1;1;1;1;1;1;1;1;1;1;1;1;1;1;1;1;1;0
50660000;2;05/1970;1;1;132.0;109.0;119.3226;31;23;1;1;1;0.0;0;124.0;120.0;120.0;123.0;123.0;123.0;120.0;118.0;118.0;120.0;122.0;120.0;120.0;119.0;118.0;119.0;119.0;114.0;112.0;112.0;112.0;110.0;109.0;110.0;111.0;120.0;122.0;128.0;130.0;131.0;132.0;1;1;1;1;1;1;1;1;1;1;1;1;1;1;1;1;1;1;1;1;1;1;1;1;1;1;1;1;1;1;1
50660000;1;05/1970;1;1;134.0;109.0;119.0;31;23;1;1;1;;0;124.0;120.0;120.0;123.0;123.0;123.0;120.0;118.0;118.0;120.0;122.0;120.0;120.0;119.0;118.0;119.0;119.0;114.0;112.0;112.0;112.0;110.0;109.0;110.0;111.0;120.0;122.0;128.0;130.0;131.0;132.0;1;1;1;1;1;1;1;1;1;1;1;1;1;1;1;1;1;1;1;1;1;1;1;1;1;1;1;1;1;1;1
50660000;2;06/1970;1;1;136.0;113.0;124.0;1;24;1;1;1;0.0;0;136.0;135.0;134.0;128.0;127.0;129.0;128.0;134.0;134.0;128.0;126.0;126.0;123.0;126.0;118.0;117.0;123.0;126.0;125.0;124.0;121.0;120.0;116.0;113.0;113.0;114.0;113.0;116.0;123.0;124.0;;1;1;1;1;1;1;1;1;1;1;1;1;1;1;1;1;1;1;1;1;1;1;1;1;1;1;1;1;1;1;
50660000;1;06/1970;1;1;136.0;113.0;124.0;1;24;1;1;1;;0;136.0;135.0;134.0;128.0;127.0;129.0;128.0;134.0;134.0;128.0;126.0;126.0;123.0;126.0;118.0;117.0;123.0;126.0;125.0;124.0;121.0;120.0;116.0;113.0;113.0;114.0;113.0;116.0;123.0;124.0;;1;1;1;1;1;1;1;1;1;1;1;1;1;1;1;1;1;1;1;1;1;1;1;1;1;1;1;1;1;1;0
50660000;2;07/1970;1;1;178.0;120.0;136.6129;31;4;1;1;1;0.0;0;125.0;123.0;121.0;120.0;124.0;123.0;120.0;120.0;122.0;127.0;129.0;135.0;142.0;141.0;136.0;140.0;155.0;158.0;151.0;145.0;139.0;136.0;132.0;131.0;134.0;137.0;140.0;140.0;144.0;167.0;178.0;1;1;1;1;1;1;1;1;1;1;1;1;1;1;1;1;1;1;1;1;1;1;1;1;1;1;1;1;1;1;1
50660000;1;07/1970;1;1;178.0;120.0;137.0;31;4;1;1;1;;0;125.0;123.0;121.0;120.0;124.0;123.0;120.0;120.0;122.0;127.0;129.0;135.0;142.0;141.0;136.0;140.0;155.0;158.0;151.0;145.0;139.0;136.0;132.0;131.0;134.0;137.0;140.0;140.0;144.0;167.0;178.0;1;1;1;1;1;1;1;1;1;1;1;1;1;1;1;1;1;1;1;1;1;1;1;1;1;1;1;1;1;1;1
50660000;2;08/1970;1;1;347.0;130.0;178.7742;16;31;1;1;1;0.0;0;164.0;156.0;153.0;150.0;150.0;150.0;146.0;144.0;141.0;138.0;144.0;156.0;167.0;221.0;345.0;347.0;327.0;276.0;231.0;207.0;188.0;172.0;161.0;150.0;144.0;141.0;139.0;136.0;135.0;133.0;130.0;1;1;1;1;1;1;1;1;1;1;1;1;1;1;1;1;1;1;1;1;1;1;1;1;1;1;1;1;1;1;1
50660000;1;08/1970;1;1;352.0;130.0;179.0;16;31;1;1;1;;0;164.0;156.0;153.0;150.0;150.0;150.0;146.0;144.0;141.0;138.0;144.0;156.0;167.0;221.0;345.0;347.0;327.0;276.0;231.0;207.0;188.0;172.0;161.0;150.0;144.0;141.0;139.0;136.0;135.0;133.0;130.0;1;1;1;1;1;1;1;1;1;1;1;1;1;1;1;1;1;1;1;1;1;1;1;1;1;1;1;1;1;1;1
50660000;2;09/1970;1;1;127.0;112.0;117.8667;1;26;1;1;1;0.0;0;127.0;126.0;126.0;125.0;126.0;125.0;122.0;121.0;120.0;120.0;119.0;117.0;116.0;116.0;115.0;115.0;115.0;115.0;114.0;113.0;114.0;113.0;115.0;117.0;113.0;112.0;112.0;114.0;119.0;114.0;;1;1;1;1;1;1;1;1;1;1;1;1;1;1;1;1;1;1;1;1;1;1;1;1;1;1;1;1;1;1;
50660000;1;09/1970;1;1;128.0;112.0;118.0;1;26;1;1;1;;0;127.0;126.0;126.0;125.0;126.0;125.0;122.0;121.0;120.0;120.0;119.0;117.0;116.0;116.0;115.0;115.0;115.0;115.0;114.0;113.0;114.0;113.0;115.0;117.0;113.0;112.0;112.0;114.0;119.0;114.0;;1;1;1;1;1;1;1;1;1;1;1;1;1;1;1;1;1;1;1;1;1;1;1;1;1;1;1;1;1;1;0
50660000;1;10/1970;1;1;172.0;110.0;119.0;9;4;1;1;1;;0;115.0;111.0;111.0;110.0;110.0;110.0;125.0;160.0;164.0;141.0;138.0;134.0;118.0;114.0;115.0;113.0;112.0;112.0;110.0;110.0;110.0;111.0;119.0;125.0;121.0;115.0;113.0;112.0;113.0;115.0;115.0;1;1;1;1;1;1;1;1;1;1;1;1;1;1;1;1;1;1;1;1;1;1;1;1;1;1;1;1;1;1;1
50660000;2;10/1970;1;1;164.0;110.0;119.4194;9;4;1;1;1;0.0;0;115.0;111.0;111.0;110.0;110.0;110.0;125.0;160.0;164.0;141.0;138.0;134.0;118.0;114.0;115.0;113.0;112.0;112.0;110.0;110.0;110.0;111.0;119.0;125.0;121.0;115.0;113.0;112.0;113.0;115.0;115.0;1;1;1;1;1;1;1;1;1;1;1;1;1;1;1;1;1;1;1;1;1;1;1;1;1;1;1;1;1;1;1
50660000;1;11/1970;1;1;;;;;;0;0;0;;0;122.0;132.0;135.0;141.0;130.0;120.0;114.0;111.0;110.0;112.0;119.0;122.0;;;;;;;;;;;;;;;;;;;;1;1;1;1;1;1;1;1;1;1;1;1;0;0;0;0;0;0;0;0;0;0;0;0;0;0;0;0;0;0;0
50660000;2;11/1970;1;1;141.0;110.0;124.2333;4;9;2;2;2;0.0;0;122.0;132.0;135.0;141.0;130.0;120.0;114.0;111.0;110.0;112.0;119.0;122.0;122.0;123.0;123.0;123.0;124.0;124.0;125.0;125.0;125.0;126.0;126.0;126.0;127.0;127.0;128.0;128.0;128.0;129.0;;1;1;1;1;1;1;1;1;1;1;1;1;2;2;2;2;2;2;2;2;2;2;2;2;2;2;2;2;2;2;
50660000;1;12/1970;1;1;132.0;;;9;;1;0;0;;0;;;;;;;;;132.0;129.0;119.0;112.0;111.0;108.0;107.0;105.0;105.0;105.0;104.0;103.0;103.0;103.0;102.0;102.0;101.0;100.0;100.0;100.0;100.0;100.0;98.0;0;0;0;0;0;0;0;0;1;1;1;1;1;1;1;1;1;1;1;1;1;1;1;1;1;1;1;1;1;1;1
50660000;2;12/1970;1;1;132.0;98.0;112.6452;8;31;2;2;2;0.0;0;129.0;129.0;130.0;130.0;131.0;131.0;131.0;132.0;132.0;129.0;119.0;112.0;111.0;108.0;107.0;105.0;105.0;105.0;104.0;103.0;103.0;103.0;102.0;102.0;101.0;100.0;100.0;100.0;100.0;100.0;98.0;2;2;2;2;2;2;2;2;1;1;1;1;1;1;1;1;1;1;1;1;1;1;1;1;1;1;1;1;1;1;1
50660000;1;01/1971;1;1;102.0;95.0;98.0;10;18;1;1;1;;0;98.0;98.0;98.0;98.0;98.0;98.0;98.0;98.0;100.0;101.0;100.0;100.0;100.0;100.0;98.0;98.0;98.0;95.0;97.0;96.0;96.0;96.0;97.0;98.0;98.0;98.0;96.0;98.0;98.0;96.0;96.0;1;1;1;1;1;1;1;1;1;1;1;1;1;1;1;1;1;1;1;1;1;1;1;1;1;1;1;1;1;1;1
50660000;2;01/1971;1;1;101.0;95.0;97.871002;10;18;1;1;1;0.0;0;98.0;98.0;98.0;98.0;98.0;98.0;98.0;98.0;100.0;101.0;100.0;100.0;100.0;100.0;98.0;98.0;98.0;95.0;97.0;96.0;96.0;96.0;97.0;98.0;98.0;98.0;96.0;98.0;98.0;96.0;96.0;1;1;1;1;1;1;1;1;1;1;1;1;1;1;1;1;1;1;1;1;1;1;1;1;1;1;1;1;1;1;1
50660000;1;02/1971;1;1;101.0;94.0;97.0;11;3;1;1;1;;0;97.0;95.0;94.0;96.0;99.0;99.0;100.0;98.0;98.0;99.0;101.0;101.0;101.0;100.0;98.0;98.0;98.0;97.0;96.0;96.0;95.0;94.0;95.0;95.0;96.0;98.0;97.0;96.0;;;;1;1;1;1;1;1;1;1;1;1;1;1;1;1;1;1;1;1;1;1;1;1;1;1;1;1;1;1;0;0;0
50660000;2;02/1971;1;1;101.0;94.0;97.392899;11;3;1;1;1;0.0;0;97.0;95.0;94.0;96.0;99.0;99.0;100.0;98.0;98.0;99.0;101.0;101.0;101.0;100.0;98.0;98.0;98.0;97.0;96.0;96.0;95.0;94.0;95.0;95.0;96.0;98.0;97.0;96.0;;;;1;1;1;1;1;1;1;1;1;1;1;1;1;1;1;1;1;1;1;1;1;1;1;1;1;1;1;1;;;
50660000;1;03/1971;1;1;102.0;93.0;96.0;25;4;1;1;1;;0;95.0;94.0;94.0;93.0;93.0;94.0;95.0;95.0;95.0;95.0;96.0;97.0;98.0;96.0;94.0;93.0;93.0;93.0;94.0;94.0;94.0;97.0;98.0;98.0;102.0;99.0;100.0;100.0;99.0;97.0;95.0;1;1;1;1;1;1;1;1;1;1;1;1;1;1;1;1;1;1;1;1;1;1;1;1;1;1;1;1;1;1;1
50660000;2;03/1971;1;1;102.0;93.0;95.806503;25;4;1;1;1;0.0;0;95.0;94.0;94.0;93.0;93.0;94.0;95.0;95.0;95.0;95.0;96.0;97.0;98.0;96.0;94.0;93.0;93.0;93.0;94.0;94.0;94.0;97.0;98.0;98.0;102.0;99.0;100.0;100.0;99.0;97.0;95.0;1;1;1;1;1;1;1;1;1;1;1;1;1;1;1;1;1;1;1;1;1;1;1;1;1;1;1;1;1;1;1
50660000;1;04/1971;1;1;234.0;94.0;106.0;28;2;1;1;1;;0;95.0;94.0;97.0;96.0;102.0;108.0;105.0;103.0;104.0;101.0;102.0;102.0;102.0;102.0;103.0;103.0;101.0;100.0;100.0;98.0;98.0;100.0;100.0;98.0;96.0;95.0;113.0;184.0;141.0;134.0;;1;1;1;1;1;1;1;1;1;1;1;1;1;1;1;1;1;1;1;1;1;1;1;1;1;1;1;1;1;1;0
50660000;2;04/1971;1;1;184.0;94.0;105.9;28;2;1;1;1;0.0;0;95.0;94.0;97.0;96.0;102.0;108.0;105.0;103.0;104.0;101.0;102.0;102.0;102.0;102.0;103.0;103.0;101.0;100.0;100.0;98.0;98.0;100.0;100.0;98.0;96.0;95.0;113.0;184.0;141.0;134.0;;1;1;1;1;1;1;1;1;1;1;1;1;1;1;1;1;1;1;1;1;1;1;1;1;1;1;1;1;1;1;
50660000;1;05/1971;1;1;;;;;;0;0;0;;0;142.0;136.0;129.0;130.0;127.0;180.0;160.0;130.0;120.0;128.0;128.0;156.0;165.0;164.0;163.0;;;;;;;;;;;;;;;;;1;1;1;1;1;1;1;1;1;1;1;1;1;1;1;0;0;0;0;0;0;0;0;0;0;0;0;0;0;0;0
50660000;2;05/1971;1;1;;;;;;0;0;0;0.0;0;142.0;136.0;129.0;130.0;127.0;180.0;160.0;130.0;120.0;128.0;128.0;156.0;165.0;164.0;163.0;;;;;;;;;;;;;;;;;1;1;1;1;1;1;1;1;1;1;1;1;1;1;1;;;;;;;;;;;;;;;;
50660000;1;11/1971;1;1;122.0;110.0;116.0;12;7;1;1;1;;0;119.0;116.0;114.0;112.0;111.0;111.0;110.0;110.0;114.0;116.0;116.0;121.0;121.0;120.0;120.0;118.0;118.0;118.0;118.0;117.0;116.0;115.0;115.0;114.0;115.0;116.0;115.0;114.0;112.0;113.0;;1;1;1;1;1;1;1;1;1;1;1;1;1;1;1;1;1;1;1;1;1;1;1;1;1;1;1;1;1;1;0
50660000;2;11/1971;1;1;121.0;110.0;115.5;12;7;1;1;1;0.0;0;119.0;116.0;114.0;112.0;111.0;111.0;110.0;110.0;114.0;116.0;116.0;121.0;121.0;120.0;120.0;118.0;118.0;118.0;118.0;117.0;116.0;115.0;115.0;114.0;115.0;116.0;115.0;114.0;112.0;113.0;;1;1;1;1;1;1;1;1;1;1;1;1;1;1;1;1;1;1;1;1;1;1;1;1;1;1;1;1;1;1;
50660000;2;12/1971;1;1;115.0;104.0;108.6129;10;19;1;1;1;0.0;0;112.0;112.0;112.0;114.0;114.0;112.0;111.0;110.0;114.0;115.0;113.0;110.0;110.0;110.0;109.0;106.0;105.0;105.0;104.0;104.0;104.0;104.0;104.0;106.0;106.0;108.0;109.0;106.0;106.0;106.0;106.0;1;1;1;1;1;1;1;1;1;1;1;1;1;1;1;1;1;1;1;1;1;1;1;1;1;1;1;1;1;1;1
50660000;1;12/1971;1;1;119.0;104.0;109.0;10;19;1;1;1;;0;112.0;112.0;112.0;114.0;114.0;112.0;111.0;110.0;114.0;115.0;113.0;110.0;110.0;110.0;109.0;106.0;105.0;105.0;104.0;104.0;104.0;104.0;104.0;106.0;106.0;108.0;109.0;106.0;106.0;106.0;106.0;1;1;1;1;1;1;1;1;1;1;1;1;1;1;1;1;1;1;1;1;1;1;1;1;1;1;1;1;1;1;1
50660000;2;01/1972;1;1;122.0;102.0;108.2903;22;13;1;1;1;0.0;0;107.0;107.0;106.0;106.0;105.0;106.0;104.0;104.0;104.0;104.0;104.0;103.0;102.0;102.0;102.0;106.0;104.0;108.0;116.0;120.0;120.0;122.0;119.0;115.0;111.0;110.0;109.0;108.0;108.0;108.0;107.0;1;1;1;1;1;1;1;1;1;1;1;1;1;1;1;1;1;1;1;1;1;1;1;1;1;1;1;1;1;1;1
50660000;1;01/1972;1;1;122.0;102.0;108.0;22;13;1;1;1;129.0;1;107.0;107.0;106.0;106.0;105.0;106.0;104.0;104.0;104.0;104.0;104.0;103.0;102.0;102.0;102.0;106.0;104.0;108.0;116.0;120.0;120.0;122.0;119.0;115.0;111.0;110.0;109.0;108.0;108.0;108.0;107.0;1;1;1;1;1;1;1;1;1;1;1;1;1;1;1;1;1;1;1;1;1;1;1;1;1;1;1;1;1;1;1
50660000;2;02/1972;1;1;137.0;106.0;117.6207;18;1;1;1;1;0.0;0;106.0;114.0;114.0;112.0;113.0;114.0;114.0;116.0;118.0;117.0;115.0;115.0;114.0;121.0;117.0;114.0;121.0;137.0;134.0;131.0;127.0;119.0;115.0;114.0;119.0;118.0;116.0;113.0;113.0;;;1;1;1;1;1;1;1;1;1;1;1;1;1;1;1;1;1;1;1;1;1;1;1;1;1;1;1;1;1;;
50660000;1;02/1972;1;1;138.0;106.0;118.0;18;1;1;1;1;129.0;1;106.0;114.0;114.0;112.0;113.0;114.0;114.0;116.0;118.0;117.0;115.0;115.0;114.0;121.0;117.0;114.0;121.0;137.0;134.0;131.0;127.0;119.0;115.0;114.0;119.0;118.0;116.0;113.0;113.0;;;1;1;1;1;1;1;1;1;1;1;1;1;1;1;1;1;1;1;1;1;1;1;1;1;1;1;1;1;1;0;0
50660000;2;03/1972;1;1;145.0;104.0;114.9032;2;14;1;1;1;0.0;0;116.0;145.0;137.0;130.0;122.0;127.0;122.0;110.0;115.0;114.0;111.0;108.0;107.0;104.0;104.0;104.0;104.0;104.0;105.0;111.0;123.0;118.0;110.0;106.0;109.0;110.0;117.0;113.0;116.0;120.0;120.0;1;1;1;1;1;1;1;1;1;1;1;1;1;1;1;1;1;1;1;1;1;1;1;1;1;1;1;1;1;1;1
50660000;1;03/1972;1;1;150.0;104.0;115.0;2;14;1;1;1;129.0;1;116.0;145.0;137.0;130.0;122.0;127.0;122.0;110.0;115.0;114.0;111.0;108.0;107.0;104.0;104.0;104.0;104.0;104.0;105.0;111.0;123.0;118.0;110.0;106.0;109.0;110.0;117.0;113.0;116.0;120.0;120.0;1;1;1;1;1;1;1;1;1;1;1;1;1;1;1;1;1;1;1;1;1;1;1;1;1;1;1;1;1;1;1
50660000;2;04/1972;1;1;143.0;108.0;117.6333;25;6;1;1;1;0.0;0;115.0;114.0;113.0;114.0;112.0;108.0;109.0;109.0;110.0;110.0;110.0;111.0;112.0;115.0;114.0;110.0;108.0;108.0;110.0;121.0;117.0;116.0;121.0;121.0;143.0;143.0;140.0;135.0;132.0;128.0;;1;1;1;1;1;1;1;1;1;1;1;1;1;1;1;1;1;1;1;1;1;1;1;1;1;1;1;1;1;1;
50660000;1;04/1972;1;1;145.0;108.0;118.0;25;6;1;1;1;129.0;1;115.0;114.0;113.0;114.0;112.0;108.0;109.0;109.0;110.0;110.0;110.0;111.0;112.0;115.0;114.0;110.0;108.0;108.0;110.0;121.0;117.0;116.0;121.0;121.0;143.0;143.0;140.0;135.0;132.0;128.0;;1;1;1;1;1;1;1;1;1;1;1;1;1;1;1;1;1;1;1;1;1;1;1;1;1;1;1;1;1;1;0
50660000;2;05/1972;1;1;245.0;142.0;173.6129;14;31;1;1;1;0.0;0;146.0;183.0;192.0;190.0;163.0;153.0;170.0;166.0;156.0;162.0;180.0;206.0;236.0;245.0;227.0;211.0;182.0;157.0;149.0;148.0;158.0;170.0;173.0;169.0;165.0;165.0;160.0;157.0;152.0;149.0;142.0;1;1;1;1;1;1;1;1;1;1;1;1;1;1;1;1;1;1;1;1;1;1;1;1;1;1;1;1;1;1;1
50660000;1;05/1972;1;1;250.0;142.0;174.0;14;31;1;1;1;129.0;1;146.0;183.0;192.0;190.0;163.0;153.0;170.0;166.0;156.0;162.0;180.0;206.0;236.0;245.0;227.0;211.0;182.0;157.0;149.0;148.0;158.0;170.0;173.0;169.0;165.0;165.0;160.0;157.0;152.0;149.0;142.0;1;1;1;1;1;1;1;1;1;1;1;1;1;1;1;1;1;1;1;1;1;1;1;1;1;1;1;1;1;1;1
50660000;2;06/1972;1;1;235.0;139.0;167.73331;16;1;1;1;1;0.0;0;139.0;139.0;155.0;152.0;163.0;189.0;181.0;171.0;162.0;159.0;155.0;160.0;177.0;203.0;212.0;235.0;195.0;169.0;152.0;150.0;160.0;153.0;151.0;145.0;142.0;155.0;168.0;185.0;180.0;175.0;;1;1;1;1;1;1;1;1;1;1;1;1;1;1;1;1;1;1;1;1;1;1;1;1;1;1;1;1;1;1;
50660000;1;06/1972;1;1;236.0;139.0;168.0;16;1;1;1;1;129.0;1;139.0;139.0;155.0;152.0;163.0;189.0;181.0;171.0;162.0;159.0;155.0;160.0;177.0;203.0;212.0;235.0;195.0;169.0;152.0;150.0;160.0;153.0;151.0;145.0;142.0;155.0;168.0;185.0;180.0;175.0;;1;1;1;1;1;1;1;1;1;1;1;1;1;1;1;1;1;1;1;1;1;1;1;1;1;1;1;1;1;1;0
50660000;2;07/1972;1;1;202.0;130.0;155.1935;3;29;1;1;1;0.0;0;177.0;179.0;202.0;202.0;195.0;179.0;175.0;170.0;148.0;143.0;140.0;138.0;137.0;136.0;135.0;134.0;145.0;160.0;173.0;171.0;172.0;163.0;156.0;144.0;137.0;134.0;131.0;133.0;130.0;135.0;137.0;1;1;1;1;1;1;1;1;1;1;1;1;1;1;1;1;1;1;1;1;1;1;1;1;1;1;1;1;1;1;1
50660000;1;07/1972;1;1;204.0;130.0;155.0;3;29;1;1;1;129.0;1;177.0;179.0;202.0;202.0;195.0;179.0;175.0;170.0;148.0;143.0;140.0;138.0;137.0;136.0;135.0;134.0;145.0;160.0;173.0;171.0;172.0;163.0;156.0;144.0;137.0;134.0;131.0;133.0;130.0;135.0;137.0;1;1;1;1;1;1;1;1;1;1;1;1;1;1;1;1;1;1;1;1;1;1;1;1;1;1;1;1;1;1;1
50660000;1;08/1972;1;1;158.0;120.0;139.0;16;31;1;1;1;129.0;1;140.0;143.0;148.0;148.0;148.0;149.0;152.0;154.0;141.0;134.0;132.0;135.0;136.0;137.0;153.0;156.0;154.0;149.0;146.0;145.0;141.0;136.0;132.0;128.0;127.0;125.0;123.0;123.0;122.0;121.0;120.0;1;1;1;1;1;1;1;1;1;1;1;1;1;1;1;1;1;1;1;1;1;1;1;1;1;1;1;1;1;1;1
50660000;2;08/1972;1;1;156.0;120.0;138.6452;16;31;1;1;1;0.0;0;140.0;143.0;148.0;148.0;148.0;149.0;152.0;154.0;141.0;134.0;132.0;135.0;136.0;137.0;153.0;156.0;154.0;149.0;146.0;145.0;141.0;136.0;132.0;128.0;127.0;125.0;123.0;123.0;122.0;121.0;120.0;1;1;1;1;1;1;1;1;1;1;1;1;1;1;1;1;1;1;1;1;1;1;1;1;1;1;1;1;1;1;1
50660000;1;09/1972;1;1;146.0;115.0;127.0;12;29;1;1;1;129.0;1;118.0;116.0;143.0;135.0;131.0;130.0;132.0;130.0;130.0;136.0;140.0;144.0;141.0;137.0;132.0;128.0;125.0;122.0;122.0;121.0;120.0;119.0;120.0;120.0;120.0;119.0;118.0;117.0;115.0;116.0;;1;1;1;1;1;1;1;1;1;1;1;1;1;1;1;1;1;1;1;1;1;1;1;1;1;1;1;1;1;1;0
50660000;2;09/1972;1;1;144.0;115.0;126.5667;12;29;1;1;1;0.0;0;118.0;116.0;143.0;135.0;131.0;130.0;132.0;130.0;130.0;136.0;140.0;144.0;141.0;137.0;132.0;128.0;125.0;122.0;122.0;121.0;120.0;119.0;120.0;120.0;120.0;119.0;118.0;117.0;115.0;116.0;;1;1;1;1;1;1;1;1;1;1;1;1;1;1;1;1;1;1;1;1;1;1;1;1;1;1;1;1;1;1;
50660000;1;10/1972;1;1;132.0;105.0;112.0;23;20;1;1;1;129.0;1;115.0;115.0;114.0;114.0;112.0;111.0;112.0;112.0;111.0;112.0;110.0;108.0;108.0;107.0;106.0;106.0;107.0;106.0;106.0;105.0;106.0;109.0;131.0;126.0;120.0;118.0;116.0;114.0;111.0;109.0;110.0;1;1;1;1;1;1;1;1;1;1;1;1;1;1;1;1;1;1;1;1;1;1;1;1;1;1;1;1;1;1;1
50660000;2;10/1972;1;1;131.0;105.0;111.8387;23;20;1;1;1;0.0;0;115.0;115.0;114.0;114.0;112.0;111.0;112.0;112.0;111.0;112.0;110.0;108.0;108.0;107.0;106.0;106.0;107.0;106.0;106.0;105.0;106.0;109.0;131.0;126.0;120.0;118.0;116.0;114.0;111.0;109.0;110.0;1;1;1;1;1;1;1;1;1;1;1;1;1;1;1;1;1;1;1;1;1;1;1;1;1;1;1;1;1;1;1
50660000;1;11/1972;1;1;114.0;95.0;102.0;1;17;1;1;1;129.0;1;113.0;111.0;112.0;110.0;111.0;108.0;106.0;104.0;104.0;105.0;101.0;98.0;98.0;100.0;100.0;100.0;95.0;99.0;99.0;99.0;98.0;98.0;98.0;98.0;100.0;98.0;98.0;98.0;95.0;95.0;;1;1;1;1;1;1;1;1;1;1;1;1;1;1;1;1;1;1;1;1;1;1;1;1;1;1;1;1;1;1;0
50660000;2;11/1972;1;1;113.0;95.0;101.6333;1;17;1;1;1;0.0;0;113.0;111.0;112.0;110.0;111.0;108.0;106.0;104.0;104.0;105.0;101.0;98.0;98.0;100.0;100.0;100.0;95.0;99.0;99.0;99.0;98.0;98.0;98.0;98.0;100.0;98.0;98.0;98.0;95.0;95.0;;1;1;1;1;1;1;1;1;1;1;1;1;1;1;1;1;1;1;1;1;1;1;1;1;1;1;1;1;1;1;
50660000;1;12/1972;1;1;154.0;92.0;109.0;22;11;1;1;1;129.0;1;95.0;95.0;94.0;94.0;95.0;94.0;95.0;94.0;94.0;94.0;92.0;92.0;92.0;92.0;104.0;100.0;98.0;99.0;99.0;117.0;140.0;154.0;145.0;141.0;136.0;128.0;122.0;117.0;114.0;117.0;140.0;1;1;1;1;1;1;1;1;1;1;1;1;1;1;1;1;1;1;1;1;1;1;1;1;1;1;1;1;1;1;1
50660000;2;12/1972;1;1;154.0;92.0;109.129;22;11;1;1;1;0.0;0;95.0;95.0;94.0;94.0;95.0;94.0;95.0;94.0;94.0;94.0;92.0;92.0;92.0;92.0;104.0;100.0;98.0;99.0;99.0;117.0;140.0;154.0;145.0;141.0;136.0;128.0;122.0;117.0;114.0;117.0;140.0;1;1;1;1;1;1;1;1;1;1;1;1;1;1;1;1;1;1;1;1;1;1;1;1;1;1;1;1;1;1;1
50660000;1;01/1973;1;1;218.0;109.0;146.0;3;27;1;1;1;164.0;1;212.0;212.0;218.0;216.0;203.0;193.0;180.0;179.0;177.0;167.0;162.0;162.0;145.0;135.0;129.0;125.0;121.0;115.0;114.0;112.0;112.0;115.0;119.0;114.0;112.0;112.0;109.0;118.0;115.0;117.0;119.0;1;1;1;1;1;1;1;1;1;1;1;1;1;1;1;1;1;1;1;1;1;1;1;1;1;1;1;1;1;1;1
50660000;2;01/1973;1;1;218.0;109.0;146.4194;3;27;1;1;1;0.0;0;212.0;212.0;218.0;216.0;203.0;193.0;180.0;179.0;177.0;167.0;162.0;162.0;145.0;135.0;129.0;125.0;121.0;115.0;114.0;112.0;112.0;115.0;119.0;114.0;112.0;112.0;109.0;118.0;115.0;117.0;119.0;1;1;1;1;1;1;1;1;1;1;1;1;1;1;1;1;1;1;1;1;1;1;1;1;1;1;1;1;1;1;1
50660000;1;02/1973;1;1;108.0;97.0;101.0;1;14;1;1;1;164.0;1;107.0;106.0;102.0;100.0;100.0;100.0;100.0;100.0;98.0;98.0;98.0;98.0;98.0;97.0;97.0;98.0;98.0;100.0;100.0;100.0;100.0;104.0;106.0;106.0;106.0;102.0;100.0;102.0;;;;1;1;1;1;1;1;1;1;1;1;1;1;1;1;1;1;1;1;1;1;1;1;1;1;1;1;1;1;0;0;0
50660000;2;02/1973;1;1;107.0;97.0;100.75;1;14;1;1;1;0.0;0;107.0;106.0;102.0;100.0;100.0;100.0;100.0;100.0;98.0;98.0;98.0;98.0;98.0;97.0;97.0;98.0;98.0;100.0;100.0;100.0;100.0;104.0;106.0;106.0;106.0;102.0;100.0;102.0;;;;1;1;1;1;1;1;1;1;1;1;1;1;1;1;1;1;1;1;1;1;1;1;1;1;1;1;1;1;;;
50660000;1;03/1973;1;1;118.0;95.0;103.0;21;9;1;1;1;164.0;1;100.0;100.0;100.0;99.0;99.0;99.0;96.0;96.0;95.0;96.0;97.0;98.0;98.0;98.0;100.0;98.0;95.0;100.0;114.0;115.0;117.0;116.0;113.0;105.0;104.0;101.0;100.0;102.0;111.0;110.0;110.0;1;1;1;1;1;1;1;1;1;1;1;1;1;1;1;1;1;1;1;1;1;1;1;1;1;1;1;1;1;1;1
50660000;2;03/1973;1;1;119.0;97.0;104.7742;21;9;2;2;2;0.0;0;102.0;102.0;102.0;101.0;101.0;101.0;98.0;98.0;97.0;98.0;99.0;100.0;101.0;101.0;102.0;103.0;105.0;111.0;116.0;117.0;119.0;118.0;113.0;105.0;104.0;101.0;100.0;102.0;111.0;110.0;110.0;2;2;2;2;2;2;2;2;2;2;2;2;2;2;2;2;2;2;2;2;2;2;1;1;1;1;1;1;1;1;1
50660000;1;04/1973;1;1;181.0;107.0;129.0;7;2;1;1;1;164.0;1;108.0;107.0;107.0;150.0;168.0;160.0;178.0;173.0;153.0;143.0;126.0;122.0;119.0;116.0;118.0;125.0;128.0;149.0;135.0;127.0;121.0;118.0;116.0;115.0;116.0;116.0;114.0;112.0;111.0;110.0;;1;1;1;1;1;1;1;1;1;1;1;1;1;1;1;1;1;1;1;1;1;1;1;1;1;1;1;1;1;1;0
50660000;2;04/1973;1;1;178.0;107.0;128.7;7;2;1;1;1;0.0;0;108.0;107.0;107.0;150.0;168.0;160.0;178.0;173.0;153.0;143.0;126.0;122.0;119.0;116.0;118.0;125.0;128.0;149.0;135.0;127.0;121.0;118.0;116.0;115.0;116.0;116.0;114.0;112.0;111.0;110.0;;1;1;1;1;1;1;1;1;1;1;1;1;1;1;1;1;1;1;1;1;1;1;1;1;1;1;1;1;1;1;
50660000;1;05/1973;1;1;480.0;103.0;202.0;18;13;1;1;1;164.0;1;109.0;107.0;107.0;108.0;108.0;107.0;105.0;104.0;104.0;104.0;104.0;104.0;103.0;107.0;112.0;212.0;434.0;443.0;415.0;409.0;397.0;363.0;309.0;265.0;233.0;203.0;181.0;165.0;173.0;181.0;297.0;1;1;1;1;1;1;1;1;1;1;1;1;1;1;1;1;1;1;1;1;1;1;1;1;1;1;1;1;1;1;1
50660000;2;05/1973;1;1;443.0;103.0;202.3548;18;13;1;1;1;0.0;0;109.0;107.0;107.0;108.0;108.0;107.0;105.0;104.0;104.0;104.0;104.0;104.0;103.0;107.0;112.0;212.0;434.0;443.0;415.0;409.0;397.0;363.0;309.0;265.0;233.0;203.0;181.0;165.0;173.0;181.0;297.0;1;1;1;1;1;1;1;1;1;1;1;1;1;1;1;1;1;1;1;1;1;1;1;1;1;1;1;1;1;1;1
50660000;1;06/1973;1;1;370.0;167.0;263.0;8;22;1;1;1;164.0;1;282.0;259.0;251.0;264.0;359.0;322.0;323.0;368.0;359.0;339.0;338.0;232.0;225.0;233.0;210.0;208.0;209.0;197.0;182.0;170.0;170.0;167.0;179.0;247.0;322.0;323.0;312.0;275.0;276.0;282.0;;1;1;1;1;1;1;1;1;1;1;1;1;1;1;1;1;1;1;1;1;1;1;1;1;1;1;1;1;1;1;0
50660000;2;06/1973;1;1;368.0;167.0;262.76669;8;22;1;1;1;0.0;0;282.0;259.0;251.0;264.0;359.0;322.0;323.0;368.0;359.0;339.0;338.0;232.0;225.0;233.0;210.0;208.0;209.0;197.0;182.0;170.0;170.0;167.0;179.0;247.0;322.0;323.0;312.0;275.0;276.0;282.0;;1;1;1;1;1;1;1;1;1;1;1;1;1;1;1;1;1;1;1;1;1;1;1;1;1;1;1;1;1;1;
50660000;1;07/1973;1;1;348.0;144.0;211.0;17;31;1;1;1;164.0;1;252.0;238.0;220.0;218.0;224.0;215.0;194.0;196.0;199.0;193.0;187.0;185.0;192.0;209.0;236.0;265.0;348.0;336.0;289.0;246.0;230.0;222.0;190.0;175.0;169.0;163.0;157.0;151.0;149.0;147.0;144.0;1;1;1;1;1;1;1;1;1;1;1;1;1;1;1;1;1;1;1;1;1;1;1;1;1;1;1;1;1;1;1
50660000;2;07/1973;1;1;348.0;144.0;210.9355;17;31;1;1;1;0.0;0;252.0;238.0;220.0;218.0;224.0;215.0;194.0;196.0;199.0;193.0;187.0;185.0;192.0;209.0;236.0;265.0;348.0;336.0;289.0;246.0;230.0;222.0;190.0;175.0;169.0;163.0;157.0;151.0;149.0;147.0;144.0;1;1;1;1;1;1;1;1;1;1;1;1;1;1;1;1;1;1;1;1;1;1;1;1;1;1;1;1;1;1;1
50660000;2;08/1973;1;1;236.0;138.0;166.4839;21;18;1;1;1;0.0;0;142.0;140.0;142.0;146.0;170.0;233.0;211.0;184.0;162.0;153.0;150.0;150.0;151.0;163.0;150.0;147.0;145.0;138.0;140.0;167.0;236.0;223.0;204.0;190.0;172.0;157.0;165.0;170.0;161.0;153.0;146.0;1;1;1;1;1;1;1;1;1;1;1;1;1;1;1;1;1;1;1;1;1;1;1;1;1;1;1;1;1;1;1
50660000;1;08/1973;1;1;239.0;138.0;166.0;21;18;1;1;1;164.0;1;142.0;140.0;142.0;146.0;170.0;233.0;211.0;184.0;162.0;153.0;150.0;150.0;151.0;163.0;150.0;147.0;145.0;138.0;140.0;167.0;236.0;223.0;204.0;190.0;172.0;157.0;165.0;170.0;161.0;153.0;146.0;1;1;1;1;1;1;1;1;1;1;1;1;1;1;1;1;1;1;1;1;1;1;1;1;1;1;1;1;1;1;1
50660000;2;09/1973;1;1;322.0;136.0;191.73331;11;30;1;1;1;0.0;0;145.0;150.0;223.0;206.0;187.0;176.0;175.0;166.0;176.0;278.0;322.0;275.0;268.0;253.0;253.0;226.0;201.0;189.0;177.0;175.0;176.0;173.0;163.0;157.0;153.0;151.0;143.0;142.0;137.0;136.0;;1;1;1;1;1;1;1;1;1;1;1;1;1;1;1;1;1;1;1;1;1;1;1;1;1;1;1;1;1;1;
50660000;1;09/1973;1;1;325.0;136.0;192.0;11;30;1;1;1;164.0;1;145.0;150.0;223.0;206.0;187.0;176.0;175.0;166.0;176.0;278.0;322.0;275.0;268.0;253.0;253.0;226.0;201.0;189.0;177.0;175.0;176.0;173.0;163.0;157.0;153.0;151.0;143.0;142.0;137.0;136.0;;1;1;1;1;1;1;1;1;1;1;1;1;1;1;1;1;1;1;1;1;1;1;1;1;1;1;1;1;1;1;0
50660000;2;10/1973;1;1;327.0;132.0;189.0968;18;14;1;1;1;0.0;0;141.0;184.0;198.0;198.0;191.0;173.0;154.0;149.0;144.0;138.0;136.0;134.0;133.0;132.0;132.0;199.0;254.0;327.0;316.0;307.0;304.0;242.0;207.0;194.0;238.0;207.0;161.0;151.0;144.0;138.0;136.0;1;1;1;1;1;1;1;1;1;1;1;1;1;1;1;1;1;1;1;1;1;1;1;1;1;1;1;1;1;1;1
50660000;1;10/1973;1;1;331.0;132.0;189.0;18;14;1;1;1;164.0;1;141.0;184.0;198.0;198.0;191.0;173.0;154.0;149.0;144.0;138.0;136.0;134.0;133.0;132.0;132.0;199.0;254.0;327.0;316.0;307.0;304.0;242.0;207.0;194.0;238.0;207.0;161.0;151.0;144.0;138.0;136.0;1;1;1;1;1;1;1;1;1;1;1;1;1;1;1;1;1;1;1;1;1;1;1;1;1;1;1;1;1;1;1
50660000;2;11/1973;1;1;154.0;122.0;133.2;9;19;1;1;1;0.0;0;134.0;132.0;130.0;128.0;127.0;126.0;125.0;129.0;154.0;153.0;148.0;144.0;138.0;134.0;130.0;129.0;125.0;124.0;122.0;122.0;122.0;123.0;149.0;146.0;148.0;135.0;130.0;128.0;127.0;134.0;;1;1;1;1;1;1;1;1;1;1;1;1;1;1;1;1;1;1;1;1;1;1;1;1;1;1;1;1;1;1;
50660000;1;11/1973;1;1;164.0;122.0;133.0;9;19;1;1;1;164.0;1;134.0;132.0;130.0;128.0;127.0;126.0;125.0;129.0;154.0;153.0;148.0;144.0;138.0;134.0;130.0;129.0;125.0;124.0;122.0;122.0;122.0;123.0;149.0;146.0;148.0;135.0;130.0;128.0;127.0;134.0;;1;1;1;1;1;1;1;1;1;1;1;1;1;1;1;1;1;1;1;1;1;1;1;1;1;1;1;1;1;1;0
50660000;1;12/1973;1;1;188.0;116.0;128.0;1;20;1;1;1;164.0;1;186.0;162.0;155.0;146.0;135.0;131.0;126.0;124.0;124.0;122.0;120.0;123.0;126.0;128.0;125.0;122.0;121.0;118.0;118.0;116.0;116.0;120.0;120.0;123.0;127.0;126.0;125.0;123.0;122.0;122.0;122.0;1;1;1;1;1;1;1;1;1;1;1;1;1;1;1;1;1;1;1;1;1;1;1;1;1;1;1;1;1;1;1
50660000;2;12/1973;1;1;186.0;116.0;128.1935;1;20;1;1;1;0.0;0;186.0;162.0;155.0;146.0;135.0;131.0;126.0;124.0;124.0;122.0;120.0;123.0;126.0;128.0;125.0;122.0;121.0;118.0;118.0;116.0;116.0;120.0;120.0;123.0;127.0;126.0;125.0;123.0;122.0;122.0;122.0;1;1;1;1;1;1;1;1;1;1;1;1;1;1;1;1;1;1;1;1;1;1;1;1;1;1;1;1;1;1;1
50660000;1;01/1974;1;1;158.0;110.0;125.0;24;3;1;1;1;202.0;1;121.0;120.0;110.0;110.0;110.0;112.0;112.0;110.0;110.0;116.0;116.0;116.0;116.0;117.0;118.0;118.0;119.0;121.0;124.0;128.0;135.0;140.0;150.0;158.0;143.0;142.0;137.0;134.0;129.0;145.0;140.0;1;1;1;1;1;1;1;1;1;1;1;1;1;1;1;1;1;1;1;1;1;1;1;1;1;1;1;1;1;1;1
50660000;2;01/1974;1;1;158.0;110.0;125.0645;24;3;1;1;1;0.0;0;121.0;120.0;110.0;110.0;110.0;112.0;112.0;110.0;110.0;116.0;116.0;116.0;116.0;117.0;118.0;118.0;119.0;121.0;124.0;128.0;135.0;140.0;150.0;158.0;143.0;142.0;137.0;134.0;129.0;145.0;140.0;1;1;1;1;1;1;1;1;1;1;1;1;1;1;1;1;1;1;1;1;1;1;1;1;1;1;1;1;1;1;1
50660000;1;02/1974;1;1;238.0;130.0;159.0;25;22;1;1;1;202.0;1;134.0;131.0;133.0;132.0;136.0;134.0;137.0;160.0;163.0;164.0;164.0;173.0;172.0;156.0;146.0;146.0;144.0;140.0;138.0;136.0;132.0;130.0;191.0;228.0;238.0;223.0;192.0;180.0;;;;1;1;1;1;1;1;1;1;1;1;1;1;1;1;1;1;1;1;1;1;1;1;1;1;1;1;1;1;0;0;0
50660000;2;02/1974;1;1;238.0;130.0;159.03571;25;22;1;1;1;0.0;0;134.0;131.0;133.0;132.0;136.0;134.0;137.0;160.0;163.0;164.0;164.0;173.0;172.0;156.0;146.0;146.0;144.0;140.0;138.0;136.0;132.0;130.0;191.0;228.0;238.0;223.0;192.0;180.0;;;;1;1;1;1;1;1;1;1;1;1;1;1;1;1;1;1;1;1;1;1;1;1;1;1;1;1;1;1;;;
50660000;1;03/1974;1;1;301.0;135.0;176.0;19;11;1;1;1;202.0;1;170.0;164.0;152.0;150.0;149.0;151.0;144.0;143.0;140.0;143.0;135.0;137.0;152.0;172.0;211.0;221.0;206.0;234.0;292.0;243.0;213.0;195.0;197.0;172.0;165.0;160.0;161.0;161.0;167.0;170.0;173.0;1;1;1;1;1;1;1;1;1;1;1;1;1;1;1;1;1;1;1;1;1;1;1;1;1;1;1;1;1;1;1
50660000;2;03/1974;1;1;292.0;135.0;175.5806;19;11;1;1;1;0.0;0;170.0;164.0;152.0;150.0;149.0;151.0;144.0;143.0;140.0;143.0;135.0;137.0;152.0;172.0;211.0;221.0;206.0;234.0;292.0;243.0;213.0;195.0;197.0;172.0;165.0;160.0;161.0;161.0;167.0;170.0;173.0;1;1;1;1;1;1;1;1;1;1;1;1;1;1;1;1;1;1;1;1;1;1;1;1;1;1;1;1;1;1;1
50660000;1;04/1974;1;1;414.0;150.0;222.0;30;3;1;1;1;202.0;1;167.0;154.0;150.0;200.0;248.0;249.0;187.0;168.0;155.0;191.0;230.0;239.0;244.0;211.0;188.0;178.0;179.0;203.0;334.0;315.0;291.0;277.0;236.0;221.0;206.0;205.0;205.0;203.0;235.0;397.0;;1;1;1;1;1;1;1;1;1;1;1;1;1;1;1;1;1;1;1;1;1;1;1;1;1;1;1;1;1;1;0
50660000;2;04/1974;1;1;397.0;150.0;222.2;30;3;1;1;1;0.0;0;167.0;154.0;150.0;200.0;248.0;249.0;187.0;168.0;155.0;191.0;230.0;239.0;244.0;211.0;188.0;178.0;179.0;203.0;334.0;315.0;291.0;277.0;236.0;221.0;206.0;205.0;205.0;203.0;235.0;397.0;;1;1;1;1;1;1;1;1;1;1;1;1;1;1;1;1;1;1;1;1;1;1;1;1;1;1;1;1;1;1;
50660000;1;05/1974;1;1;578.0;299.0;402.0;10;30;1;1;1;202.0;1;452.0;401.0;387.0;371.0;363.0;348.0;332.0;451.0;542.0;563.0;485.0;418.0;389.0;371.0;380.0;426.0;451.0;475.0;468.0;459.0;442.0;415.0;380.0;357.0;352.0;371.0;359.0;342.0;327.0;299.0;299.0;1;1;1;1;1;1;1;1;1;1;1;1;1;1;1;1;1;1;1;1;1;1;1;1;1;1;1;1;1;1;1
50660000;2;05/1974;1;1;563.0;299.0;402.4194;10;30;1;1;1;0.0;0;452.0;401.0;387.0;371.0;363.0;348.0;332.0;451.0;542.0;563.0;485.0;418.0;389.0;371.0;380.0;426.0;451.0;475.0;468.0;459.0;442.0;415.0;380.0;357.0;352.0;371.0;359.0;342.0;327.0;299.0;299.0;1;1;1;1;1;1;1;1;1;1;1;1;1;1;1;1;1;1;1;1;1;1;1;1;1;1;1;1;1;1;1
50660000;2;06/1974;1;1;424.0;194.0;249.8;16;29;1;1;1;0.0;0;296.0;271.0;263.0;258.0;256.0;246.0;242.0;231.0;222.0;214.0;210.0;211.0;216.0;207.0;231.0;424.0;403.0;361.0;315.0;278.0;257.0;248.0;229.0;218.0;204.0;200.0;198.0;196.0;194.0;195.0;;1;1;1;1;1;1;1;1;1;1;1;1;1;1;1;1;1;1;1;1;1;1;1;1;1;1;1;1;1;1;
50660000;1;06/1974;1;1;430.0;194.0;250.0;16;29;1;1;1;202.0;1;296.0;271.0;263.0;258.0;256.0;246.0;242.0;231.0;222.0;214.0;210.0;211.0;216.0;207.0;231.0;424.0;403.0;361.0;315.0;278.0;257.0;248.0;229.0;218.0;204.0;200.0;198.0;196.0;194.0;195.0;;1;1;1;1;1;1;1;1;1;1;1;1;1;1;1;1;1;1;1;1;1;1;1;1;1;1;1;1;1;1;0
50660000;2;07/1974;1;1;247.0;178.0;199.5161;10;28;1;1;1;0.0;0;196.0;197.0;197.0;195.0;190.0;187.0;206.0;222.0;242.0;247.0;239.0;230.0;223.0;215.0;208.0;201.0;197.0;191.0;187.0;182.0;182.0;181.0;184.0;187.0;189.0;186.0;182.0;178.0;189.0;187.0;188.0;1;1;1;1;1;1;1;1;1;1;1;1;1;1;1;1;1;1;1;1;1;1;1;1;1;1;1;1;1;1;1
50660000;1;07/1974;1;1;248.0;178.0;200.0;10;28;1;1;1;202.0;1;196.0;197.0;197.0;195.0;190.0;187.0;206.0;222.0;242.0;247.0;239.0;230.0;223.0;215.0;208.0;201.0;197.0;191.0;187.0;182.0;182.0;181.0;184.0;187.0;189.0;186.0;182.0;178.0;189.0;187.0;188.0;1;1;1;1;1;1;1;1;1;1;1;1;1;1;1;1;1;1;1;1;1;1;1;1;1;1;1;1;1;1;1
50660000;1;08/1974;1;1;482.0;160.0;242.0;23;19;1;1;1;202.0;1;214.0;223.0;206.0;191.0;185.0;181.0;176.0;175.0;175.0;176.0;176.0;174.0;171.0;168.0;165.0;164.0;163.0;162.0;160.0;256.0;386.0;449.0;470.0;445.0;415.0;356.0;303.0;284.0;272.0;246.0;219.0;1;1;1;1;1;1;1;1;1;1;1;1;1;1;1;1;1;1;1;1;1;1;1;1;1;1;1;1;1;1;1
50660000;2;08/1974;1;1;470.0;160.0;242.129;23;19;1;1;1;0.0;0;214.0;223.0;206.0;191.0;185.0;181.0;176.0;175.0;175.0;176.0;176.0;174.0;171.0;168.0;165.0;164.0;163.0;162.0;160.0;256.0;386.0;449.0;470.0;445.0;415.0;356.0;303.0;284.0;272.0;246.0;219.0;1;1;1;1;1;1;1;1;1;1;1;1;1;1;1;1;1;1;1;1;1;1;1;1;1;1;1;1;1;1;1
50660000;1;09/1974;1;1;208.0;171.0;184.0;1;15;1;1;1;202.0;1;206.0;197.0;191.0;186.0;186.0;184.0;185.0;186.0;194.0;191.0;185.0;180.0;175.0;173.0;171.0;172.0;193.0;183.0;184.0;181.0;179.0;174.0;175.0;193.0;194.0;188.0;181.0;178.0;176.0;171.0;;1;1;1;1;1;1;1;1;1;1;1;1;1;1;1;1;1;1;1;1;1;1;1;1;1;1;1;1;1;1;0
50660000;2;09/1974;1;1;206.0;171.0;183.73331;1;15;1;1;1;0.0;0;206.0;197.0;191.0;186.0;186.0;184.0;185.0;186.0;194.0;191.0;185.0;180.0;175.0;173.0;171.0;172.0;193.0;183.0;184.0;181.0;179.0;174.0;175.0;193.0;194.0;188.0;181.0;178.0;176.0;171.0;;1;1;1;1;1;1;1;1;1;1;1;1;1;1;1;1;1;1;1;1;1;1;1;1;1;1;1;1;1;1;
50660000;1;10/1974;1;1;212.0;151.0;164.0;15;31;1;1;1;202.0;1;168.0;167.0;165.0;162.0;167.0;165.0;165.0;160.0;158.0;156.0;155.0;184.0;175.0;169.0;190.0;189.0;182.0;165.0;160.0;156.0;155.0;154.0;154.0;155.0;162.0;176.0;163.0;154.0;152.0;152.0;151.0;1;1;1;1;1;1;1;1;1;1;1;1;1;1;1;1;1;1;1;1;1;1;1;1;1;1;1;1;1;1;1
50660000;2;10/1974;1;1;190.0;151.0;164.0645;15;31;1;1;1;0.0;0;168.0;167.0;165.0;162.0;167.0;165.0;165.0;160.0;158.0;156.0;155.0;184.0;175.0;169.0;190.0;189.0;182.0;165.0;160.0;156.0;155.0;154.0;154.0;155.0;162.0;176.0;163.0;154.0;152.0;152.0;151.0;1;1;1;1;1;1;1;1;1;1;1;1;1;1;1;1;1;1;1;1;1;1;1;1;1;1;1;1;1;1;1
50660000;1;11/1974;1;1;252.0;142.0;163.0;11;25;1;1;1;202.0;1;152.0;152.0;149.0;150.0;149.0;152.0;150.0;195.0;208.0;194.0;235.0;214.0;188.0;173.0;170.0;167.0;159.0;155.0;159.0;149.0;146.0;145.0;145.0;144.0;142.0;149.0;152.0;150.0;146.0;146.0;;1;1;1;1;1;1;1;1;1;1;1;1;1;1;1;1;1;1;1;1;1;1;1;1;1;1;1;1;1;1;0
50660000;2;11/1974;1;1;235.0;142.0;162.8333;11;25;1;1;1;0.0;0;152.0;152.0;149.0;150.0;149.0;152.0;150.0;195.0;208.0;194.0;235.0;214.0;188.0;173.0;170.0;167.0;159.0;155.0;159.0;149.0;146.0;145.0;145.0;144.0;142.0;149.0;152.0;150.0;146.0;146.0;;1;1;1;1;1;1;1;1;1;1;1;1;1;1;1;1;1;1;1;1;1;1;1;1;1;1;1;1;1;1;
50660000;1;12/1974;1;1;148.0;132.0;139.0;6;25;1;1;1;202.0;1;146.0;145.0;144.0;143.0;144.0;147.0;147.0;145.0;144.0;142.0;143.0;142.0;140.0;140.0;140.0;140.0;140.0;138.0;138.0;137.0;134.0;135.0;135.0;134.0;132.0;132.0;133.0;132.0;132.0;133.0;134.0;1;1;1;1;1;1;1;1;1;1;1;1;1;1;1;1;1;1;1;1;1;1;1;1;1;1;1;1;1;1;1
50660000;2;12/1974;1;1;147.0;132.0;139.0645;6;25;1;1;1;0.0;0;146.0;145.0;144.0;143.0;144.0;147.0;147.0;145.0;144.0;142.0;143.0;142.0;140.0;140.0;140.0;140.0;140.0;138.0;138.0;137.0;134.0;135.0;135.0;134.0;132.0;132.0;133.0;132.0;132.0;133.0;134.0;1;1;1;1;1;1;1;1;1;1;1;1;1;1;1;1;1;1;1;1;1;1;1;1;1;1;1;1;1;1;1
50660000;1;01/1975;1;1;151.0;126.0;133.0;23;14;1;1;1;196.0;1;134.0;134.0;134.0;134.0;133.0;130.0;128.0;130.0;130.0;130.0;130.0;130.0;127.0;126.0;129.0;128.0;128.0;128.0;128.0;128.0;142.0;135.0;150.0;143.0;145.0;138.0;137.0;136.0;135.0;135.0;134.0;1;1;1;1;1;1;1;1;1;1;1;1;1;1;1;1;1;1;1;1;1;1;1;1;1;1;1;1;1;1;1
50660000;2;01/1975;1;1;150.0;126.0;133.1935;23;14;1;1;1;0.0;0;134.0;134.0;134.0;134.0;133.0;130.0;128.0;130.0;130.0;130.0;130.0;130.0;127.0;126.0;129.0;128.0;128.0;128.0;128.0;128.0;142.0;135.0;150.0;143.0;145.0;138.0;137.0;136.0;135.0;135.0;134.0;1;1;1;1;1;1;1;1;1;1;1;1;1;1;1;1;1;1;1;1;1;1;1;1;1;1;1;1;1;1;1
50660000;1;02/1975;1;1;135.0;122.0;128.0;10;19;1;1;1;196.0;1;134.0;133.0;132.0;131.0;130.0;130.0;129.0;128.0;131.0;135.0;130.0;129.0;132.0;129.0;127.0;126.0;125.0;124.0;122.0;125.0;127.0;127.0;125.0;125.0;126.0;126.0;126.0;124.0;;;;1;1;1;1;1;1;1;1;1;1;1;1;1;1;1;1;1;1;1;1;1;1;1;1;1;1;1;1;0;0;0
50660000;2;02/1975;1;1;135.0;122.0;128.1429;10;19;1;1;1;0.0;0;134.0;133.0;132.0;131.0;130.0;130.0;129.0;128.0;131.0;135.0;130.0;129.0;132.0;129.0;127.0;126.0;125.0;124.0;122.0;125.0;127.0;127.0;125.0;125.0;126.0;126.0;126.0;124.0;;;;1;1;1;1;1;1;1;1;1;1;1;1;1;1;1;1;1;1;1;1;1;1;1;1;1;1;1;1;;;
50660000;1;03/1975;1;1;164.0;123.0;139.0;12;2;1;1;1;196.0;1;124.0;123.0;128.0;138.0;137.0;141.0;139.0;136.0;139.0;152.0;159.0;164.0;159.0;152.0;150.0;151.0;153.0;148.0;141.0;140.0;135.0;132.0;130.0;128.0;128.0;126.0;134.0;132.0;128.0;127.0;139.0;1;1;1;1;1;1;1;1;1;1;1;1;1;1;1;1;1;1;1;1;1;1;1;1;1;1;1;1;1;1;1
50660000;2;03/1975;1;1;164.0;123.0;139.129;12;2;1;1;1;0.0;0;124.0;123.0;128.0;138.0;137.0;141.0;139.0;136.0;139.0;152.0;159.0;164.0;159.0;152.0;150.0;151.0;153.0;148.0;141.0;140.0;135.0;132.0;130.0;128.0;128.0;126.0;134.0;132.0;128.0;127.0;139.0;1;1;1;1;1;1;1;1;1;1;1;1;1;1;1;1;1;1;1;1;1;1;1;1;1;1;1;1;1;1;1
50660000;2;04/1975;1;1;328.0;128.0;182.7;28;13;1;1;1;0.0;0;146.0;149.0;154.0;158.0;164.0;174.0;159.0;156.0;149.0;140.0;145.0;132.0;128.0;128.0;128.0;128.0;131.0;155.0;173.0;166.0;171.0;231.0;218.0;208.0;240.0;269.0;283.0;328.0;306.0;264.0;;1;1;1;1;1;1;1;1;1;1;1;1;1;1;1;1;1;1;1;1;1;1;1;1;1;1;1;1;1;1;
50660000;1;04/1975;1;1;334.0;128.0;183.0;28;13;1;1;1;196.0;1;146.0;149.0;154.0;158.0;164.0;174.0;159.0;156.0;149.0;140.0;145.0;132.0;128.0;128.0;128.0;128.0;131.0;155.0;173.0;166.0;171.0;231.0;218.0;208.0;240.0;269.0;283.0;328.0;306.0;264.0;;1;1;1;1;1;1;1;1;1;1;1;1;1;1;1;1;1;1;1;1;1;1;1;1;1;1;1;1;1;1;0
50660000;2;05/1975;1;1;454.0;178.0;232.0968;20;6;1;1;1;0.0;0;247.0;226.0;203.0;194.0;181.0;178.0;178.0;186.0;188.0;188.0;195.0;198.0;198.0;205.0;221.0;221.0;218.0;210.0;212.0;454.0;403.0;330.0;287.0;272.0;261.0;244.0;220.0;213.0;222.0;223.0;219.0;1;1;1;1;1;1;1;1;1;1;1;1;1;1;1;1;1;1;1;1;1;1;1;1;1;1;1;1;1;1;1
50660000;1;05/1975;1;1;480.0;178.0;232.0;20;6;1;1;1;196.0;1;247.0;226.0;203.0;194.0;181.0;178.0;178.0;186.0;188.0;188.0;195.0;198.0;198.0;205.0;221.0;221.0;218.0;210.0;212.0;454.0;403.0;330.0;287.0;272.0;261.0;244.0;220.0;213.0;222.0;223.0;219.0;1;1;1;1;1;1;1;1;1;1;1;1;1;1;1;1;1;1;1;1;1;1;1;1;1;1;1;1;1;1;1
50660000;2;06/1975;1;1;390.0;166.0;248.76669;22;10;1;1;1;0.0;0;272.0;289.0;258.0;235.0;218.0;205.0;193.0;181.0;173.0;166.0;171.0;182.0;179.0;177.0;175.0;183.0;197.0;214.0;219.0;250.0;293.0;390.0;380.0;372.0;366.0;316.0;314.0;307.0;302.0;286.0;;1;1;1;1;1;1;1;1;1;1;1;1;1;1;1;1;1;1;1;1;1;1;1;1;1;1;1;1;1;1;
50660000;1;06/1975;1;1;396.0;166.0;249.0;22;10;1;1;1;196.0;1;272.0;289.0;258.0;235.0;218.0;205.0;193.0;181.0;173.0;166.0;171.0;182.0;179.0;177.0;175.0;183.0;197.0;214.0;219.0;250.0;293.0;390.0;380.0;372.0;366.0;316.0;314.0;307.0;302.0;286.0;;1;1;1;1;1;1;1;1;1;1;1;1;1;1;1;1;1;1;1;1;1;1;1;1;1;1;1;1;1;1;0
50660000;2;07/1975;1;1;408.0;191.0;298.6452;19;7;2;2;2;0.0;0;268.0;247.0;242.0;221.0;212.0;204.0;191.0;351.0;347.0;335.0;358.0;385.0;346.0;319.0;290.0;302.0;354.0;396.0;408.0;370.0;324.0;354.0;343.0;320.0;307.0;284.0;247.0;241.0;234.0;227.0;231.0;1;1;1;1;1;1;1;1;1;1;1;1;1;1;1;2;1;1;1;1;1;1;1;1;1;1;1;1;1;1;1
50660000;1;07/1975;1;1;422.0;191.0;297.0;19;7;1;1;1;196.0;1;268.0;247.0;242.0;221.0;212.0;204.0;191.0;351.0;347.0;335.0;358.0;385.0;346.0;319.0;290.0;252.0;354.0;396.0;408.0;370.0;324.0;354.0;343.0;320.0;307.0;284.0;247.0;241.0;234.0;227.0;231.0;1;1;1;1;1;1;1;1;1;1;1;1;1;1;1;1;1;1;1;1;1;1;1;1;1;1;1;1;1;1;1
50660000;2;08/1975;1;1;346.0;200.0;246.8065;4;29;1;1;1;0.0;0;254.0;256.0;291.0;346.0;302.0;276.0;261.0;237.0;225.0;222.0;231.0;232.0;232.0;231.0;235.0;249.0;281.0;294.0;286.0;261.0;255.0;255.0;246.0;228.0;225.0;218.0;215.0;202.0;200.0;203.0;202.0;1;1;1;1;1;1;1;1;1;1;1;1;1;1;1;1;1;1;1;1;1;1;1;1;1;1;1;1;1;1;1
50660000;1;08/1975;1;1;348.0;200.0;247.0;4;29;1;1;1;196.0;1;254.0;256.0;291.0;346.0;302.0;276.0;261.0;237.0;225.0;222.0;231.0;232.0;232.0;231.0;235.0;249.0;281.0;294.0;286.0;261.0;255.0;255.0;246.0;228.0;225.0;218.0;215.0;202.0;200.0;203.0;202.0;1;1;1;1;1;1;1;1;1;1;1;1;1;1;1;1;1;1;1;1;1;1;1;1;1;1;1;1;1;1;1
50660000;2;09/1975;1;1;325.0;191.0;254.5;13;5;1;1;1;0.0;0;202.0;203.0;199.0;195.0;191.0;193.0;206.0;219.0;229.0;257.0;280.0;298.0;325.0;320.0;280.0;277.0;306.0;319.0;312.0;302.0;273.0;280.0;304.0;287.0;270.0;247.0;240.0;218.0;207.0;196.0;;1;1;1;1;1;1;1;1;1;1;1;1;1;1;1;1;1;1;1;1;1;1;1;1;1;1;1;1;1;1;
50660000;1;09/1975;1;1;332.0;191.0;254.0;13;5;1;1;1;196.0;1;202.0;203.0;199.0;195.0;191.0;193.0;206.0;219.0;229.0;257.0;280.0;298.0;325.0;320.0;280.0;277.0;306.0;319.0;312.0;302.0;273.0;280.0;304.0;287.0;270.0;247.0;240.0;218.0;207.0;196.0;;1;1;1;1;1;1;1;1;1;1;1;1;1;1;1;1;1;1;1;1;1;1;1;1;1;1;1;1;1;1;0
50660000;2;10/1975;1;1;193.0;152.0;163.4516;1;24;1;1;1;0.0;0;193.0;183.0;184.0;183.0;177.0;174.0;173.0;170.0;168.0;167.0;166.0;165.0;164.0;164.0;163.0;161.0;158.0;158.0;156.0;156.0;156.0;154.0;153.0;152.0;152.0;152.0;152.0;152.0;152.0;154.0;155.0;1;1;1;1;1;1;1;1;1;1;1;1;1;1;1;1;1;1;1;1;1;1;1;1;1;1;1;1;1;1;1
50660000;1;10/1975;1;1;194.0;152.0;163.0;1;24;1;1;1;196.0;1;193.0;183.0;184.0;183.0;177.0;174.0;173.0;170.0;168.0;167.0;166.0;165.0;164.0;164.0;163.0;161.0;158.0;158.0;156.0;156.0;156.0;154.0;153.0;152.0;152.0;152.0;152.0;152.0;152.0;154.0;155.0;1;1;1;1;1;1;1;1;1;1;1;1;1;1;1;1;1;1;1;1;1;1;1;1;1;1;1;1;1;1;1
50660000;2;11/1975;1;1;161.0;142.0;147.8667;3;27;1;1;1;0.0;0;159.0;160.0;161.0;153.0;152.0;150.0;150.0;149.0;148.0;147.0;146.0;146.0;145.0;144.0;143.0;148.0;148.0;147.0;147.0;148.0;147.0;148.0;148.0;146.0;145.0;143.0;142.0;142.0;142.0;142.0;;1;1;1;1;1;1;1;1;1;1;1;1;1;1;1;1;1;1;1;1;1;1;1;1;1;1;1;1;1;1;
50660000;1;11/1975;1;1;162.0;142.0;148.0;3;27;1;1;1;196.0;1;159.0;160.0;161.0;153.0;152.0;150.0;150.0;149.0;148.0;147.0;146.0;146.0;145.0;144.0;143.0;148.0;148.0;147.0;147.0;148.0;147.0;148.0;148.0;146.0;145.0;143.0;142.0;142.0;142.0;142.0;;1;1;1;1;1;1;1;1;1;1;1;1;1;1;1;1;1;1;1;1;1;1;1;1;1;1;1;1;1;1;0
50660000;1;12/1975;1;1;318.0;142.0;180.0;9;28;1;1;1;196.0;1;144.0;146.0;148.0;146.0;196.0;255.0;247.0;227.0;313.0;269.0;286.0;224.0;215.0;166.0;157.0;153.0;152.0;161.0;163.0;157.0;163.0;159.0;154.0;151.0;147.0;146.0;144.0;142.0;142.0;148.0;161.0;1;1;1;1;1;1;1;1;1;1;1;1;1;1;1;1;1;1;1;1;1;1;1;1;1;1;1;1;1;1;1
50660000;2;12/1975;1;1;313.0;142.0;180.0645;9;28;1;1;1;0.0;0;144.0;146.0;148.0;146.0;196.0;255.0;247.0;227.0;313.0;269.0;286.0;224.0;215.0;166.0;157.0;153.0;152.0;161.0;163.0;157.0;163.0;159.0;154.0;151.0;147.0;146.0;144.0;142.0;142.0;148.0;161.0;1;1;1;1;1;1;1;1;1;1;1;1;1;1;1;1;1;1;1;1;1;1;1;1;1;1;1;1;1;1;1
50660000;1;01/1976;1;1;174.0;131.0;145.0;2;27;1;1;1;147.0;1;166.0;174.0;173.0;166.0;155.0;149.0;149.0;146.0;141.0;141.0;142.0;144.0;145.0;145.0;154.0;157.0;153.0;147.0;143.0;140.0;133.0;133.0;134.0;133.0;132.0;133.0;131.0;134.0;132.0;132.0;132.0;1;1;1;1;1;1;1;1;1;1;1;1;1;1;1;1;1;1;1;1;1;1;1;1;1;1;1;1;1;1;1
50660000;2;01/1976;1;1;174.0;131.0;144.8065;2;27;1;1;1;0.0;0;166.0;174.0;173.0;166.0;155.0;149.0;149.0;146.0;141.0;141.0;142.0;144.0;145.0;145.0;154.0;157.0;153.0;147.0;143.0;140.0;133.0;133.0;134.0;133.0;132.0;133.0;131.0;134.0;132.0;132.0;132.0;1;1;1;1;1;1;1;1;1;1;1;1;1;1;1;1;1;1;1;1;1;1;1;1;1;1;1;1;1;1;1
50660000;1;02/1976;1;1;208.0;132.0;155.0;20;1;1;1;1;147.0;1;132.0;139.0;147.0;145.0;145.0;142.0;140.0;134.0;133.0;132.0;138.0;140.0;148.0;155.0;158.0;181.0;163.0;161.0;170.0;203.0;184.0;181.0;166.0;173.0;166.0;153.0;155.0;157.0;151.0;;;1;1;1;1;1;1;1;1;1;1;1;1;1;1;1;1;1;1;1;1;1;1;1;1;1;1;1;1;1;0;0
50660000;2;02/1976;1;1;203.0;132.0;154.89661;20;1;1;1;1;0.0;0;132.0;139.0;147.0;145.0;145.0;142.0;140.0;134.0;133.0;132.0;138.0;140.0;148.0;155.0;158.0;181.0;163.0;161.0;170.0;203.0;184.0;181.0;166.0;173.0;166.0;153.0;155.0;157.0;151.0;;;1;1;1;1;1;1;1;1;1;1;1;1;1;1;1;1;1;1;1;1;1;1;1;1;1;1;1;1;1;;
50660000;1;03/1976;1;1;166.0;130.0;145.0;9;23;1;1;1;147.0;1;147.0;152.0;152.0;164.0;164.0;165.0;162.0;165.0;166.0;162.0;156.0;155.0;149.0;145.0;142.0;139.0;136.0;136.0;134.0;133.0;132.0;131.0;130.0;130.0;130.0;130.0;130.0;132.0;135.0;139.0;145.0;1;1;1;1;1;1;1;1;1;1;1;1;1;1;1;1;1;1;1;1;1;1;1;1;1;1;1;1;1;1;1
50660000;2;03/1976;1;1;166.0;130.0;144.7742;9;23;1;1;1;0.0;0;147.0;152.0;152.0;164.0;164.0;165.0;162.0;165.0;166.0;162.0;156.0;155.0;149.0;145.0;142.0;139.0;136.0;136.0;134.0;133.0;132.0;131.0;130.0;130.0;130.0;130.0;130.0;132.0;135.0;139.0;145.0;1;1;1;1;1;1;1;1;1;1;1;1;1;1;1;1;1;1;1;1;1;1;1;1;1;1;1;1;1;1;1
50660000;1;04/1976;1;1;172.0;128.0;143.0;2;28;1;1;1;147.0;1;160.0;171.0;167.0;153.0;151.0;153.0;155.0;151.0;149.0;148.0;148.0;143.0;138.0;137.0;136.0;143.0;144.0;142.0;140.0;140.0;139.0;137.0;135.0;134.0;132.0;130.0;130.0;128.0;128.0;128.0;;1;1;1;1;1;1;1;1;1;1;1;1;1;1;1;1;1;1;1;1;1;1;1;1;1;1;1;1;1;1;0
50660000;2;04/1976;1;1;171.0;128.0;143.0;2;28;1;1;1;0.0;0;160.0;171.0;167.0;153.0;151.0;153.0;155.0;151.0;149.0;148.0;148.0;143.0;138.0;137.0;136.0;143.0;144.0;142.0;140.0;140.0;139.0;137.0;135.0;134.0;132.0;130.0;130.0;128.0;128.0;128.0;;1;1;1;1;1;1;1;1;1;1;1;1;1;1;1;1;1;1;1;1;1;1;1;1;1;1;1;1;1;1;
50660000;1;05/1976;1;1;168.0;127.0;138.0;5;31;1;1;1;147.0;1;128.0;131.0;139.0;145.0;166.0;163.0;154.0;150.0;143.0;136.0;134.0;132.0;131.0;131.0;130.0;151.0;143.0;139.0;137.0;137.0;136.0;134.0;134.0;134.0;135.0;134.0;134.0;134.0;129.0;128.0;127.0;1;1;1;1;1;1;1;1;1;1;1;1;1;1;1;1;1;1;1;1;1;1;1;1;1;1;1;1;1;1;1
50660000;2;05/1976;1;1;166.0;127.0;138.0323;5;31;1;1;1;0.0;0;128.0;131.0;139.0;145.0;166.0;163.0;154.0;150.0;143.0;136.0;134.0;132.0;131.0;131.0;130.0;151.0;143.0;139.0;137.0;137.0;136.0;134.0;134.0;134.0;135.0;134.0;134.0;134.0;129.0;128.0;127.0;1;1;1;1;1;1;1;1;1;1;1;1;1;1;1;1;1;1;1;1;1;1;1;1;1;1;1;1;1;1;1
50660000;1;06/1976;1;1;178.0;124.0;139.0;29;16;1;1;1;147.0;1;128.0;127.0;128.0;128.0;128.0;128.0;131.0;132.0;130.0;128.0;128.0;127.0;126.0;126.0;125.0;124.0;124.0;124.0;131.0;145.0;155.0;158.0;156.0;152.0;154.0;156.0;155.0;169.0;175.0;168.0;;1;1;1;1;1;1;1;1;1;1;1;1;1;1;1;1;1;1;1;1;1;1;1;1;1;1;1;1;1;1;0
50660000;2;06/1976;1;1;175.0;124.0;138.8667;29;16;1;1;1;0.0;0;128.0;127.0;128.0;128.0;128.0;128.0;131.0;132.0;130.0;128.0;128.0;127.0;126.0;126.0;125.0;124.0;124.0;124.0;131.0;145.0;155.0;158.0;156.0;152.0;154.0;156.0;155.0;169.0;175.0;168.0;;1;1;1;1;1;1;1;1;1;1;1;1;1;1;1;1;1;1;1;1;1;1;1;1;1;1;1;1;1;1;
50660000;1;07/1976;1;1;168.0;132.0;146.0;3;29;1;1;1;147.0;1;159.0;154.0;164.0;158.0;158.0;154.0;147.0;143.0;141.0;138.0;137.0;136.0;147.0;147.0;145.0;141.0;139.0;138.0;140.0;158.0;154.0;152.0;151.0;149.0;147.0;146.0;137.0;134.0;132.0;132.0;134.0;1;1;1;1;1;1;1;1;1;1;1;1;1;1;1;1;1;1;1;1;1;1;1;1;1;1;1;1;1;1;1
50660000;2;07/1976;1;1;164.0;132.0;145.5484;3;29;1;1;1;0.0;0;159.0;154.0;164.0;158.0;158.0;154.0;147.0;143.0;141.0;138.0;137.0;136.0;147.0;147.0;145.0;141.0;139.0;138.0;140.0;158.0;154.0;152.0;151.0;149.0;147.0;146.0;137.0;134.0;132.0;132.0;134.0;1;1;1;1;1;1;1;1;1;1;1;1;1;1;1;1;1;1;1;1;1;1;1;1;1;1;1;1;1;1;1
50660000;1;08/1976;1;1;142.0;128.0;134.0;5;14;1;1;1;147.0;1;134.0;134.0;139.0;138.0;142.0;142.0;139.0;136.0;134.0;134.0;133.0;132.0;131.0;128.0;128.0;128.0;128.0;130.0;131.0;133.0;133.0;133.0;133.0;134.0;132.0;132.0;134.0;135.0;134.0;135.0;142.0;1;1;1;1;1;1;1;1;1;1;1;1;1;1;1;1;1;1;1;1;1;1;1;1;1;1;1;1;1;1;1
50660000;2;08/1976;1;1;142.0;128.0;133.9032;5;14;1;1;1;0.0;0;134.0;134.0;139.0;138.0;142.0;142.0;139.0;136.0;134.0;134.0;133.0;132.0;131.0;128.0;128.0;128.0;128.0;130.0;131.0;133.0;133.0;133.0;133.0;134.0;132.0;132.0;134.0;135.0;134.0;135.0;142.0;1;1;1;1;1;1;1;1;1;1;1;1;1;1;1;1;1;1;1;1;1;1;1;1;1;1;1;1;1;1;1
50660000;1;09/1976;1;1;142.0;128.0;134.0;5;14;1;1;1;147.0;1;134.0;134.0;139.0;138.0;142.0;142.0;139.0;136.0;134.0;134.0;133.0;132.0;131.0;128.0;128.0;128.0;128.0;130.0;131.0;133.0;133.0;133.0;133.0;134.0;133.0;132.0;134.0;135.0;134.0;135.0;;1;1;1;1;1;1;1;1;1;1;1;1;1;1;1;1;1;1;1;1;1;1;1;1;1;1;1;1;1;1;0
50660000;2;09/1976;1;1;142.0;128.0;133.6667;5;14;1;1;1;0.0;0;134.0;134.0;139.0;138.0;142.0;142.0;139.0;136.0;134.0;134.0;133.0;132.0;131.0;128.0;128.0;128.0;128.0;130.0;131.0;133.0;133.0;133.0;133.0;134.0;133.0;132.0;134.0;135.0;134.0;135.0;;1;1;1;1;1;1;1;1;1;1;1;1;1;1;1;1;1;1;1;1;1;1;1;1;1;1;1;1;1;1;
50660000;1;10/1976;1;1;457.0;139.0;229.0;10;31;1;1;1;147.0;1;148.0;159.0;176.0;198.0;277.0;308.0;277.0;223.0;424.0;425.0;395.0;314.0;271.0;246.0;268.0;297.0;302.0;263.0;231.0;196.0;171.0;165.0;159.0;156.0;152.0;146.0;146.0;159.0;152.0;144.0;139.0;1;1;1;1;1;1;1;1;1;1;1;1;1;1;1;1;1;1;1;1;1;1;1;1;1;1;1;1;1;1;1
50660000;2;10/1976;1;1;425.0;139.0;230.2258;10;31;2;2;2;0.0;0;148.0;159.0;176.0;198.0;277.0;308.0;277.0;273.0;424.0;425.0;395.0;314.0;271.0;246.0;268.0;297.0;302.0;263.0;231.0;196.0;171.0;165.0;159.0;156.0;152.0;146.0;146.0;159.0;152.0;144.0;139.0;1;1;1;1;1;1;1;2;1;1;1;1;1;1;1;1;1;1;1;1;1;1;1;1;1;1;1;1;1;1;1
50660000;1;11/1976;1;1;224.0;112.0;123.0;29;23;1;1;1;147.0;1;135.0;129.0;123.0;122.0;120.0;118.0;117.0;116.0;115.0;115.0;117.0;118.0;118.0;120.0;119.0;118.0;118.0;118.0;117.0;116.0;115.0;114.0;112.0;112.0;112.0;114.0;114.0;144.0;191.0;180.0;;1;1;1;1;1;1;1;1;1;1;1;1;1;1;1;1;1;1;1;1;1;1;1;1;1;1;1;1;1;1;0
50660000;2;11/1976;1;1;191.0;112.0;123.2333;29;23;1;1;1;0.0;0;135.0;129.0;123.0;122.0;120.0;118.0;117.0;116.0;115.0;115.0;117.0;118.0;118.0;120.0;119.0;118.0;118.0;118.0;117.0;116.0;115.0;114.0;112.0;112.0;112.0;114.0;114.0;144.0;191.0;180.0;;1;1;1;1;1;1;1;1;1;1;1;1;1;1;1;1;1;1;1;1;1;1;1;1;1;1;1;1;1;1;
50660000;1;12/1976;1;1;288.0;106.0;139.0;2;30;1;1;1;147.0;1;243.0;285.0;259.0;242.0;209.0;183.0;153.0;130.0;126.0;123.0;120.0;118.0;116.0;115.0;114.0;114.0;114.0;114.0;112.0;112.0;112.0;112.0;112.0;110.0;110.0;110.0;109.0;108.0;108.0;106.0;106.0;1;1;1;1;1;1;1;1;1;1;1;1;1;1;1;1;1;1;1;1;1;1;1;1;1;1;1;1;1;1;1
50660000;2;12/1976;1;1;285.0;106.0;138.871;2;30;1;1;1;0.0;0;243.0;285.0;259.0;242.0;209.0;183.0;153.0;130.0;126.0;123.0;120.0;118.0;116.0;115.0;114.0;114.0;114.0;114.0;112.0;112.0;112.0;112.0;112.0;110.0;110.0;110.0;109.0;108.0;108.0;106.0;106.0;1;1;1;1;1;1;1;1;1;1;1;1;1;1;1;1;1;1;1;1;1;1;1;1;1;1;1;1;1;1;1
50660000;1;01/1977;1;1;248.0;108.0;147.0;23;1;1;1;1;165.0;1;108.0;113.0;112.0;110.0;110.0;112.0;114.0;114.0;136.0;153.0;155.0;152.0;149.0;145.0;139.0;132.0;129.0;126.0;149.0;165.0;177.0;231.0;245.0;209.0;190.0;181.0;151.0;141.0;138.0;136.0;134.0;1;1;1;1;1;1;1;1;1;1;1;1;1;1;1;1;1;1;1;1;1;1;1;1;1;1;1;1;1;1;1
50660000;2;01/1977;1;1;245.0;108.0;146.9677;23;1;1;1;1;0.0;0;108.0;113.0;112.0;110.0;110.0;112.0;114.0;114.0;136.0;153.0;155.0;152.0;149.0;145.0;139.0;132.0;129.0;126.0;149.0;165.0;177.0;231.0;245.0;209.0;190.0;181.0;151.0;141.0;138.0;136.0;134.0;1;1;1;1;1;1;1;1;1;1;1;1;1;1;1;1;1;1;1;1;1;1;1;1;1;1;1;1;1;1;1
50660000;1;02/1977;1;1;186.0;119.0;143.0;23;15;1;1;1;165.0;1;136.0;135.0;132.0;139.0;138.0;144.0;145.0;134.0;130.0;131.0;128.0;126.0;123.0;120.0;119.0;129.0;144.0;136.0;135.0;152.0;172.0;179.0;186.0;164.0;157.0;158.0;160.0;160.0;;;;1;1;1;1;1;1;1;1;1;1;1;1;1;1;1;1;1;1;1;1;1;1;1;1;1;1;1;1;0;0;0
50660000;2;02/1977;1;1;186.0;119.0;143.28571;23;15;1;1;1;0.0;0;136.0;135.0;132.0;139.0;138.0;144.0;145.0;134.0;130.0;131.0;128.0;126.0;123.0;120.0;119.0;129.0;144.0;136.0;135.0;152.0;172.0;179.0;186.0;164.0;157.0;158.0;160.0;160.0;;;;1;1;1;1;1;1;1;1;1;1;1;1;1;1;1;1;1;1;1;1;1;1;1;1;1;1;1;1;;;
50660000;1;03/1977;1;1;154.0;108.0;119.0;1;24;1;1;1;165.0;1;153.0;146.0;135.0;133.0;130.0;122.0;118.0;116.0;115.0;114.0;113.0;113.0;118.0;131.0;129.0;121.0;117.0;115.0;114.0;112.0;112.0;110.0;109.0;108.0;111.0;114.0;116.0;114.0;112.0;112.0;109.0;1;1;1;1;1;1;1;1;1;1;1;1;1;1;1;1;1;1;1;1;1;1;1;1;1;1;1;1;1;1;1
50660000;2;03/1977;1;1;153.0;108.0;119.0968;1;24;1;1;1;0.0;0;153.0;146.0;135.0;133.0;130.0;122.0;118.0;116.0;115.0;114.0;113.0;113.0;118.0;131.0;129.0;121.0;117.0;115.0;114.0;112.0;112.0;110.0;109.0;108.0;111.0;114.0;116.0;114.0;112.0;112.0;109.0;1;1;1;1;1;1;1;1;1;1;1;1;1;1;1;1;1;1;1;1;1;1;1;1;1;1;1;1;1;1;1
50660000;2;04/1977;1;1;274.0;108.0;154.8333;21;1;1;1;1;0.0;0;108.0;108.0;112.0;122.0;116.0;116.0;116.0;114.0;112.0;112.0;112.0;112.0;116.0;131.0;137.0;149.0;197.0;211.0;225.0;235.0;274.0;212.0;181.0;156.0;140.0;155.0;185.0;202.0;201.0;178.0;;1;1;1;1;1;1;1;1;1;1;1;1;1;1;1;1;1;1;1;1;1;1;1;1;1;1;1;1;1;1;
50660000;1;04/1977;1;1;276.0;108.0;155.0;21;1;1;1;1;165.0;1;108.0;108.0;112.0;122.0;116.0;116.0;116.0;114.0;112.0;112.0;112.0;112.0;116.0;131.0;137.0;149.0;197.0;211.0;225.0;235.0;274.0;212.0;181.0;156.0;140.0;155.0;185.0;202.0;201.0;178.0;;1;1;1;1;1;1;1;1;1;1;1;1;1;1;1;1;1;1;1;1;1;1;1;1;1;1;1;1;1;1;0
50660000;2;05/1977;1;1;500.0;129.0;231.2903;9;6;1;1;1;0.0;0;163.0;152.0;143.0;136.0;131.0;129.0;150.0;428.0;500.0;457.0;384.0;373.0;306.0;245.0;240.0;237.0;230.0;245.0;235.0;191.0;171.0;165.0;157.0;155.0;154.0;157.0;191.0;222.0;230.0;244.0;249.0;1;1;1;1;1;1;1;1;1;1;1;1;1;1;1;1;1;1;1;1;1;1;1;1;1;1;1;1;1;1;1
50660000;1;05/1977;1;1;500.0;129.0;231.0;9;6;1;1;1;165.0;1;163.0;152.0;143.0;136.0;131.0;129.0;150.0;428.0;500.0;457.0;384.0;373.0;306.0;245.0;240.0;237.0;230.0;245.0;235.0;191.0;171.0;165.0;157.0;155.0;154.0;157.0;191.0;222.0;230.0;244.0;249.0;1;1;1;1;1;1;1;1;1;1;1;1;1;1;1;1;1;1;1;1;1;1;1;1;1;1;1;1;1;1;1
50660000;2;06/1977;1;1;319.0;142.0;212.9333;19;13;1;1;1;0.0;0;257.0;251.0;211.0;207.0;193.0;182.0;175.0;163.0;153.0;151.0;147.0;144.0;142.0;235.0;250.0;256.0;268.0;311.0;319.0;288.0;243.0;263.0;257.0;242.0;207.0;203.0;190.0;165.0;159.0;156.0;;1;1;1;1;1;1;1;1;1;1;1;1;1;1;1;1;1;1;1;1;1;1;1;1;1;1;1;1;1;1;
50660000;1;06/1977;1;1;324.0;142.0;213.0;19;13;1;1;1;165.0;1;257.0;251.0;211.0;207.0;193.0;182.0;175.0;163.0;153.0;151.0;147.0;144.0;142.0;235.0;250.0;256.0;268.0;311.0;319.0;288.0;243.0;263.0;257.0;242.0;207.0;203.0;190.0;165.0;159.0;156.0;;1;1;1;1;1;1;1;1;1;1;1;1;1;1;1;1;1;1;1;1;1;1;1;1;1;1;1;1;1;1;0
50660000;2;07/1977;1;1;261.0;150.0;193.7742;14;25;1;1;1;0.0;0;156.0;162.0;166.0;168.0;168.0;188.0;222.0;228.0;236.0;245.0;246.0;230.0;242.0;261.0;258.0;260.0;250.0;221.0;210.0;180.0;170.0;166.0;159.0;156.0;150.0;150.0;150.0;154.0;152.0;152.0;151.0;1;1;1;1;1;1;1;1;1;1;1;1;1;1;1;1;1;1;1;1;1;1;1;1;1;1;1;1;1;1;1
50660000;1;07/1977;1;1;262.0;150.0;194.0;14;25;1;1;1;165.0;1;156.0;162.0;166.0;168.0;168.0;188.0;222.0;228.0;236.0;245.0;246.0;230.0;242.0;261.0;258.0;260.0;250.0;221.0;210.0;180.0;170.0;166.0;159.0;156.0;150.0;150.0;150.0;154.0;152.0;152.0;151.0;1;1;1;1;1;1;1;1;1;1;1;1;1;1;1;1;1;1;1;1;1;1;1;1;1;1;1;1;1;1;1
50660000;2;08/1977;1;1;154.0;134.0;142.5484;3;22;1;1;1;0.0;0;150.0;151.0;154.0;150.0;148.0;146.0;146.0;146.0;144.0;140.0;146.0;146.0;144.0;142.0;142.0;142.0;140.0;140.0;140.0;138.0;136.0;134.0;141.0;152.0;145.0;142.0;137.0;135.0;134.0;134.0;134.0;1;1;1;1;1;1;1;1;1;1;1;1;1;1;1;1;1;1;1;1;1;1;1;1;1;1;1;1;1;1;1
50660000;1;08/1977;1;1;154.0;134.0;143.0;3;22;1;1;1;165.0;1;150.0;151.0;154.0;150.0;148.0;146.0;146.0;146.0;144.0;140.0;146.0;146.0;144.0;142.0;142.0;142.0;140.0;140.0;140.0;138.0;136.0;134.0;141.0;152.0;145.0;142.0;137.0;135.0;134.0;134.0;134.0;1;1;1;1;1;1;1;1;1;1;1;1;1;1;1;1;1;1;1;1;1;1;1;1;1;1;1;1;1;1;1
50660000;2;09/1977;1;1;150.0;128.0;130.7;30;5;1;1;1;0.0;0;132.0;130.0;130.0;130.0;128.0;128.0;128.0;128.0;128.0;128.0;128.0;128.0;128.0;130.0;130.0;130.0;130.0;133.0;131.0;129.0;128.0;128.0;130.0;129.0;128.0;128.0;131.0;137.0;145.0;150.0;;1;1;1;1;1;1;1;1;1;1;1;1;1;1;1;1;1;1;1;1;1;1;1;1;1;1;1;1;1;1;
50660000;1;09/1977;1;1;150.0;128.0;131.0;30;5;1;1;1;165.0;1;132.0;130.0;130.0;130.0;128.0;128.0;128.0;128.0;128.0;128.0;128.0;128.0;128.0;130.0;130.0;130.0;130.0;133.0;131.0;129.0;128.0;128.0;130.0;129.0;128.0;128.0;131.0;137.0;145.0;150.0;;1;1;1;1;1;1;1;1;1;1;1;1;1;1;1;1;1;1;1;1;1;1;1;1;1;1;1;1;1;1;0
50660000;2;10/1977;1;1;263.0;131.0;166.6774;11;25;1;1;1;0.0;0;149.0;149.0;143.0;140.0;140.0;143.0;140.0;165.0;214.0;252.0;263.0;257.0;245.0;209.0;200.0;182.0;157.0;146.0;146.0;145.0;143.0;139.0;135.0;132.0;131.0;147.0;157.0;159.0;153.0;145.0;141.0;1;1;1;1;1;1;1;1;1;1;1;1;1;1;1;1;1;1;1;1;1;1;1;1;1;1;1;1;1;1;1
50660000;1;10/1977;1;1;270.0;131.0;167.0;11;25;1;1;1;165.0;1;149.0;149.0;143.0;140.0;140.0;143.0;140.0;165.0;214.0;252.0;263.0;257.0;245.0;209.0;200.0;182.0;157.0;146.0;146.0;145.0;143.0;139.0;135.0;132.0;131.0;147.0;157.0;159.0;153.0;145.0;141.0;1;1;1;1;1;1;1;1;1;1;1;1;1;1;1;1;1;1;1;1;1;1;1;1;1;1;1;1;1;1;1
50660000;2;11/1977;1;1;220.0;118.0;136.96671;16;29;1;1;1;0.0;0;139.0;136.0;135.0;129.0;126.0;125.0;126.0;126.0;124.0;124.0;124.0;124.0;124.0;125.0;150.0;220.0;204.0;185.0;173.0;146.0;139.0;129.0;126.0;124.0;125.0;124.0;121.0;120.0;118.0;118.0;;1;1;1;1;1;1;1;1;1;1;1;1;1;1;1;1;1;1;1;1;1;1;1;1;1;1;1;1;1;1;
50660000;1;11/1977;1;1;222.0;118.0;137.0;16;29;1;1;1;165.0;1;139.0;136.0;135.0;129.0;126.0;125.0;126.0;126.0;124.0;124.0;124.0;124.0;124.0;125.0;150.0;220.0;204.0;185.0;173.0;146.0;139.0;129.0;126.0;124.0;125.0;124.0;121.0;120.0;118.0;118.0;;1;1;1;1;1;1;1;1;1;1;1;1;1;1;1;1;1;1;1;1;1;1;1;1;1;1;1;1;1;1;0
50660000;2;12/1977;1;1;553.0;112.0;194.9355;31;13;1;1;1;0.0;0;118.0;118.0;118.0;118.0;117.0;116.0;116.0;116.0;116.0;115.0;114.0;114.0;112.0;115.0;179.0;188.0;188.0;201.0;183.0;158.0;145.0;141.0;136.0;141.0;191.0;241.0;363.0;424.0;459.0;529.0;553.0;1;1;1;1;1;1;1;1;1;1;1;1;1;1;1;1;1;1;1;1;1;1;1;1;1;1;1;1;1;1;1
50660000;1;12/1977;1;1;556.0;112.0;195.0;31;13;1;1;1;165.0;1;118.0;118.0;118.0;118.0;117.0;116.0;116.0;116.0;116.0;115.0;114.0;114.0;112.0;115.0;179.0;188.0;188.0;201.0;183.0;158.0;145.0;141.0;136.0;141.0;191.0;241.0;363.0;424.0;459.0;529.0;553.0;1;1;1;1;1;1;1;1;1;1;1;1;1;1;1;1;1;1;1;1;1;1;1;1;1;1;1;1;1;1;1
50660000;2;01/1978;1;1;539.0;131.0;222.0968;1;31;1;1;1;0.0;0;539.0;524.0;471.0;373.0;330.0;313.0;275.0;243.0;226.0;212.0;199.0;182.0;175.0;169.0;163.0;207.0;222.0;188.0;163.0;151.0;152.0;157.0;152.0;147.0;144.0;140.0;137.0;134.0;134.0;132.0;131.0;1;1;1;1;1;1;1;1;1;1;1;1;1;1;1;1;1;1;1;1;1;1;1;1;1;1;1;1;1;1;1
50660000;1;01/1978;1;1;542.0;131.0;222.0;1;31;1;1;1;;0;539.0;524.0;471.0;373.0;330.0;313.0;275.0;243.0;226.0;212.0;199.0;182.0;175.0;169.0;163.0;207.0;222.0;188.0;163.0;151.0;152.0;157.0;152.0;147.0;144.0;140.0;137.0;134.0;134.0;132.0;131.0;1;1;1;1;1;1;1;1;1;1;1;1;1;1;1;1;1;1;1;1;1;1;1;1;1;1;1;1;1;1;1
50660000;2;02/1978;1;1;192.0;129.0;156.5;15;6;1;1;1;0.0;0;132.0;130.0;130.0;130.0;130.0;129.0;147.0;157.0;161.0;149.0;146.0;163.0;178.0;186.0;192.0;185.0;184.0;187.0;173.0;165.0;160.0;157.0;151.0;146.0;146.0;152.0;157.0;159.0;;;;1;1;1;1;1;1;1;1;1;1;1;1;1;1;1;1;1;1;1;1;1;1;1;1;1;1;1;1;;;
50660000;1;02/1978;1;1;193.0;129.0;157.0;15;6;1;1;1;;0;132.0;130.0;130.0;130.0;130.0;129.0;147.0;157.0;161.0;149.0;146.0;163.0;178.0;186.0;192.0;185.0;184.0;187.0;173.0;165.0;160.0;157.0;151.0;146.0;146.0;152.0;157.0;159.0;;;;1;1;1;1;1;1;1;1;1;1;1;1;1;1;1;1;1;1;1;1;1;1;1;1;1;1;1;1;0;0;0
50660000;2;03/1978;1;1;335.0;144.0;202.8387;19;31;1;1;1;0.0;0;156.0;165.0;159.0;155.0;167.0;178.0;167.0;188.0;200.0;207.0;212.0;217.0;219.0;216.0;180.0;175.0;216.0;271.0;335.0;319.0;299.0;274.0;242.0;226.0;189.0;169.0;163.0;162.0;160.0;158.0;144.0;1;1;1;1;1;1;1;1;1;1;1;1;1;1;1;1;1;1;1;1;1;1;1;1;1;1;1;1;1;1;1
50660000;1;03/1978;1;1;336.0;144.0;203.0;19;31;1;1;1;;0;156.0;165.0;159.0;155.0;167.0;178.0;167.0;188.0;200.0;207.0;212.0;217.0;219.0;216.0;180.0;175.0;216.0;271.0;335.0;319.0;299.0;274.0;242.0;226.0;189.0;169.0;163.0;162.0;160.0;158.0;144.0;1;1;1;1;1;1;1;1;1;1;1;1;1;1;1;1;1;1;1;1;1;1;1;1;1;1;1;1;1;1;1
50660000;2;04/1978;1;1;251.0;134.0;157.8667;29;16;1;1;1;0.0;0;139.0;138.0;137.0;140.0;144.0;174.0;177.0;169.0;165.0;159.0;150.0;155.0;151.0;141.0;137.0;134.0;134.0;134.0;137.0;145.0;147.0;143.0;141.0;137.0;138.0;156.0;180.0;236.0;251.0;247.0;;1;1;1;1;1;1;1;1;1;1;1;1;1;1;1;1;1;1;1;1;1;1;1;1;1;1;1;1;1;1;
50660000;1;04/1978;1;1;264.0;134.0;158.0;29;16;1;1;1;;0;139.0;138.0;137.0;140.0;144.0;174.0;177.0;169.0;165.0;159.0;150.0;155.0;151.0;141.0;137.0;134.0;134.0;134.0;137.0;145.0;147.0;143.0;141.0;137.0;138.0;156.0;180.0;236.0;251.0;247.0;;1;1;1;1;1;1;1;1;1;1;1;1;1;1;1;1;1;1;1;1;1;1;1;1;1;1;1;1;1;1;0
50660000;2;05/1978;1;1;430.0;161.0;264.06451;6;25;1;1;1;0.0;0;223.0;210.0;179.0;218.0;238.0;430.0;401.0;333.0;325.0;345.0;404.0;391.0;390.0;405.0;362.0;340.0;288.0;281.0;273.0;248.0;187.0;180.0;175.0;169.0;161.0;170.0;175.0;170.0;165.0;170.0;180.0;1;1;1;1;1;1;1;1;1;1;1;1;1;1;1;1;1;1;1;1;1;1;1;1;1;1;1;1;1;1;1
50660000;1;05/1978;1;1;448.0;161.0;264.0;6;25;1;1;1;;0;223.0;210.0;179.0;218.0;238.0;430.0;401.0;333.0;325.0;345.0;404.0;391.0;390.0;405.0;362.0;340.0;288.0;281.0;273.0;248.0;187.0;180.0;175.0;169.0;161.0;170.0;175.0;170.0;165.0;170.0;180.0;1;1;1;1;1;1;1;1;1;1;1;1;1;1;1;1;1;1;1;1;1;1;1;1;1;1;1;1;1;1;1
50660000;2;06/1978;1;1;229.0;157.0;183.10001;30;6;1;1;1;0.0;0;183.0;180.0;177.0;171.0;165.0;157.0;171.0;179.0;177.0;184.0;198.0;194.0;194.0;193.0;188.0;188.0;188.0;188.0;186.0;184.0;182.0;178.0;176.0;176.0;176.0;177.0;178.0;184.0;192.0;229.0;;1;1;1;1;1;1;1;1;1;1;1;1;1;1;1;1;1;1;1;1;1;1;1;1;1;1;1;1;1;1;
50660000;1;06/1978;1;1;230.0;157.0;183.0;30;6;1;1;1;;0;183.0;180.0;177.0;171.0;165.0;157.0;171.0;179.0;177.0;184.0;198.0;194.0;194.0;193.0;188.0;188.0;188.0;188.0;186.0;184.0;182.0;178.0;176.0;176.0;176.0;177.0;178.0;184.0;192.0;229.0;;1;1;1;1;1;1;1;1;1;1;1;1;1;1;1;1;1;1;1;1;1;1;1;1;1;1;1;1;1;1;0
50660000;2;07/1978;1;1;236.0;171.0;197.9677;9;17;1;1;1;0.0;0;227.0;224.0;196.0;192.0;196.0;207.0;221.0;227.0;236.0;225.0;207.0;195.0;190.0;183.0;177.0;172.0;171.0;175.0;177.0;178.0;173.0;175.0;181.0;191.0;198.0;204.0;207.0;205.0;208.0;209.0;210.0;1;1;1;1;1;1;1;1;1;1;1;1;1;1;1;1;1;1;1;1;1;1;1;1;1;1;1;1;1;1;1
50660000;1;07/1978;1;1;238.0;171.0;198.0;9;17;1;1;1;;0;227.0;224.0;196.0;192.0;196.0;207.0;221.0;227.0;236.0;225.0;207.0;195.0;190.0;183.0;177.0;172.0;171.0;175.0;177.0;178.0;173.0;175.0;181.0;191.0;198.0;204.0;207.0;205.0;208.0;209.0;210.0;1;1;1;1;1;1;1;1;1;1;1;1;1;1;1;1;1;1;1;1;1;1;1;1;1;1;1;1;1;1;1
50660000;1;08/1978;1;1;299.0;156.0;204.0;11;28;1;1;1;;0;219.0;213.0;204.0;207.0;217.0;254.0;259.0;255.0;226.0;269.0;296.0;281.0;270.0;247.0;226.0;186.0;172.0;167.0;165.0;179.0;177.0;174.0;166.0;164.0;163.0;162.0;158.0;156.0;157.0;170.0;167.0;1;1;1;1;1;1;1;1;1;1;1;1;1;1;1;1;1;1;1;1;1;1;1;1;1;1;1;1;1;1;1
50660000;2;08/1978;1;1;296.0;156.0;204.0645;11;28;1;1;1;0.0;0;219.0;213.0;204.0;207.0;217.0;254.0;259.0;255.0;226.0;269.0;296.0;281.0;270.0;247.0;226.0;186.0;172.0;167.0;165.0;179.0;177.0;174.0;166.0;164.0;163.0;162.0;158.0;156.0;157.0;170.0;167.0;1;1;1;1;1;1;1;1;1;1;1;1;1;1;1;1;1;1;1;1;1;1;1;1;1;1;1;1;1;1;1
50660000;1;09/1978;1;1;182.0;144.0;158.0;25;10;1;1;1;;0;166.0;164.0;165.0;150.0;150.0;150.0;150.0;148.0;146.0;144.0;145.0;152.0;154.0;148.0;154.0;165.0;164.0;158.0;155.0;155.0;150.0;155.0;163.0;177.0;181.0;173.0;168.0;167.0;167.0;166.0;;1;1;1;1;1;1;1;1;1;1;1;1;1;1;1;1;1;1;1;1;1;1;1;1;1;1;1;1;1;1;0
50660000;2;09/1978;1;1;181.0;144.0;158.3333;25;10;1;1;1;0.0;0;166.0;164.0;165.0;150.0;150.0;150.0;150.0;148.0;146.0;144.0;145.0;152.0;154.0;148.0;154.0;165.0;164.0;158.0;155.0;155.0;150.0;155.0;163.0;177.0;181.0;173.0;168.0;167.0;167.0;166.0;;1;1;1;1;1;1;1;1;1;1;1;1;1;1;1;1;1;1;1;1;1;1;1;1;1;1;1;1;1;1;
50660000;1;10/1978;1;1;166.0;;;3;;1;0;0;;0;156.0;161.0;166.0;163.0;158.0;156.0;154.0;150.0;147.0;144.0;140.0;140.0;140.0;140.0;;138.0;138.0;138.0;137.0;136.0;135.0;135.0;139.0;144.0;146.0;142.0;137.0;134.0;132.0;132.0;132.0;1;1;1;1;1;1;1;1;1;1;1;1;1;1;0;1;1;1;1;1;1;1;1;1;1;1;1;1;1;1;1
50660000;2;10/1978;1;1;166.0;132.0;143.5161;3;29;2;2;2;0.0;0;156.0;161.0;166.0;163.0;158.0;156.0;154.0;150.0;147.0;144.0;140.0;140.0;140.0;140.0;139.0;138.0;138.0;138.0;137.0;136.0;135.0;135.0;139.0;144.0;146.0;142.0;137.0;134.0;132.0;132.0;132.0;1;1;1;1;1;1;1;1;1;1;1;1;1;1;2;1;1;1;1;1;1;1;1;1;1;1;1;1;1;1;1
50660000;1;11/1978;1;1;157.0;126.0;132.0;18;30;1;1;1;;0;132.0;132.0;132.0;130.0;130.0;130.0;130.0;128.0;128.0;128.0;128.0;128.0;128.0;128.0;128.0;131.0;142.0;157.0;154.0;145.0;140.0;133.0;132.0;130.0;129.0;128.0;128.0;128.0;128.0;126.0;;1;1;1;1;1;1;1;1;1;1;1;1;1;1;1;1;1;1;1;1;1;1;1;1;1;1;1;1;1;1;0
50660000;2;11/1978;1;1;157.0;126.0;132.3667;18;30;1;1;1;0.0;0;132.0;132.0;132.0;130.0;130.0;130.0;130.0;128.0;128.0;128.0;128.0;128.0;128.0;128.0;128.0;131.0;142.0;157.0;154.0;145.0;140.0;133.0;132.0;130.0;129.0;128.0;128.0;128.0;128.0;126.0;;1;1;1;1;1;1;1;1;1;1;1;1;1;1;1;1;1;1;1;1;1;1;1;1;1;1;1;1;1;1;
50660000;1;12/1978;1;1;170.0;120.0;135.0;4;30;1;1;1;;0;126.0;126.0;127.0;170.0;163.0;156.0;154.0;151.0;146.0;139.0;134.0;128.0;128.0;128.0;131.0;128.0;131.0;144.0;140.0;137.0;134.0;128.0;128.0;128.0;128.0;127.0;124.0;124.0;124.0;120.0;120.0;1;1;1;1;1;1;1;1;1;1;1;1;1;1;1;1;1;1;1;1;1;1;1;1;1;1;1;1;1;1;1
50660000;2;12/1978;1;1;170.0;120.0;134.5806;4;30;1;1;1;0.0;0;126.0;126.0;127.0;170.0;163.0;156.0;154.0;151.0;146.0;139.0;134.0;128.0;128.0;128.0;131.0;128.0;131.0;144.0;140.0;137.0;134.0;128.0;128.0;128.0;128.0;127.0;124.0;124.0;124.0;120.0;120.0;1;1;1;1;1;1;1;1;1;1;1;1;1;1;1;1;1;1;1;1;1;1;1;1;1;1;1;1;1;1;1
50660000;1;01/1979;1;1;140.0;118.0;125.0;17;3;1;1;1;131.0;1;120.0;120.0;118.0;118.0;118.0;118.0;118.0;118.0;118.0;118.0;120.0;120.0;122.0;122.0;132.0;134.0;139.0;138.0;135.0;135.0;135.0;136.0;134.0;124.0;126.0;130.0;127.0;126.0;124.0;122.0;120.0;1;1;1;1;1;1;1;1;1;1;1;1;1;1;1;1;1;1;1;1;1;1;1;1;1;1;1;1;1;1;1
50660000;2;01/1979;1;1;139.0;118.0;125.3226;17;3;1;1;1;0.0;0;120.0;120.0;118.0;118.0;118.0;118.0;118.0;118.0;118.0;118.0;120.0;120.0;122.0;122.0;132.0;134.0;139.0;138.0;135.0;135.0;135.0;136.0;134.0;124.0;126.0;130.0;127.0;126.0;124.0;122.0;120.0;1;1;1;1;1;1;1;1;1;1;1;1;1;1;1;1;1;1;1;1;1;1;1;1;1;1;1;1;1;1;1
50660000;1;02/1979;1;1;166.0;118.0;131.0;28;1;1;1;1;131.0;1;118.0;118.0;118.0;119.0;121.0;121.0;122.0;121.0;120.0;120.0;121.0;122.0;121.0;125.0;126.0;135.0;136.0;141.0;139.0;136.0;124.0;125.0;128.0;141.0;150.0;159.0;161.0;166.0;;;;1;1;1;1;1;1;1;1;1;1;1;1;1;1;1;1;1;1;1;1;1;1;1;1;1;1;1;1;0;0;0
50660000;2;02/1979;1;1;166.0;118.0;130.5;28;1;1;1;1;0.0;0;118.0;118.0;118.0;119.0;121.0;121.0;122.0;121.0;120.0;120.0;121.0;122.0;121.0;125.0;126.0;135.0;136.0;141.0;139.0;136.0;124.0;125.0;128.0;141.0;150.0;159.0;161.0;166.0;;;;1;1;1;1;1;1;1;1;1;1;1;1;1;1;1;1;1;1;1;1;1;1;1;1;1;1;1;1;;;
50660000;1;03/1979;1;1;188.0;122.0;143.0;31;26;1;1;1;131.0;1;159.0;155.0;146.0;145.0;145.0;146.0;152.0;163.0;169.0;156.0;154.0;154.0;153.0;144.0;139.0;136.0;131.0;125.0;124.0;126.0;131.0;129.0;126.0;125.0;124.0;122.0;122.0;126.0;142.0;174.0;186.0;1;1;1;1;1;1;1;1;1;1;1;1;1;1;1;1;1;1;1;1;1;1;1;1;1;1;1;1;1;1;1
50660000;2;03/1979;1;1;186.0;122.0;142.871;31;26;1;1;1;0.0;0;159.0;155.0;146.0;145.0;145.0;146.0;152.0;163.0;169.0;156.0;154.0;154.0;153.0;144.0;139.0;136.0;131.0;125.0;124.0;126.0;131.0;129.0;126.0;125.0;124.0;122.0;122.0;126.0;142.0;174.0;186.0;1;1;1;1;1;1;1;1;1;1;1;1;1;1;1;1;1;1;1;1;1;1;1;1;1;1;1;1;1;1;1
50660000;1;04/1979;1;1;198.0;118.0;138.0;1;17;1;1;1;131.0;1;195.0;183.0;175.0;169.0;152.0;145.0;138.0;135.0;134.0;129.0;128.0;126.0;125.0;124.0;120.0;120.0;118.0;120.0;122.0;123.0;124.0;124.0;126.0;141.0;139.0;136.0;139.0;146.0;142.0;137.0;;1;1;1;1;1;1;1;1;1;1;1;1;1;1;1;1;1;1;1;1;1;1;1;1;1;1;1;1;1;1;0
50660000;2;04/1979;1;1;195.0;118.0;137.8333;1;17;1;1;1;0.0;0;195.0;183.0;175.0;169.0;152.0;145.0;138.0;135.0;134.0;129.0;128.0;126.0;125.0;124.0;120.0;120.0;118.0;120.0;122.0;123.0;124.0;124.0;126.0;141.0;139.0;136.0;139.0;146.0;142.0;137.0;;1;1;1;1;1;1;1;1;1;1;1;1;1;1;1;1;1;1;1;1;1;1;1;1;1;1;1;1;1;1;
50660000;1;05/1979;1;1;186.0;118.0;130.0;3;29;1;1;1;131.0;1;136.0;138.0;165.0;159.0;155.0;152.0;148.0;141.0;136.0;133.0;129.0;126.0;126.0;124.0;124.0;124.0;124.0;122.0;121.0;122.0;124.0;122.0;123.0;122.0;121.0;120.0;120.0;120.0;118.0;118.0;118.0;1;1;1;1;1;1;1;1;1;1;1;1;1;1;1;1;1;1;1;1;1;1;1;1;1;1;1;1;1;1;1
50660000;2;05/1979;1;1;165.0;118.0;130.0323;3;29;1;1;1;0.0;0;136.0;138.0;165.0;159.0;155.0;152.0;148.0;141.0;136.0;133.0;129.0;126.0;126.0;124.0;124.0;124.0;124.0;122.0;121.0;122.0;124.0;122.0;123.0;122.0;121.0;120.0;120.0;120.0;118.0;118.0;118.0;1;1;1;1;1;1;1;1;1;1;1;1;1;1;1;1;1;1;1;1;1;1;1;1;1;1;1;1;1;1;1
50660000;1;06/1979;1;1;250.0;118.0;172.0;22;1;1;1;1;131.0;1;118.0;147.0;158.0;158.0;164.0;157.0;156.0;155.0;151.0;145.0;141.0;137.0;134.0;132.0;150.0;164.0;178.0;197.0;205.0;213.0;242.0;248.0;241.0;237.0;219.0;185.0;169.0;157.0;151.0;147.0;;1;1;1;1;1;1;1;1;1;1;1;1;1;1;1;1;1;1;1;1;1;1;1;1;1;1;1;1;1;1;0
50660000;2;06/1979;1;1;248.0;118.0;171.8667;22;1;1;1;1;0.0;0;118.0;147.0;158.0;158.0;164.0;157.0;156.0;155.0;151.0;145.0;141.0;137.0;134.0;132.0;150.0;164.0;178.0;197.0;205.0;213.0;242.0;248.0;241.0;237.0;219.0;185.0;169.0;157.0;151.0;147.0;;1;1;1;1;1;1;1;1;1;1;1;1;1;1;1;1;1;1;1;1;1;1;1;1;1;1;1;1;1;1;
50660000;1;07/1979;1;1;210.0;120.0;148.0;12;30;1;1;1;131.0;1;143.0;140.0;138.0;138.0;136.0;136.0;139.0;149.0;177.0;197.0;204.0;207.0;198.0;190.0;172.0;164.0;150.0;147.0;144.0;138.0;137.0;131.0;128.0;128.0;126.0;126.0;124.0;124.0;122.0;120.0;120.0;1;1;1;1;1;1;1;1;1;1;1;1;1;1;1;1;1;1;1;1;1;1;1;1;1;1;1;1;1;1;1
50660000;2;07/1979;1;1;207.0;120.0;148.1613;12;30;1;1;1;0.0;0;143.0;140.0;138.0;138.0;136.0;136.0;139.0;149.0;177.0;197.0;204.0;207.0;198.0;190.0;172.0;164.0;150.0;147.0;144.0;138.0;137.0;131.0;128.0;128.0;126.0;126.0;124.0;124.0;122.0;120.0;120.0;1;1;1;1;1;1;1;1;1;1;1;1;1;1;1;1;1;1;1;1;1;1;1;1;1;1;1;1;1;1;1
50660000;1;08/1979;1;1;138.0;116.0;126.0;30;25;1;1;1;131.0;1;128.0;126.0;127.0;131.0;135.0;135.0;131.0;127.0;126.0;125.0;124.0;123.0;125.0;128.0;129.0;130.0;128.0;126.0;123.0;121.0;120.0;120.0;120.0;118.0;116.0;117.0;121.0;125.0;131.0;137.0;134.0;1;1;1;1;1;1;1;1;1;1;1;1;1;1;1;1;1;1;1;1;1;1;1;1;1;1;1;1;1;1;1
50660000;2;08/1979;1;1;137.0;116.0;126.0323;30;25;1;1;1;0.0;0;128.0;126.0;127.0;131.0;135.0;135.0;131.0;127.0;126.0;125.0;124.0;123.0;125.0;128.0;129.0;130.0;128.0;126.0;123.0;121.0;120.0;120.0;120.0;118.0;116.0;117.0;121.0;125.0;131.0;137.0;134.0;1;1;1;1;1;1;1;1;1;1;1;1;1;1;1;1;1;1;1;1;1;1;1;1;1;1;1;1;1;1;1
50660000;1;09/1979;1;1;146.0;122.0;131.0;8;17;1;1;1;131.0;1;133.0;129.0;125.0;124.0;126.0;135.0;139.0;145.0;145.0;140.0;137.0;135.0;131.0;128.0;126.0;123.0;122.0;124.0;128.0;128.0;127.0;126.0;127.0;129.0;135.0;136.0;134.0;131.0;127.0;125.0;;1;1;1;1;1;1;1;1;1;1;1;1;1;1;1;1;1;1;1;1;1;1;1;1;1;1;1;1;1;1;0
50660000;2;09/1979;1;1;145.0;122.0;130.6667;8;17;1;1;1;0.0;0;133.0;129.0;125.0;124.0;126.0;135.0;139.0;145.0;145.0;140.0;137.0;135.0;131.0;128.0;126.0;123.0;122.0;124.0;128.0;128.0;127.0;126.0;127.0;129.0;135.0;136.0;134.0;131.0;127.0;125.0;;1;1;1;1;1;1;1;1;1;1;1;1;1;1;1;1;1;1;1;1;1;1;1;1;1;1;1;1;1;1;
50660000;1;10/1979;1;1;120.0;108.0;113.0;1;31;1;1;1;131.0;1;120.0;118.0;118.0;116.0;116.0;116.0;114.0;114.0;114.0;114.0;114.0;114.0;114.0;114.0;114.0;114.0;114.0;114.0;113.0;113.0;113.0;112.0;112.0;112.0;111.0;111.0;111.0;110.0;110.0;109.0;108.0;1;1;1;1;1;1;1;1;1;1;1;1;1;1;1;1;1;1;1;1;1;1;1;1;1;1;1;1;1;1;1
50660000;2;10/1979;1;1;120.0;108.0;113.4516;1;31;1;1;1;0.0;0;120.0;118.0;118.0;116.0;116.0;116.0;114.0;114.0;114.0;114.0;114.0;114.0;114.0;114.0;114.0;114.0;114.0;114.0;113.0;113.0;113.0;112.0;112.0;112.0;111.0;111.0;111.0;110.0;110.0;109.0;108.0;1;1;1;1;1;1;1;1;1;1;1;1;1;1;1;1;1;1;1;1;1;1;1;1;1;1;1;1;1;1;1
50660000;1;11/1979;1;1;116.0;102.0;108.0;21;12;1;1;1;131.0;1;106.0;106.0;106.0;106.0;106.0;104.0;105.0;106.0;104.0;104.0;103.0;102.0;102.0;102.0;102.0;106.0;111.0;113.0;115.0;115.0;116.0;116.0;114.0;112.0;110.0;108.0;104.0;106.0;108.0;108.0;;1;1;1;1;1;1;1;1;1;1;1;1;1;1;1;1;1;1;1;1;1;1;1;1;1;1;1;1;1;1;0
50660000;2;11/1979;1;1;116.0;102.0;107.5333;21;12;1;1;1;0.0;0;106.0;106.0;106.0;106.0;106.0;104.0;105.0;106.0;104.0;104.0;103.0;102.0;102.0;102.0;102.0;106.0;111.0;113.0;115.0;115.0;116.0;116.0;114.0;112.0;110.0;108.0;104.0;106.0;108.0;108.0;;1;1;1;1;1;1;1;1;1;1;1;1;1;1;1;1;1;1;1;1;1;1;1;1;1;1;1;1;1;1;
50660000;2;12/1979;1;1;117.0;98.0;105.0;5;21;1;1;1;0.0;0;110.0;113.0;114.0;116.0;117.0;113.0;110.0;111.0;117.0;117.0;114.0;110.0;106.0;104.0;102.0;102.0;100.0;100.0;100.0;100.0;98.0;98.0;98.0;98.0;98.0;98.0;98.0;98.0;99.0;98.0;98.0;1;1;1;1;1;1;1;1;1;1;1;1;1;1;1;1;1;1;1;1;1;1;1;1;1;1;1;1;1;1;1
50660000;1;12/1979;1;1;118.0;98.0;105.0;5;21;1;1;1;131.0;1;110.0;113.0;114.0;116.0;117.0;113.0;110.0;111.0;117.0;117.0;114.0;110.0;106.0;104.0;102.0;102.0;100.0;100.0;100.0;100.0;98.0;98.0;98.0;98.0;98.0;98.0;98.0;98.0;99.0;98.0;98.0;1;1;1;1;1;1;1;1;1;1;1;1;1;1;1;1;1;1;1;1;1;1;1;1;1;1;1;1;1;1;1
50660000;2;01/1980;1;1;202.0;98.0;116.1613;7;1;1;1;1;0.0;0;98.0;98.0;107.0;122.0;128.0;170.0;202.0;166.0;137.0;125.0;118.0;116.0;114.0;113.0;110.0;108.0;106.0;106.0;106.0;106.0;105.0;103.0;103.0;103.0;100.0;100.0;99.0;98.0;101.0;114.0;119.0;1;1;1;1;1;1;1;1;1;1;1;1;1;1;1;1;1;1;1;1;1;1;1;1;1;1;1;1;1;1;1
50660000;1;01/1980;1;1;202.0;98.0;117.0;7;1;1;1;1;147.0;1;98.0;98.0;107.0;122.0;128.0;170.0;202.0;166.0;137.0;125.0;118.0;116.0;114.0;113.0;110.0;108.0;106.0;106.0;106.0;106.0;105.0;103.0;103.0;103.0;100.0;100.0;99.0;98.0;101.0;114.0;119.0;1;1;1;1;1;1;1;1;1;1;1;1;1;1;1;1;1;1;1;1;1;1;1;1;1;1;1;1;1;1;1
50660000;2;02/1980;1;1;685.0;116.0;372.34479;10;1;1;1;1;0.0;0;116.0;180.0;212.0;193.0;152.0;193.0;256.0;344.0;551.0;685.0;625.0;570.0;470.0;429.0;389.0;379.0;398.0;366.0;458.0;415.0;380.0;385.0;409.0;426.0;380.0;373.0;366.0;354.0;344.0;;;1;1;1;1;1;1;1;1;1;1;1;1;1;1;1;1;1;1;1;1;1;1;1;1;1;1;1;1;1;;
50660000;1;02/1980;1;1;688.0;116.0;372.0;10;1;1;1;1;147.0;1;116.0;180.0;212.0;193.0;152.0;193.0;256.0;344.0;551.0;685.0;625.0;570.0;470.0;429.0;389.0;379.0;398.0;366.0;458.0;415.0;380.0;385.0;409.0;426.0;380.0;373.0;366.0;354.0;344.0;;;1;1;1;1;1;1;1;1;1;1;1;1;1;1;1;1;1;1;1;1;1;1;1;1;1;1;1;1;1;0;0
50660000;2;03/1980;1;1;344.0;122.0;176.7742;1;31;2;2;2;0.0;0;344.0;280.0;250.0;232.0;232.0;223.0;219.0;215.0;197.0;188.0;183.0;180.0;176.0;175.0;176.0;169.0;155.0;150.0;147.0;144.0;142.0;140.0;138.0;138.0;135.0;128.0;128.0;126.0;124.0;124.0;122.0;2;1;1;1;1;1;1;1;1;1;1;1;1;1;1;1;1;1;1;1;1;1;1;1;1;1;1;1;1;1;1
50660000;1;03/1980;1;1;322.0;122.0;176.0;1;31;1;1;1;147.0;1;318.0;280.0;250.0;232.0;232.0;223.0;219.0;215.0;197.0;188.0;183.0;180.0;176.0;175.0;176.0;169.0;155.0;150.0;147.0;144.0;142.0;140.0;138.0;138.0;135.0;128.0;128.0;126.0;124.0;124.0;122.0;1;1;1;1;1;1;1;1;1;1;1;1;1;1;1;1;1;1;1;1;1;1;1;1;1;1;1;1;1;1;1
50660000;1;04/1980;1;1;122.0;114.0;118.0;1;18;1;1;1;147.0;1;122.0;122.0;122.0;122.0;120.0;120.0;120.0;120.0;119.0;118.0;118.0;116.0;116.0;116.0;116.0;116.0;115.0;114.0;114.0;114.0;114.0;114.0;114.0;116.0;122.0;122.0;122.0;120.0;120.0;118.0;;1;1;1;1;1;1;1;1;1;1;1;1;1;1;1;1;1;1;1;1;1;1;1;1;1;1;1;1;1;1;0
50660000;2;04/1980;1;1;122.0;114.0;118.0667;1;18;1;1;1;0.0;0;122.0;122.0;122.0;122.0;120.0;120.0;120.0;120.0;119.0;118.0;118.0;116.0;116.0;116.0;116.0;116.0;115.0;114.0;114.0;114.0;114.0;114.0;114.0;116.0;122.0;122.0;122.0;120.0;120.0;118.0;;1;1;1;1;1;1;1;1;1;1;1;1;1;1;1;1;1;1;1;1;1;1;1;1;1;1;1;1;1;1;
50660000;2;05/1980;1;1;147.0;118.0;128.0;23;1;1;1;1;0.0;0;118.0;118.0;118.0;124.0;127.0;129.0;123.0;121.0;120.0;120.0;122.0;122.0;122.0;122.0;126.0;124.0;125.0;128.0;140.0;139.0;144.0;145.0;147.0;143.0;132.0;137.0;135.0;127.0;123.0;124.0;123.0;1;1;1;1;1;1;1;1;1;1;1;1;1;1;1;1;1;1;1;1;1;1;1;1;1;1;1;1;1;1;1
50660000;1;05/1980;1;1;148.0;118.0;128.0;23;1;1;1;1;147.0;1;118.0;118.0;118.0;124.0;127.0;129.0;123.0;121.0;120.0;120.0;122.0;122.0;122.0;122.0;126.0;124.0;125.0;128.0;140.0;139.0;144.0;145.0;147.0;143.0;132.0;137.0;135.0;127.0;123.0;124.0;123.0;1;1;1;1;1;1;1;1;1;1;1;1;1;1;1;1;1;1;1;1;1;1;1;1;1;1;1;1;1;1;1
50660000;1;06/1980;1;1;214.0;117.0;137.0;22;14;1;1;1;147.0;1;122.0;122.0;122.0;122.0;124.0;122.0;122.0;122.0;122.0;122.0;121.0;119.0;118.0;117.0;117.0;125.0;132.0;142.0;160.0;166.0;180.0;213.0;199.0;168.0;153.0;135.0;127.0;127.0;130.0;126.0;;1;1;1;1;1;1;1;1;1;1;1;1;1;1;1;1;1;1;1;1;1;1;1;1;1;1;1;1;1;1;0
50660000;2;06/1980;1;1;213.0;117.0;136.5667;22;14;1;1;1;0.0;0;122.0;122.0;122.0;122.0;124.0;122.0;122.0;122.0;122.0;122.0;121.0;119.0;118.0;117.0;117.0;125.0;132.0;142.0;160.0;166.0;180.0;213.0;199.0;168.0;153.0;135.0;127.0;127.0;130.0;126.0;;1;1;1;1;1;1;1;1;1;1;1;1;1;1;1;1;1;1;1;1;1;1;1;1;1;1;1;1;1;1;
50660000;1;07/1980;1;1;211.0;126.0;133.0;16;1;1;1;1;147.0;1;126.0;126.0;126.0;126.0;127.0;131.0;135.0;136.0;134.0;136.0;137.0;139.0;145.0;147.0;149.0;152.0;147.0;142.0;137.0;132.0;128.0;127.0;128.0;127.0;126.0;126.0;126.0;126.0;126.0;126.0;126.0;1;1;1;1;1;1;1;1;1;1;1;1;1;1;1;1;1;1;1;1;1;1;1;1;1;1;1;1;1;1;1
50660000;2;07/1980;1;1;152.0;126.0;132.9677;16;1;1;1;1;0.0;0;126.0;126.0;126.0;126.0;127.0;131.0;135.0;136.0;134.0;136.0;137.0;139.0;145.0;147.0;149.0;152.0;147.0;142.0;137.0;132.0;128.0;127.0;128.0;127.0;126.0;126.0;126.0;126.0;126.0;126.0;126.0;1;1;1;1;1;1;1;1;1;1;1;1;1;1;1;1;1;1;1;1;1;1;1;1;1;1;1;1;1;1;1
50660000;2;08/1980;1;1;130.0;112.0;123.7742;8;26;1;1;1;0.0;0;126.0;126.0;126.0;126.0;127.0;128.0;128.0;130.0;129.0;127.0;126.0;128.0;128.0;128.0;128.0;128.0;128.0;127.0;126.0;124.0;120.0;118.0;116.0;114.0;113.0;112.0;117.0;118.0;118.0;122.0;125.0;1;1;1;1;1;1;1;1;1;1;1;1;1;1;1;1;1;1;1;1;1;1;1;1;1;1;1;1;1;1;1
50660000;1;08/1980;1;1;130.0;112.0;124.0;8;26;1;1;1;147.0;1;126.0;126.0;126.0;126.0;127.0;128.0;128.0;130.0;129.0;127.0;126.0;128.0;128.0;128.0;128.0;128.0;128.0;127.0;126.0;124.0;120.0;118.0;116.0;114.0;113.0;112.0;117.0;118.0;118.0;122.0;125.0;1;1;1;1;1;1;1;1;1;1;1;1;1;1;1;1;1;1;1;1;1;1;1;1;1;1;1;1;1;1;1
50660000;2;09/1980;1;1;133.0;108.0;116.8667;17;26;1;1;1;0.0;0;125.0;119.0;118.0;116.0;116.0;114.0;112.0;111.0;115.0;116.0;116.0;118.0;118.0;119.0;121.0;123.0;133.0;123.0;119.0;117.0;116.0;114.0;114.0;112.0;110.0;108.0;111.0;115.0;119.0;118.0;;1;1;1;1;1;1;1;1;1;1;1;1;1;1;1;1;1;1;1;1;1;1;1;1;1;1;1;1;1;1;
50660000;1;09/1980;1;1;138.0;108.0;117.0;17;26;1;1;1;147.0;1;125.0;119.0;118.0;116.0;116.0;114.0;112.0;111.0;115.0;116.0;116.0;118.0;118.0;119.0;121.0;123.0;133.0;123.0;119.0;117.0;116.0;114.0;114.0;112.0;110.0;108.0;111.0;115.0;119.0;118.0;;1;1;1;1;1;1;1;1;1;1;1;1;1;1;1;1;1;1;1;1;1;1;1;1;1;1;1;1;1;1;0
50660000;2;10/1980;1;1;136.0;104.0;114.0323;6;22;1;1;1;0.0;0;120.0;122.0;124.0;127.0;131.0;136.0;128.0;128.0;128.0;128.0;125.0;121.0;111.0;109.0;107.0;107.0;107.0;107.0;106.0;106.0;106.0;104.0;104.0;104.0;104.0;106.0;106.0;106.0;107.0;106.0;104.0;1;1;1;1;1;1;1;1;1;1;1;1;1;1;1;1;1;1;1;1;1;1;1;1;1;1;1;1;1;1;1
50660000;1;10/1980;1;1;136.0;104.0;114.0;6;22;1;1;1;147.0;1;120.0;122.0;124.0;127.0;131.0;136.0;128.0;128.0;128.0;128.0;125.0;121.0;111.0;109.0;107.0;107.0;107.0;107.0;106.0;106.0;106.0;104.0;104.0;104.0;104.0;106.0;106.0;106.0;107.0;106.0;104.0;1;1;1;1;1;1;1;1;1;1;1;1;1;1;1;1;1;1;1;1;1;1;1;1;1;1;1;1;1;1;1
50660000;2;11/1980;1;1;148.0;100.0;121.5333;23;3;1;1;1;0.0;0;104.0;104.0;100.0;130.0;138.0;141.0;137.0;128.0;126.0;116.0;113.0;111.0;109.0;109.0;113.0;121.0;122.0;113.0;112.0;116.0;125.0;140.0;148.0;140.0;132.0;121.0;125.0;122.0;117.0;113.0;;1;1;1;1;1;1;1;1;1;1;1;1;1;1;1;1;1;1;1;1;1;1;1;1;1;1;1;1;1;1;
50660000;1;11/1980;1;1;156.0;100.0;122.0;23;3;1;1;1;147.0;1;104.0;104.0;100.0;130.0;138.0;141.0;137.0;128.0;126.0;116.0;113.0;111.0;109.0;109.0;113.0;121.0;122.0;113.0;112.0;116.0;125.0;140.0;148.0;140.0;132.0;121.0;125.0;122.0;117.0;113.0;;1;1;1;1;1;1;1;1;1;1;1;1;1;1;1;1;1;1;1;1;1;1;1;1;1;1;1;1;1;1;0
50660000;2;12/1980;1;1;117.0;99.0;105.129;21;31;1;1;1;0.0;0;112.0;115.0;115.0;113.0;108.0;106.0;103.0;102.0;102.0;102.0;102.0;102.0;100.0;100.0;100.0;100.0;100.0;100.0;106.0;113.0;117.0;116.0;109.0;106.0;105.0;102.0;102.0;102.0;100.0;100.0;99.0;1;1;1;1;1;1;1;1;1;1;1;1;1;1;1;1;1;1;1;1;1;1;1;1;1;1;1;1;1;1;1
50660000;1;12/1980;1;1;118.0;99.0;105.0;21;31;1;1;1;147.0;1;112.0;115.0;115.0;113.0;108.0;106.0;103.0;102.0;102.0;102.0;102.0;102.0;100.0;100.0;100.0;100.0;100.0;100.0;106.0;113.0;117.0;116.0;109.0;106.0;105.0;102.0;102.0;102.0;100.0;100.0;99.0;1;1;1;1;1;1;1;1;1;1;1;1;1;1;1;1;1;1;1;1;1;1;1;1;1;1;1;1;1;1;1
50660000;2;01/1981;1;1;100.0;96.0;96.903198;30;10;1;1;1;0.0;0;98.0;98.0;98.0;98.0;98.0;98.0;97.0;97.0;97.0;96.0;96.0;96.0;96.0;96.0;96.0;96.0;96.0;96.0;96.0;96.0;96.0;96.0;96.0;96.0;96.0;96.0;96.0;98.0;99.0;100.0;100.0;1;1;1;1;1;1;1;1;1;1;1;1;1;1;1;1;1;1;1;1;1;1;1;1;1;1;1;1;1;1;1
50660000;1;01/1981;1;1;100.0;96.0;97.0;30;9;1;1;1;139.0;1;98.0;98.0;98.0;98.0;98.0;98.0;97.0;97.0;97.0;96.0;96.0;96.0;96.0;96.0;96.0;96.0;96.0;96.0;96.0;96.0;96.0;96.0;96.0;96.0;96.0;96.0;96.0;98.0;99.0;100.0;100.0;1;1;1;1;1;1;1;1;1;1;1;1;1;1;1;1;1;1;1;1;1;1;1;1;1;1;1;1;1;1;1
50660000;2;02/1981;1;1;105.0;92.0;100.7143;21;28;1;1;1;0.0;0;100.0;100.0;102.0;102.0;103.0;103.0;104.0;102.0;102.0;102.0;102.0;102.0;100.0;100.0;100.0;100.0;99.0;102.0;102.0;104.0;105.0;102.0;100.0;100.0;99.0;97.0;94.0;92.0;;;;1;1;1;1;1;1;1;1;1;1;1;1;1;1;1;1;1;1;1;1;1;1;1;1;1;1;1;1;;;
50660000;1;02/1981;1;1;106.0;92.0;101.0;21;28;1;1;1;139.0;1;100.0;100.0;102.0;102.0;103.0;103.0;104.0;102.0;102.0;102.0;102.0;102.0;100.0;100.0;100.0;100.0;99.0;102.0;102.0;104.0;105.0;102.0;100.0;100.0;99.0;97.0;94.0;92.0;;;;1;1;1;1;1;1;1;1;1;1;1;1;1;1;1;1;1;1;1;1;1;1;1;1;1;1;1;1;0;0;0
50660000;1;03/1981;1;1;597.0;90.0;200.0;29;6;1;1;1;139.0;1;92.0;92.0;92.0;91.0;91.0;90.0;91.0;92.0;93.0;94.0;94.0;94.0;94.0;92.0;92.0;92.0;92.0;103.0;122.0;156.0;199.0;282.0;270.0;249.0;301.0;327.0;481.0;580.0;590.0;542.0;442.0;1;1;1;1;1;1;1;1;1;1;1;1;1;1;1;1;1;1;1;1;1;1;1;1;1;1;1;1;1;1;1
50660000;2;03/1981;1;1;590.0;90.0;200.3871;29;6;1;1;1;0.0;0;92.0;92.0;92.0;91.0;91.0;90.0;91.0;92.0;93.0;94.0;94.0;94.0;94.0;92.0;92.0;92.0;92.0;103.0;122.0;156.0;199.0;282.0;270.0;249.0;301.0;327.0;481.0;580.0;590.0;542.0;442.0;1;1;1;1;1;1;1;1;1;1;1;1;1;1;1;1;1;1;1;1;1;1;1;1;1;1;1;1;1;1;1
50660000;2;04/1981;1;1;435.0;144.0;251.53329;1;14;2;2;2;0.0;0;435.0;427.0;420.0;361.0;382.0;334.0;269.0;251.0;233.0;158.0;168.0;150.0;147.0;144.0;147.0;151.0;156.0;162.0;165.0;175.0;188.0;183.0;233.0;260.0;328.0;357.0;337.0;312.0;280.0;233.0;;1;1;1;2;1;1;1;1;1;1;1;1;1;1;1;1;1;1;1;1;1;1;1;1;1;1;1;1;1;1;
50660000;1;04/1981;1;1;436.0;144.0;252.0;1;14;1;1;1;139.0;1;435.0;427.0;420.0;161.0;382.0;334.0;269.0;251.0;233.0;158.0;168.0;150.0;147.0;144.0;147.0;151.0;156.0;162.0;165.0;175.0;188.0;183.0;233.0;260.0;328.0;357.0;337.0;312.0;280.0;233.0;;1;1;1;1;1;1;1;1;1;1;1;1;1;1;1;1;1;1;1;1;1;1;1;1;1;1;1;1;1;1;0
50660000;2;05/1981;1;1;156.0;122.0;137.2258;3;31;1;1;1;0.0;0;155.0;152.0;156.0;155.0;147.0;145.0;146.0;147.0;149.0;153.0;153.0;151.0;146.0;142.0;139.0;137.0;132.0;127.0;126.0;124.0;124.0;124.0;126.0;127.0;128.0;126.0;124.0;124.0;124.0;123.0;122.0;1;1;1;1;1;1;1;1;1;1;1;1;1;1;1;1;1;1;1;1;1;1;1;1;1;1;1;1;1;1;1
50660000;1;05/1981;1;1;158.0;122.0;137.0;3;31;1;1;1;139.0;1;155.0;152.0;156.0;155.0;147.0;145.0;146.0;147.0;149.0;153.0;153.0;151.0;146.0;142.0;139.0;137.0;132.0;127.0;126.0;124.0;124.0;124.0;126.0;127.0;128.0;126.0;124.0;124.0;124.0;123.0;122.0;1;1;1;1;1;1;1;1;1;1;1;1;1;1;1;1;1;1;1;1;1;1;1;1;1;1;1;1;1;1;1
50660000;2;06/1981;1;1;170.0;122.0;138.96671;30;1;1;1;1;0.0;0;122.0;122.0;122.0;125.0;130.0;136.0;143.0;151.0;149.0;146.0;144.0;142.0;142.0;140.0;138.0;138.0;137.0;135.0;134.0;134.0;134.0;126.0;123.0;128.0;139.0;143.0;153.0;157.0;166.0;170.0;;1;1;1;1;1;1;1;1;1;1;1;1;1;1;1;1;1;1;1;1;1;1;1;1;1;1;1;1;1;1;
50660000;1;06/1981;1;1;170.0;122.0;139.0;30;1;1;1;1;139.0;1;122.0;122.0;122.0;125.0;130.0;136.0;143.0;151.0;149.0;146.0;144.0;142.0;142.0;140.0;138.0;138.0;137.0;135.0;134.0;134.0;134.0;126.0;123.0;128.0;139.0;143.0;153.0;157.0;166.0;170.0;;1;1;1;1;1;1;1;1;1;1;1;1;1;1;1;1;1;1;1;1;1;1;1;1;1;1;1;1;1;1;0
50660000;2;07/1981;1;1;171.0;124.0;139.0968;1;23;1;1;1;0.0;0;171.0;167.0;163.0;159.0;157.0;162.0;151.0;149.0;146.0;141.0;148.0;155.0;145.0;138.0;134.0;131.0;129.0;128.0;128.0;126.0;126.0;125.0;124.0;124.0;124.0;124.0;127.0;129.0;128.0;127.0;126.0;1;1;1;1;1;1;1;1;1;1;1;1;1;1;1;1;1;1;1;1;1;1;1;1;1;1;1;1;1;1;1
50660000;1;07/1981;1;1;172.0;124.0;139.0;1;23;1;1;1;139.0;1;171.0;167.0;163.0;159.0;157.0;162.0;151.0;149.0;146.0;141.0;148.0;155.0;145.0;138.0;134.0;131.0;129.0;128.0;128.0;126.0;126.0;125.0;124.0;124.0;124.0;124.0;127.0;129.0;128.0;127.0;126.0;1;1;1;1;1;1;1;1;1;1;1;1;1;1;1;1;1;1;1;1;1;1;1;1;1;1;1;1;1;1;1
50660000;2;08/1981;1;1;145.0;120.0;129.4194;7;16;1;1;1;0.0;0;124.0;122.0;123.0;125.0;132.0;141.0;145.0;145.0;137.0;135.0;133.0;129.0;126.0;124.0;122.0;120.0;120.0;120.0;120.0;120.0;120.0;127.0;140.0;137.0;136.0;138.0;136.0;135.0;128.0;126.0;126.0;1;1;1;1;1;1;1;1;1;1;1;1;1;1;1;1;1;1;1;1;1;1;1;1;1;1;1;1;1;1;1
50660000;1;08/1981;1;1;146.0;120.0;129.0;7;16;1;1;1;139.0;1;124.0;122.0;123.0;125.0;132.0;141.0;145.0;145.0;137.0;135.0;133.0;129.0;126.0;124.0;122.0;120.0;120.0;120.0;120.0;120.0;120.0;127.0;140.0;137.0;136.0;138.0;136.0;135.0;128.0;126.0;126.0;1;1;1;1;1;1;1;1;1;1;1;1;1;1;1;1;1;1;1;1;1;1;1;1;1;1;1;1;1;1;1
50660000;2;09/1981;1;1;128.0;112.0;119.4;3;29;1;1;1;0.0;0;125.0;125.0;128.0;128.0;126.0;126.0;126.0;124.0;124.0;122.0;122.0;121.0;120.0;120.0;118.0;118.0;118.0;118.0;116.0;118.0;116.0;116.0;115.0;114.0;114.0;114.0;113.0;113.0;112.0;112.0;;1;1;1;1;1;1;1;1;1;1;1;1;1;1;1;1;1;1;1;1;1;1;1;1;1;1;1;1;1;1;
50660000;1;09/1981;1;1;128.0;112.0;119.0;3;29;1;1;1;139.0;1;125.0;125.0;128.0;128.0;126.0;126.0;126.0;124.0;124.0;122.0;122.0;121.0;120.0;120.0;118.0;118.0;118.0;118.0;116.0;118.0;116.0;116.0;115.0;114.0;114.0;114.0;113.0;113.0;112.0;112.0;;1;1;1;1;1;1;1;1;1;1;1;1;1;1;1;1;1;1;1;1;1;1;1;1;1;1;1;1;1;1;0
50660000;2;10/1981;1;1;131.0;111.0;121.1935;8;30;1;1;1;0.0;0;112.0;112.0;130.0;130.0;130.0;130.0;130.0;131.0;131.0;130.0;128.0;128.0;128.0;128.0;127.0;127.0;125.0;123.0;122.0;121.0;114.0;114.0;112.0;112.0;112.0;112.0;112.0;112.0;112.0;111.0;111.0;1;1;1;1;1;1;1;1;1;1;1;1;1;1;1;1;1;1;1;1;1;1;1;1;1;1;1;1;1;1;1
50660000;1;10/1981;1;1;132.0;111.0;121.0;8;30;1;1;1;139.0;1;112.0;112.0;130.0;130.0;130.0;130.0;130.0;131.0;131.0;130.0;128.0;128.0;128.0;128.0;127.0;127.0;125.0;123.0;122.0;121.0;114.0;114.0;112.0;112.0;112.0;112.0;112.0;112.0;112.0;111.0;111.0;1;1;1;1;1;1;1;1;1;1;1;1;1;1;1;1;1;1;1;1;1;1;1;1;1;1;1;1;1;1;1
50660000;2;11/1981;1;1;151.0;112.0;124.6333;1;29;1;1;1;0.0;0;151.0;129.0;136.0;135.0;133.0;132.0;132.0;133.0;134.0;134.0;134.0;131.0;128.0;126.0;126.0;126.0;124.0;122.0;118.0;116.0;116.0;115.0;114.0;114.0;114.0;114.0;114.0;114.0;112.0;112.0;;1;1;1;1;1;1;1;1;1;1;1;1;1;1;1;1;1;1;1;1;1;1;1;1;1;1;1;1;1;1;
50660000;1;11/1981;1;1;172.0;112.0;125.0;1;29;1;1;1;139.0;1;151.0;129.0;136.0;135.0;133.0;132.0;132.0;133.0;134.0;134.0;134.0;131.0;128.0;126.0;126.0;126.0;124.0;122.0;118.0;116.0;116.0;115.0;114.0;114.0;114.0;114.0;114.0;114.0;112.0;112.0;;1;1;1;1;1;1;1;1;1;1;1;1;1;1;1;1;1;1;1;1;1;1;1;1;1;1;1;1;1;1;0
50660000;2;12/1981;1;1;112.0;104.0;109.4194;1;26;1;1;1;0.0;0;112.0;112.0;112.0;112.0;111.0;110.0;110.0;110.0;112.0;112.0;112.0;112.0;111.0;110.0;109.0;109.0;109.0;108.0;108.0;108.0;108.0;107.0;106.0;106.0;106.0;104.0;104.0;106.0;112.0;112.0;112.0;1;1;1;1;1;1;1;1;1;1;1;1;1;1;1;1;1;1;1;1;1;1;1;1;1;1;1;1;1;1;1
50660000;1;12/1981;1;1;112.0;104.0;109.0;1;26;1;1;1;139.0;1;112.0;112.0;112.0;112.0;111.0;110.0;110.0;110.0;112.0;112.0;112.0;112.0;111.0;110.0;109.0;109.0;109.0;108.0;108.0;108.0;108.0;107.0;106.0;106.0;106.0;104.0;104.0;106.0;112.0;112.0;112.0;1;1;1;1;1;1;1;1;1;1;1;1;1;1;1;1;1;1;1;1;1;1;1;1;1;1;1;1;1;1;1
50660000;2;01/1982;1;1;130.0;98.0;106.9677;4;29;1;1;1;0.0;0;112.0;113.0;120.0;130.0;121.0;116.0;115.0;113.0;112.0;111.0;109.0;108.0;108.0;107.0;106.0;103.0;102.0;102.0;102.0;102.0;102.0;102.0;102.0;102.0;102.0;100.0;100.0;100.0;98.0;98.0;98.0;1;1;1;1;1;1;1;1;1;1;1;1;1;1;1;1;1;1;1;1;1;1;1;1;1;1;1;1;1;1;1
50660000;1;01/1982;1;1;132.0;98.0;107.0;4;29;1;1;1;135.0;1;112.0;113.0;120.0;130.0;121.0;116.0;115.0;113.0;112.0;111.0;109.0;108.0;108.0;107.0;106.0;103.0;102.0;102.0;102.0;102.0;102.0;102.0;102.0;102.0;102.0;100.0;100.0;100.0;98.0;98.0;98.0;1;1;1;1;1;1;1;1;1;1;1;1;1;1;1;1;1;1;1;1;1;1;1;1;1;1;1;1;1;1;1
50660000;2;02/1982;1;1;132.0;94.0;113.1429;24;1;1;1;1;0.0;0;94.0;102.0;105.0;107.0;107.0;106.0;106.0;106.0;106.0;106.0;107.0;108.0;108.0;109.0;110.0;110.0;110.0;118.0;124.0;123.0;122.0;125.0;127.0;132.0;127.0;124.0;121.0;118.0;;;;1;1;1;1;1;1;1;1;1;1;1;1;1;1;1;1;1;1;1;1;1;1;1;1;1;1;1;1;;;
50660000;1;02/1982;1;1;132.0;94.0;113.0;24;1;1;1;1;135.0;1;94.0;102.0;105.0;107.0;107.0;106.0;106.0;106.0;106.0;106.0;107.0;108.0;108.0;109.0;110.0;110.0;110.0;118.0;124.0;123.0;122.0;125.0;127.0;132.0;127.0;124.0;121.0;118.0;;;;1;1;1;1;1;1;1;1;1;1;1;1;1;1;1;1;1;1;1;1;1;1;1;1;1;1;1;1;0;0;0
50660000;2;03/1982;1;1;118.0;92.0;99.0;1;27;1;1;1;0.0;0;118.0;114.0;112.0;110.0;111.0;107.0;103.0;100.0;102.0;101.0;101.0;99.0;98.0;98.0;96.0;96.0;96.0;95.0;94.0;94.0;94.0;94.0;94.0;94.0;94.0;94.0;92.0;92.0;92.0;92.0;92.0;1;1;1;1;1;1;1;1;1;1;1;1;1;1;1;1;1;1;1;1;1;1;1;1;1;1;1;1;1;1;1
50660000;1;03/1982;1;1;118.0;92.0;99.0;1;27;1;1;1;135.0;1;118.0;114.0;112.0;110.0;111.0;107.0;103.0;100.0;102.0;101.0;101.0;99.0;98.0;98.0;96.0;96.0;96.0;95.0;94.0;94.0;94.0;94.0;94.0;94.0;94.0;94.0;92.0;92.0;92.0;92.0;92.0;1;1;1;1;1;1;1;1;1;1;1;1;1;1;1;1;1;1;1;1;1;1;1;1;1;1;1;1;1;1;1
50660000;2;04/1982;1;1;181.0;92.0;120.4;29;1;1;1;1;0.0;0;92.0;92.0;92.0;92.0;93.0;94.0;92.0;92.0;92.0;93.0;96.0;98.0;105.0;115.0;122.0;125.0;129.0;132.0;134.0;136.0;145.0;144.0;137.0;135.0;140.0;132.0;147.0;155.0;181.0;180.0;;1;1;1;1;1;1;1;1;1;1;1;1;1;1;1;1;1;1;1;1;1;1;1;1;1;1;1;1;1;1;
50660000;1;04/1982;1;1;188.0;92.0;121.0;29;1;1;1;1;135.0;1;92.0;92.0;92.0;92.0;93.0;94.0;92.0;92.0;92.0;93.0;96.0;98.0;105.0;115.0;122.0;125.0;129.0;132.0;134.0;136.0;145.0;144.0;137.0;135.0;140.0;132.0;147.0;155.0;181.0;180.0;;1;1;1;1;1;1;1;1;1;1;1;1;1;1;1;1;1;1;1;1;1;1;1;1;1;1;1;1;1;1;0
50660000;2;05/1982;1;1;221.0;109.0;135.6774;31;26;1;1;1;0.0;0;176.0;173.0;166.0;162.0;157.0;153.0;146.0;145.0;139.0;127.0;122.0;117.0;119.0;119.0;120.0;120.0;119.0;122.0;122.0;119.0;118.0;116.0;113.0;112.0;110.0;109.0;115.0;125.0;143.0;181.0;221.0;1;1;1;1;1;1;1;1;1;1;1;1;1;1;1;1;1;1;1;1;1;1;1;1;1;1;1;1;1;1;1
50660000;1;05/1982;1;1;224.0;109.0;136.0;31;26;1;1;1;135.0;1;176.0;173.0;166.0;162.0;157.0;153.0;146.0;145.0;139.0;127.0;122.0;117.0;119.0;119.0;120.0;120.0;119.0;122.0;122.0;119.0;118.0;116.0;113.0;112.0;110.0;109.0;115.0;125.0;143.0;181.0;221.0;1;1;1;1;1;1;1;1;1;1;1;1;1;1;1;1;1;1;1;1;1;1;1;1;1;1;1;1;1;1;1
50660000;2;06/1982;1;1;366.0;141.0;258.20001;2;30;1;1;1;0.0;0;306.0;366.0;362.0;330.0;324.0;312.0;267.0;250.0;232.0;225.0;236.0;253.0;291.0;319.0;314.0;290.0;269.0;264.0;255.0;248.0;244.0;241.0;237.0;227.0;221.0;216.0;189.0;165.0;152.0;141.0;;1;1;1;1;1;1;1;1;1;1;1;1;1;1;1;1;1;1;1;1;1;1;1;1;1;1;1;1;1;1;
50660000;1;06/1982;1;1;386.0;141.0;258.0;2;30;1;1;1;135.0;1;306.0;366.0;362.0;330.0;324.0;312.0;267.0;250.0;232.0;225.0;236.0;253.0;291.0;319.0;314.0;290.0;269.0;264.0;255.0;248.0;244.0;241.0;237.0;227.0;221.0;216.0;189.0;165.0;152.0;141.0;;1;1;1;1;1;1;1;1;1;1;1;1;1;1;1;1;1;1;1;1;1;1;1;1;1;1;1;1;1;1;0
50660000;2;07/1982;1;1;167.0;134.0;143.2258;31;8;1;1;1;0.0;0;139.0;137.0;135.0;138.0;137.0;135.0;135.0;134.0;134.0;136.0;140.0;146.0;145.0;146.0;146.0;148.0;150.0;154.0;150.0;145.0;142.0;142.0;142.0;144.0;146.0;144.0;142.0;145.0;146.0;150.0;167.0;1;1;1;1;1;1;1;1;1;1;1;1;1;1;1;1;1;1;1;1;1;1;1;1;1;1;1;1;1;1;1
50660000;1;07/1982;1;1;168.0;134.0;143.0;31;8;1;1;1;135.0;1;139.0;137.0;135.0;138.0;137.0;135.0;135.0;134.0;134.0;136.0;140.0;146.0;145.0;146.0;146.0;148.0;150.0;154.0;150.0;145.0;142.0;142.0;142.0;144.0;146.0;144.0;142.0;145.0;146.0;150.0;167.0;1;1;1;1;1;1;1;1;1;1;1;1;1;1;1;1;1;1;1;1;1;1;1;1;1;1;1;1;1;1;1
50660000;1;08/1982;1;1;192.0;122.0;141.0;3;24;1;1;1;135.0;1;170.0;175.0;185.0;185.0;179.0;162.0;154.0;147.0;147.0;136.0;134.0;134.0;136.0;138.0;136.0;134.0;130.0;128.0;128.0;126.0;126.0;126.0;124.0;122.0;122.0;123.0;124.0;124.0;128.0;140.0;147.0;1;1;1;1;1;1;1;1;1;1;1;1;1;1;1;1;1;1;1;1;1;1;1;1;1;1;1;1;1;1;1
50660000;2;08/1982;1;1;185.0;122.0;140.9677;3;24;1;1;1;0.0;0;170.0;175.0;185.0;185.0;179.0;162.0;154.0;147.0;147.0;136.0;134.0;134.0;136.0;138.0;136.0;134.0;130.0;128.0;128.0;126.0;126.0;126.0;124.0;122.0;122.0;123.0;124.0;124.0;128.0;140.0;147.0;1;1;1;1;1;1;1;1;1;1;1;1;1;1;1;1;1;1;1;1;1;1;1;1;1;1;1;1;1;1;1
50660000;1;09/1982;1;1;186.0;123.0;140.0;11;21;1;1;1;135.0;1;146.0;144.0;144.0;144.0;144.0;147.0;137.0;139.0;152.0;163.0;184.0;162.0;141.0;138.0;136.0;135.0;129.0;127.0;126.0;126.0;123.0;132.0;134.0;130.0;126.0;123.0;125.0;139.0;141.0;147.0;;1;1;1;1;1;1;1;1;1;1;1;1;1;1;1;1;1;1;1;1;1;1;1;1;1;1;1;1;1;1;0
50660000;2;09/1982;1;1;184.0;123.0;139.46671;11;21;1;1;1;0.0;0;146.0;144.0;144.0;144.0;144.0;147.0;137.0;139.0;152.0;163.0;184.0;162.0;141.0;138.0;136.0;135.0;129.0;127.0;126.0;126.0;123.0;132.0;134.0;130.0;126.0;123.0;125.0;139.0;141.0;147.0;;1;1;1;1;1;1;1;1;1;1;1;1;1;1;1;1;1;1;1;1;1;1;1;1;1;1;1;1;1;1;
50660000;1;10/1982;1;1;156.0;116.0;128.0;3;16;1;1;1;135.0;1;151.0;153.0;155.0;151.0;147.0;145.0;140.0;134.0;124.0;122.0;120.0;118.0;118.0;118.0;117.0;116.0;116.0;122.0;127.0;129.0;124.0;118.0;116.0;117.0;120.0;122.0;124.0;126.0;126.0;128.0;128.0;1;1;1;1;1;1;1;1;1;1;1;1;1;1;1;1;1;1;1;1;1;1;1;1;1;1;1;1;1;1;1
50660000;2;10/1982;1;1;155.0;116.0;128.129;3;16;1;1;1;0.0;0;151.0;153.0;155.0;151.0;147.0;145.0;140.0;134.0;124.0;122.0;120.0;118.0;118.0;118.0;117.0;116.0;116.0;122.0;127.0;129.0;124.0;118.0;116.0;117.0;120.0;122.0;124.0;126.0;126.0;128.0;128.0;1;1;1;1;1;1;1;1;1;1;1;1;1;1;1;1;1;1;1;1;1;1;1;1;1;1;1;1;1;1;1
50660000;1;11/1982;1;1;134.0;114.0;125.0;6;30;1;1;1;135.0;1;128.0;130.0;132.0;132.0;132.0;131.0;131.0;130.0;130.0;128.0;128.0;128.0;127.0;126.0;126.0;126.0;126.0;126.0;126.0;124.0;124.0;124.0;121.0;121.0;118.0;118.0;116.0;116.0;116.0;114.0;;1;1;1;1;1;1;1;1;1;1;1;1;1;1;1;1;1;1;1;1;1;1;1;1;1;1;1;1;1;1;0
50660000;2;11/1982;1;1;132.0;114.0;125.1667;3;30;1;1;1;0.0;0;128.0;130.0;132.0;132.0;132.0;131.0;131.0;130.0;130.0;128.0;128.0;128.0;127.0;126.0;126.0;126.0;126.0;126.0;126.0;124.0;124.0;124.0;121.0;121.0;118.0;118.0;116.0;116.0;116.0;114.0;;1;1;1;1;1;1;1;1;1;1;1;1;1;1;1;1;1;1;1;1;1;1;1;1;1;1;1;1;1;1;
50660000;1;12/1982;1;1;118.0;111.0;113.0;10;19;1;1;1;135.0;1;114.0;114.0;114.0;115.0;115.0;116.0;116.0;116.0;117.0;118.0;116.0;115.0;114.0;114.0;113.0;112.0;112.0;112.0;111.0;111.0;111.0;112.0;112.0;111.0;111.0;112.0;112.0;112.0;112.0;112.0;113.0;1;1;1;1;1;1;1;1;1;1;1;1;1;1;1;1;1;1;1;1;1;1;1;1;1;1;1;1;1;1;1
50660000;2;12/1982;1;1;118.0;111.0;113.3871;10;19;1;1;1;0.0;0;114.0;114.0;114.0;115.0;115.0;116.0;116.0;116.0;117.0;118.0;116.0;115.0;114.0;114.0;113.0;112.0;112.0;112.0;111.0;111.0;111.0;112.0;112.0;111.0;111.0;112.0;112.0;112.0;112.0;112.0;113.0;1;1;1;1;1;1;1;1;1;1;1;1;1;1;1;1;1;1;1;1;1;1;1;1;1;1;1;1;1;1;1
50660000;1;01/1983;1;1;115.0;105.0;108.0;27;12;1;1;1;113.0;1;113.0;113.0;113.0;112.0;111.0;110.0;110.0;109.0;108.0;107.0;106.0;105.0;106.0;106.0;106.0;106.0;105.0;105.0;105.0;106.0;106.0;106.0;107.0;106.0;107.0;108.0;115.0;113.0;112.0;110.0;110.0;1;1;1;1;1;1;1;1;1;1;1;1;1;1;1;1;1;1;1;1;1;1;1;1;1;1;1;1;1;1;1
50660000;2;01/1983;1;1;115.0;105.0;108.4516;27;12;1;1;1;0.0;0;113.0;113.0;113.0;112.0;111.0;110.0;110.0;109.0;108.0;107.0;106.0;105.0;106.0;106.0;106.0;106.0;105.0;105.0;105.0;106.0;106.0;106.0;107.0;106.0;107.0;108.0;115.0;113.0;112.0;110.0;110.0;1;1;1;1;1;1;1;1;1;1;1;1;1;1;1;1;1;1;1;1;1;1;1;1;1;1;1;1;1;1;1
50660000;1;02/1983;1;1;161.0;102.0;115.0;6;26;1;1;1;113.0;1;110.0;114.0;113.0;113.0;114.0;143.0;121.0;118.0;136.0;142.0;137.0;122.0;128.0;127.0;121.0;115.0;111.0;107.0;105.0;104.0;104.0;104.0;104.0;103.0;103.0;102.0;102.0;102.0;;;;1;1;1;1;1;1;1;1;1;1;1;1;1;1;1;1;1;1;1;1;1;1;1;1;1;1;1;1;0;0;0
50660000;2;02/1983;1;1;143.0;102.0;115.1786;6;26;1;1;1;0.0;0;110.0;114.0;113.0;113.0;114.0;143.0;121.0;118.0;136.0;142.0;137.0;122.0;128.0;127.0;121.0;115.0;111.0;107.0;105.0;104.0;104.0;104.0;104.0;103.0;103.0;102.0;102.0;102.0;;;;1;1;1;1;1;1;1;1;1;1;1;1;1;1;1;1;1;1;1;1;1;1;1;1;1;1;1;1;;;
50660000;1;03/1983;1;1;146.0;97.0;111.0;30;21;1;1;1;113.0;1;100.0;100.0;100.0;98.0;98.0;98.0;101.0;140.0;128.0;118.0;115.0;123.0;110.0;108.0;105.0;102.0;102.0;100.0;100.0;99.0;97.0;97.0;97.0;101.0;105.0;112.0;125.0;131.0;141.0;144.0;139.0;1;1;1;1;1;1;1;1;1;1;1;1;1;1;1;1;1;1;1;1;1;1;1;1;1;1;1;1;1;1;1
50660000;2;03/1983;1;1;144.0;97.0;110.7742;30;21;1;1;1;0.0;0;100.0;100.0;100.0;98.0;98.0;98.0;101.0;140.0;128.0;118.0;115.0;123.0;110.0;108.0;105.0;102.0;102.0;100.0;100.0;99.0;97.0;97.0;97.0;101.0;105.0;112.0;125.0;131.0;141.0;144.0;139.0;1;1;1;1;1;1;1;1;1;1;1;1;1;1;1;1;1;1;1;1;1;1;1;1;1;1;1;1;1;1;1
50660000;1;04/1983;1;1;228.0;108.0;135.0;4;27;1;1;1;113.0;1;140.0;161.0;192.0;224.0;191.0;171.0;164.0;172.0;166.0;148.0;139.0;129.0;126.0;123.0;121.0;118.0;113.0;111.0;113.0;113.0;115.0;117.0;116.0;113.0;111.0;109.0;108.0;109.0;110.0;110.0;;1;1;1;1;1;1;1;1;1;1;1;1;1;1;1;1;1;1;1;1;1;1;1;1;1;1;1;1;1;1;0
50660000;2;04/1983;1;1;224.0;108.0;135.10001;4;27;1;1;1;0.0;0;140.0;161.0;192.0;224.0;191.0;171.0;164.0;172.0;166.0;148.0;139.0;129.0;126.0;123.0;121.0;118.0;113.0;111.0;113.0;113.0;115.0;117.0;116.0;113.0;111.0;109.0;108.0;109.0;110.0;110.0;;1;1;1;1;1;1;1;1;1;1;1;1;1;1;1;1;1;1;1;1;1;1;1;1;1;1;1;1;1;1;
50660000;1;05/1983;1;1;112.0;102.0;107.0;9;30;1;1;1;113.0;1;109.0;108.0;108.0;104.0;107.0;104.0;105.0;105.0;112.0;110.0;109.0;108.0;107.0;107.0;109.0;110.0;109.0;108.0;110.0;109.0;109.0;107.0;107.0;107.0;107.0;106.0;105.0;104.0;103.0;102.0;102.0;1;1;1;1;1;1;1;1;1;1;1;1;1;1;1;1;1;1;1;1;1;1;1;1;1;1;1;1;1;1;1
50660000;2;05/1983;1;1;112.0;102.0;107.0;9;30;1;1;1;0.0;0;109.0;108.0;108.0;104.0;107.0;104.0;105.0;105.0;112.0;110.0;109.0;108.0;107.0;107.0;109.0;110.0;109.0;108.0;110.0;109.0;109.0;107.0;107.0;107.0;107.0;106.0;105.0;104.0;103.0;102.0;102.0;1;1;1;1;1;1;1;1;1;1;1;1;1;1;1;1;1;1;1;1;1;1;1;1;1;1;1;1;1;1;1
50660000;1;06/1983;1;1;173.0;97.0;111.0;21;13;1;1;1;113.0;1;101.0;101.0;100.0;100.0;100.0;100.0;99.0;99.0;98.0;98.0;98.0;98.0;97.0;98.0;99.0;98.0;98.0;99.0;110.0;121.0;172.0;162.0;154.0;133.0;122.0;118.0;116.0;113.0;110.0;109.0;;1;1;1;1;1;1;1;1;1;1;1;1;1;1;1;1;1;1;1;1;1;1;1;1;1;1;1;1;1;1;0
50660000;2;06/1983;1;1;172.0;97.0;110.7;21;13;1;1;1;0.0;0;101.0;101.0;100.0;100.0;100.0;100.0;99.0;99.0;98.0;98.0;98.0;98.0;97.0;98.0;99.0;98.0;98.0;99.0;110.0;121.0;172.0;162.0;154.0;133.0;122.0;118.0;116.0;113.0;110.0;109.0;;1;1;1;1;1;1;1;1;1;1;1;1;1;1;1;1;1;1;1;1;1;1;1;1;1;1;1;1;1;1;
50660000;1;07/1983;1;1;147.0;101.0;117.0;31;4;1;1;1;113.0;1;107.0;105.0;102.0;101.0;104.0;107.0;110.0;114.0;125.0;130.0;136.0;129.0;127.0;122.0;124.0;126.0;123.0;121.0;118.0;113.0;111.0;109.0;108.0;106.0;105.0;104.0;104.0;115.0;126.0;134.0;146.0;1;1;1;1;1;1;1;1;1;1;1;1;1;1;1;1;1;1;1;1;1;1;1;1;1;1;1;1;1;1;1
50660000;2;07/1983;1;1;146.0;101.0;116.5161;31;4;1;1;1;0.0;0;107.0;105.0;102.0;101.0;104.0;107.0;110.0;114.0;125.0;130.0;136.0;129.0;127.0;122.0;124.0;126.0;123.0;121.0;118.0;113.0;111.0;109.0;108.0;106.0;105.0;104.0;104.0;115.0;126.0;134.0;146.0;1;1;1;1;1;1;1;1;1;1;1;1;1;1;1;1;1;1;1;1;1;1;1;1;1;1;1;1;1;1;1
50660000;1;08/1983;1;1;182.0;119.0;141.0;8;21;1;1;1;113.0;1;154.0;148.0;137.0;128.0;133.0;139.0;165.0;182.0;170.0;151.0;143.0;160.0;164.0;157.0;146.0;147.0;138.0;131.0;127.0;124.0;119.0;123.0;126.0;125.0;128.0;132.0;134.0;138.0;136.0;131.0;125.0;1;1;1;1;1;1;1;1;1;1;1;1;1;1;1;1;1;1;1;1;1;1;1;1;1;1;1;1;1;1;1
50660000;2;08/1983;1;1;182.0;119.0;140.6774;8;21;1;1;1;0.0;0;154.0;148.0;137.0;128.0;133.0;139.0;165.0;182.0;170.0;151.0;143.0;160.0;164.0;157.0;146.0;147.0;138.0;131.0;127.0;124.0;119.0;123.0;126.0;125.0;128.0;132.0;134.0;138.0;136.0;131.0;125.0;1;1;1;1;1;1;1;1;1;1;1;1;1;1;1;1;1;1;1;1;1;1;1;1;1;1;1;1;1;1;1
50660000;1;09/1983;1;1;122.0;96.0;107.0;1;29;1;1;1;113.0;1;121.0;117.0;115.0;114.0;110.0;109.0;111.0;112.0;110.0;112.0;111.0;109.0;108.0;109.0;108.0;107.0;105.0;104.0;104.0;102.0;102.0;102.0;101.0;101.0;101.0;101.0;99.0;97.0;96.0;96.0;;1;1;1;1;1;1;1;1;1;1;1;1;1;1;1;1;1;1;1;1;1;1;1;1;1;1;1;1;1;1;0
50660000;2;09/1983;1;1;121.0;96.0;106.4667;1;29;1;1;1;0.0;0;121.0;117.0;115.0;114.0;110.0;109.0;111.0;112.0;110.0;112.0;111.0;109.0;108.0;109.0;108.0;107.0;105.0;104.0;104.0;102.0;102.0;102.0;101.0;101.0;101.0;101.0;99.0;97.0;96.0;96.0;;1;1;1;1;1;1;1;1;1;1;1;1;1;1;1;1;1;1;1;1;1;1;1;1;1;1;1;1;1;1;
50660000;1;10/1983;1;1;107.0;94.0;100.0;4;22;1;1;1;113.0;1;97.0;100.0;105.0;107.0;107.0;107.0;106.0;106.0;105.0;104.0;104.0;102.0;102.0;100.0;100.0;99.0;98.0;97.0;97.0;96.0;95.0;94.0;94.0;94.0;95.0;97.0;99.0;98.0;104.0;101.0;98.0;1;1;1;1;1;1;1;1;1;1;1;1;1;1;1;1;1;1;1;1;1;1;1;1;1;1;1;1;1;1;1
50660000;2;10/1983;1;1;107.0;94.0;100.2581;4;22;1;1;1;0.0;0;97.0;100.0;105.0;107.0;107.0;107.0;106.0;106.0;105.0;104.0;104.0;102.0;102.0;100.0;100.0;99.0;98.0;97.0;97.0;96.0;95.0;94.0;94.0;94.0;95.0;97.0;99.0;98.0;104.0;101.0;98.0;1;1;1;1;1;1;1;1;1;1;1;1;1;1;1;1;1;1;1;1;1;1;1;1;1;1;1;1;1;1;1
50660000;1;11/1983;1;1;124.0;92.0;99.0;30;25;1;1;1;113.0;1;99.0;98.0;98.0;98.0;98.0;97.0;97.0;97.0;97.0;101.0;102.0;102.0;104.0;102.0;101.0;100.0;98.0;97.0;97.0;96.0;95.0;94.0;93.0;93.0;92.0;93.0;94.0;105.0;121.0;122.0;;1;1;1;1;1;1;1;1;1;1;1;1;1;1;1;1;1;1;1;1;1;1;1;1;1;1;1;1;1;1;0
50660000;2;11/1983;1;1;122.0;92.0;99.366699;30;25;1;1;1;0.0;0;99.0;98.0;98.0;98.0;98.0;97.0;97.0;97.0;97.0;101.0;102.0;102.0;104.0;102.0;101.0;100.0;98.0;97.0;97.0;96.0;95.0;94.0;93.0;93.0;92.0;93.0;94.0;105.0;121.0;122.0;;1;1;1;1;1;1;1;1;1;1;1;1;1;1;1;1;1;1;1;1;1;1;1;1;1;1;1;1;1;1;
50660000;1;12/1983;1;1;162.0;92.0;102.0;1;20;1;1;1;113.0;1;155.0;122.0;119.0;114.0;113.0;122.0;110.0;107.0;102.0;101.0;100.0;98.0;98.0;96.0;96.0;95.0;95.0;94.0;94.0;92.0;92.0;92.0;92.0;92.0;92.0;92.0;92.0;95.0;97.0;97.0;98.0;1;1;1;1;1;1;1;1;1;1;1;1;1;1;1;1;1;1;1;1;1;1;1;1;1;1;1;1;1;1;1
50660000;2;12/1983;1;1;155.0;92.0;101.7419;1;20;1;1;1;0.0;0;155.0;122.0;119.0;114.0;113.0;122.0;110.0;107.0;102.0;101.0;100.0;98.0;98.0;96.0;96.0;95.0;95.0;94.0;94.0;92.0;92.0;92.0;92.0;92.0;92.0;92.0;92.0;95.0;97.0;97.0;98.0;1;1;1;1;1;1;1;1;1;1;1;1;1;1;1;1;1;1;1;1;1;1;1;1;1;1;1;1;1;1;1
50660000;1;01/1984;1;1;99.0;85.0;91.0;3;31;1;1;1;122.0;1;98.0;97.0;99.0;98.0;97.0;95.0;95.0;95.0;96.0;95.0;94.0;93.0;93.0;92.0;92.0;91.0;91.0;91.0;91.0;89.0;87.0;86.0;86.0;86.0;87.0;87.0;86.0;86.0;86.0;86.0;85.0;1;1;1;1;1;1;1;1;1;1;1;1;1;1;1;1;1;1;1;1;1;1;1;1;1;1;1;1;1;1;1
50660000;2;01/1984;1;1;99.0;85.0;91.290298;3;31;1;1;1;0.0;0;98.0;97.0;99.0;98.0;97.0;95.0;95.0;95.0;96.0;95.0;94.0;93.0;93.0;92.0;92.0;91.0;91.0;91.0;91.0;89.0;87.0;86.0;86.0;86.0;87.0;87.0;86.0;86.0;86.0;86.0;85.0;1;1;1;1;1;1;1;1;1;1;1;1;1;1;1;1;1;1;1;1;1;1;1;1;1;1;1;1;1;1;1
50660000;1;02/1984;1;1;94.0;81.0;84.0;4;24;1;1;1;122.0;1;85.0;85.0;89.0;94.0;91.0;89.0;88.0;88.0;87.0;85.0;85.0;85.0;85.0;82.0;82.0;82.0;82.0;82.0;82.0;82.0;82.0;82.0;82.0;81.0;81.0;82.0;82.0;82.0;82.0;;;1;1;1;1;1;1;1;1;1;1;1;1;1;1;1;1;1;1;1;1;1;1;1;1;1;1;1;1;1;0;0
50660000;2;02/1984;1;1;94.0;81.0;84.344803;4;24;1;1;1;0.0;0;85.0;85.0;89.0;94.0;91.0;89.0;88.0;88.0;87.0;85.0;85.0;85.0;85.0;82.0;82.0;82.0;82.0;82.0;82.0;82.0;82.0;82.0;82.0;81.0;81.0;82.0;82.0;82.0;82.0;;;1;1;1;1;1;1;1;1;1;1;1;1;1;1;1;1;1;1;1;1;1;1;1;1;1;1;1;1;1;;
50660000;1;03/1984;1;1;124.0;81.0;93.0;26;8;1;1;1;122.0;1;82.0;83.0;83.0;82.0;82.0;82.0;82.0;81.0;81.0;81.0;81.0;82.0;82.0;83.0;83.0;84.0;85.0;88.0;91.0;94.0;93.0;92.0;92.0;97.0;109.0;122.0;121.0;118.0;118.0;119.0;122.0;1;1;1;1;1;1;1;1;1;1;1;1;1;1;1;1;1;1;1;1;1;1;1;1;1;1;1;1;1;1;1
50660000;2;03/1984;1;1;122.0;81.0;92.741898;26;8;1;1;1;0.0;0;82.0;83.0;83.0;82.0;82.0;82.0;82.0;81.0;81.0;81.0;81.0;82.0;82.0;83.0;83.0;84.0;85.0;88.0;91.0;94.0;93.0;92.0;92.0;97.0;109.0;122.0;121.0;118.0;118.0;119.0;122.0;1;1;1;1;1;1;1;1;1;1;1;1;1;1;1;1;1;1;1;1;1;1;1;1;1;1;1;1;1;1;1
50660000;1;04/1984;1;1;297.0;110.0;187.0;23;6;1;1;1;122.0;1;124.0;165.0;149.0;146.0;120.0;110.0;112.0;113.0;115.0;129.0;135.0;136.0;178.0;234.0;234.0;250.0;253.0;255.0;260.0;273.0;277.0;287.0;295.0;185.0;204.0;196.0;181.0;176.0;165.0;150.0;;1;1;1;1;1;1;1;1;1;1;1;1;1;1;1;1;1;1;1;1;1;1;1;1;1;1;1;1;1;1;0
50660000;2;04/1984;1;1;295.0;110.0;186.89999;23;6;1;1;1;0.0;0;124.0;165.0;149.0;146.0;120.0;110.0;112.0;113.0;115.0;129.0;135.0;136.0;178.0;234.0;234.0;250.0;253.0;255.0;260.0;273.0;277.0;287.0;295.0;185.0;204.0;196.0;181.0;176.0;165.0;150.0;;1;1;1;1;1;1;1;1;1;1;1;1;1;1;1;1;1;1;1;1;1;1;1;1;1;1;1;1;1;1;
50660000;1;05/1984;1;1;209.0;127.0;151.0;18;29;1;1;1;122.0;1;144.0;146.0;146.0;147.0;147.0;146.0;145.0;148.0;155.0;156.0;155.0;158.0;163.0;166.0;168.0;176.0;202.0;205.0;164.0;150.0;154.0;148.0;144.0;135.0;131.0;142.0;134.0;128.0;127.0;131.0;134.0;1;1;1;1;1;1;1;1;1;1;1;1;1;1;1;1;1;1;1;1;1;1;1;1;1;1;1;1;1;1;1
50660000;2;05/1984;1;1;205.0;127.0;151.4516;18;29;1;1;1;0.0;0;144.0;146.0;146.0;147.0;147.0;146.0;145.0;148.0;155.0;156.0;155.0;158.0;163.0;166.0;168.0;176.0;202.0;205.0;164.0;150.0;154.0;148.0;144.0;135.0;131.0;142.0;134.0;128.0;127.0;131.0;134.0;1;1;1;1;1;1;1;1;1;1;1;1;1;1;1;1;1;1;1;1;1;1;1;1;1;1;1;1;1;1;1
50660000;1;06/1984;1;1;201.0;122.0;146.0;6;13;1;1;1;122.0;1;132.0;136.0;144.0;154.0;164.0;201.0;184.0;170.0;152.0;125.0;123.0;123.0;122.0;122.0;122.0;124.0;126.0;128.0;125.0;122.0;126.0;128.0;139.0;167.0;185.0;175.0;175.0;169.0;165.0;154.0;;1;1;1;1;1;1;1;1;1;1;1;1;1;1;1;1;1;1;1;1;1;1;1;1;1;1;1;1;1;1;0
50660000;2;06/1984;1;1;201.0;122.0;146.0667;6;13;1;1;1;0.0;0;132.0;136.0;144.0;154.0;164.0;201.0;184.0;170.0;152.0;125.0;123.0;123.0;122.0;122.0;122.0;124.0;126.0;128.0;125.0;122.0;126.0;128.0;139.0;167.0;185.0;175.0;175.0;169.0;165.0;154.0;;1;1;1;1;1;1;1;1;1;1;1;1;1;1;1;1;1;1;1;1;1;1;1;1;1;1;1;1;1;1;
50660000;1;07/1984;1;1;152.0;117.0;126.0;1;7;1;1;1;122.0;1;150.0;144.0;132.0;125.0;120.0;119.0;117.0;117.0;119.0;126.0;122.0;123.0;123.0;126.0;127.0;127.0;124.0;121.0;119.0;119.0;124.0;126.0;129.0;140.0;136.0;135.0;128.0;125.0;126.0;126.0;124.0;1;1;1;1;1;1;1;1;1;1;1;1;1;1;1;1;1;1;1;1;1;1;1;1;1;1;1;1;1;1;1
50660000;2;07/1984;1;1;150.0;117.0;126.4194;1;7;1;1;1;0.0;0;150.0;144.0;132.0;125.0;120.0;119.0;117.0;117.0;119.0;126.0;122.0;123.0;123.0;126.0;127.0;127.0;124.0;121.0;119.0;119.0;124.0;126.0;129.0;140.0;136.0;135.0;128.0;125.0;126.0;126.0;124.0;1;1;1;1;1;1;1;1;1;1;1;1;1;1;1;1;1;1;1;1;1;1;1;1;1;1;1;1;1;1;1
50660000;2;08/1984;1;1;135.0;110.0;119.3871;3;31;1;1;1;0.0;0;127.0;130.0;135.0;127.0;123.0;118.0;117.0;116.0;115.0;116.0;118.0;119.0;118.0;119.0;118.0;118.0;115.0;114.0;117.0;121.0;128.0;125.0;123.0;124.0;119.0;117.0;116.0;114.0;113.0;111.0;110.0;1;1;1;1;1;1;1;1;1;1;1;1;1;1;1;1;1;1;1;1;1;1;1;1;1;1;1;1;1;1;1
50660000;1;08/1984;1;1;136.0;110.0;119.0;3;31;1;1;1;122.0;1;127.0;130.0;135.0;127.0;123.0;118.0;117.0;116.0;115.0;116.0;118.0;119.0;118.0;119.0;118.0;118.0;115.0;114.0;117.0;121.0;128.0;125.0;123.0;124.0;119.0;117.0;116.0;114.0;113.0;111.0;110.0;1;1;1;1;1;1;1;1;1;1;1;1;1;1;1;1;1;1;1;1;1;1;1;1;1;1;1;1;1;1;1
50660000;2;09/1984;1;1;287.0;113.0;159.26669;8;1;1;1;1;0.0;0;113.0;144.0;158.0;171.0;266.0;283.0;264.0;287.0;254.0;220.0;192.0;171.0;159.0;147.0;131.0;125.0;125.0;124.0;121.0;120.0;119.0;120.0;120.0;121.0;123.0;126.0;124.0;119.0;117.0;114.0;;1;1;1;1;1;1;1;1;1;1;1;1;1;1;1;1;1;1;1;1;1;1;1;1;1;1;1;1;1;1;
50660000;1;09/1984;1;1;312.0;113.0;159.0;8;1;1;1;1;122.0;1;113.0;144.0;158.0;171.0;266.0;283.0;264.0;287.0;254.0;220.0;192.0;171.0;159.0;147.0;131.0;125.0;125.0;124.0;121.0;120.0;119.0;120.0;120.0;121.0;123.0;126.0;124.0;119.0;117.0;114.0;;1;1;1;1;1;1;1;1;1;1;1;1;1;1;1;1;1;1;1;1;1;1;1;1;1;1;1;1;1;1;0
50660000;2;10/1984;1;1;120.0;100.0;110.0;8;23;1;1;1;0.0;0;114.0;114.0;112.0;115.0;116.0;118.0;118.0;120.0;118.0;116.0;114.0;113.0;111.0;110.0;110.0;109.0;108.0;108.0;107.0;106.0;105.0;104.0;100.0;102.0;101.0;103.0;106.0;109.0;107.0;108.0;108.0;1;1;1;1;1;1;1;1;1;1;1;1;1;1;1;1;1;1;1;1;1;1;1;1;1;1;1;1;1;1;1
50660000;1;10/1984;1;1;120.0;100.0;110.0;8;23;1;1;1;122.0;1;114.0;114.0;112.0;115.0;116.0;118.0;118.0;120.0;118.0;116.0;114.0;113.0;111.0;110.0;110.0;109.0;108.0;108.0;107.0;106.0;105.0;104.0;100.0;102.0;101.0;103.0;106.0;109.0;107.0;108.0;108.0;1;1;1;1;1;1;1;1;1;1;1;1;1;1;1;1;1;1;1;1;1;1;1;1;1;1;1;1;1;1;1
50660000;1;11/1984;1;1;128.0;99.0;109.0;19;30;1;1;1;122.0;1;109.0;109.0;108.0;107.0;107.0;106.0;106.0;106.0;104.0;103.0;102.0;102.0;102.0;101.0;101.0;109.0;114.0;125.0;128.0;126.0;124.0;121.0;115.0;109.0;105.0;104.0;102.0;102.0;100.0;99.0;;1;1;1;1;1;1;1;1;1;1;1;1;1;1;1;1;1;1;1;1;1;1;1;1;1;1;1;1;1;1;0
50660000;2;11/1984;1;1;128.0;99.0;108.5333;19;30;1;1;1;0.0;0;109.0;109.0;108.0;107.0;107.0;106.0;106.0;106.0;104.0;103.0;102.0;102.0;102.0;101.0;101.0;109.0;114.0;125.0;128.0;126.0;124.0;121.0;115.0;109.0;105.0;104.0;102.0;102.0;100.0;99.0;;1;1;1;1;1;1;1;1;1;1;1;1;1;1;1;1;1;1;1;1;1;1;1;1;1;1;1;1;1;1;
50660000;1;12/1984;1;1;98.0;90.0;93.0;1;22;1;1;1;122.0;1;98.0;97.0;97.0;96.0;96.0;96.0;96.0;95.0;94.0;94.0;94.0;93.0;93.0;92.0;92.0;92.0;91.0;91.0;91.0;91.0;91.0;90.0;90.0;90.0;94.0;95.0;95.0;93.0;92.0;92.0;92.0;1;1;1;1;1;1;1;1;1;1;1;1;1;1;1;1;1;1;1;1;1;1;1;1;1;1;1;1;1;1;1
50660000;2;12/1984;1;1;98.0;90.0;93.322601;1;22;1;1;1;0.0;0;98.0;97.0;97.0;96.0;96.0;96.0;96.0;95.0;94.0;94.0;94.0;93.0;93.0;92.0;92.0;92.0;91.0;91.0;91.0;91.0;91.0;90.0;90.0;90.0;94.0;95.0;95.0;93.0;92.0;92.0;92.0;1;1;1;1;1;1;1;1;1;1;1;1;1;1;1;1;1;1;1;1;1;1;1;1;1;1;1;1;1;1;1
50660000;1;01/1985;1;1;136.0;90.0;100.0;19;1;1;1;1;185.0;1;90.0;99.0;91.0;92.0;93.0;95.0;97.0;95.0;93.0;92.0;94.0;98.0;99.0;97.0;96.0;96.0;103.0;123.0;136.0;125.0;106.0;101.0;98.0;98.0;98.0;98.0;102.0;106.0;100.0;98.0;97.0;1;1;1;1;1;1;1;1;1;1;1;1;1;1;1;1;1;1;1;1;1;1;1;1;1;1;1;1;1;1;1
50660000;2;01/1985;1;1;136.0;90.0;100.1935;19;1;1;1;1;0.0;0;90.0;99.0;91.0;92.0;93.0;95.0;97.0;95.0;93.0;92.0;94.0;98.0;99.0;97.0;96.0;96.0;103.0;123.0;136.0;125.0;106.0;101.0;98.0;98.0;98.0;98.0;102.0;106.0;100.0;98.0;97.0;1;1;1;1;1;1;1;1;1;1;1;1;1;1;1;1;1;1;1;1;1;1;1;1;1;1;1;1;1;1;1
50660000;1;02/1985;1;1;184.0;93.0;118.0;23;7;1;1;1;185.0;1;96.0;96.0;94.0;94.0;94.0;94.0;93.0;93.0;93.0;95.0;96.0;97.0;98.0;103.0;115.0;121.0;119.0;121.0;122.0;128.0;158.0;170.0;184.0;178.0;157.0;143.0;124.0;118.0;;;;1;1;1;1;1;1;1;1;1;1;1;1;1;1;1;1;1;1;1;1;1;1;1;1;1;1;1;1;0;0;0
50660000;2;02/1985;1;1;184.0;93.0;117.6429;23;7;1;1;1;0.0;0;96.0;96.0;94.0;94.0;94.0;94.0;93.0;93.0;93.0;95.0;96.0;97.0;98.0;103.0;115.0;121.0;119.0;121.0;122.0;128.0;158.0;170.0;184.0;178.0;157.0;143.0;124.0;118.0;;;;1;1;1;1;1;1;1;1;1;1;1;1;1;1;1;1;1;1;1;1;1;1;1;1;1;1;1;1;;;
50660000;1;03/1985;1;1;129.0;101.0;114.0;6;31;1;1;1;185.0;1;116.0;119.0;128.0;122.0;125.0;129.0;127.0;124.0;121.0;118.0;115.0;110.0;106.0;104.0;107.0;114.0;119.0;117.0;113.0;111.0;108.0;111.0;115.0;120.0;116.0;109.0;107.0;106.0;104.0;104.0;101.0;1;1;1;1;1;1;1;1;1;1;1;1;1;1;1;1;1;1;1;1;1;1;1;1;1;1;1;1;1;1;1
50660000;2;03/1985;1;1;129.0;101.0;114.3871;6;31;1;1;1;0.0;0;116.0;119.0;128.0;122.0;125.0;129.0;127.0;124.0;121.0;118.0;115.0;110.0;106.0;104.0;107.0;114.0;119.0;117.0;113.0;111.0;108.0;111.0;115.0;120.0;116.0;109.0;107.0;106.0;104.0;104.0;101.0;1;1;1;1;1;1;1;1;1;1;1;1;1;1;1;1;1;1;1;1;1;1;1;1;1;1;1;1;1;1;1
50660000;1;04/1985;1;1;445.0;100.0;179.0;27;1;1;1;1;185.0;1;100.0;102.0;105.0;106.0;120.0;119.0;119.0;118.0;117.0;124.0;143.0;151.0;171.0;177.0;179.0;164.0;152.0;144.0;127.0;123.0;117.0;117.0;121.0;147.0;219.0;270.0;445.0;397.0;442.0;431.0;;1;1;1;1;1;1;1;1;1;1;1;1;1;1;1;1;1;1;1;1;1;1;1;1;1;1;1;1;1;1;0
50660000;2;04/1985;1;1;445.0;100.0;178.89999;27;1;1;1;1;0.0;0;100.0;102.0;105.0;106.0;120.0;119.0;119.0;118.0;117.0;124.0;143.0;151.0;171.0;177.0;179.0;164.0;152.0;144.0;127.0;123.0;117.0;117.0;121.0;147.0;219.0;270.0;445.0;397.0;442.0;431.0;;1;1;1;1;1;1;1;1;1;1;1;1;1;1;1;1;1;1;1;1;1;1;1;1;1;1;1;1;1;1;
50660000;1;05/1985;1;1;398.0;135.0;240.0;1;22;1;1;1;185.0;1;398.0;348.0;277.0;243.0;233.0;225.0;253.0;349.0;367.0;355.0;336.0;330.0;315.0;200.0;176.0;160.0;156.0;147.0;143.0;139.0;136.0;135.0;148.0;159.0;179.0;219.0;228.0;252.0;293.0;288.0;248.0;1;1;1;1;1;1;1;1;1;1;1;1;1;1;1;1;1;1;1;1;1;1;1;1;1;1;1;1;1;1;1
50660000;2;05/1985;1;1;398.0;135.0;239.8387;1;22;1;1;1;0.0;0;398.0;348.0;277.0;243.0;233.0;225.0;253.0;349.0;367.0;355.0;336.0;330.0;315.0;200.0;176.0;160.0;156.0;147.0;143.0;139.0;136.0;135.0;148.0;159.0;179.0;219.0;228.0;252.0;293.0;288.0;248.0;1;1;1;1;1;1;1;1;1;1;1;1;1;1;1;1;1;1;1;1;1;1;1;1;1;1;1;1;1;1;1
50660000;1;06/1985;1;1;379.0;195.0;265.0;20;30;1;1;1;185.0;1;237.0;230.0;244.0;251.0;265.0;254.0;212.0;221.0;251.0;277.0;299.0;280.0;272.0;260.0;239.0;207.0;236.0;298.0;330.0;379.0;372.0;355.0;301.0;263.0;257.0;250.0;246.0;244.0;226.0;195.0;;1;1;1;1;1;1;1;1;1;1;1;1;1;1;1;1;1;1;1;1;1;1;1;1;1;1;1;1;1;1;0
50660000;2;06/1985;1;1;379.0;195.0;265.03329;20;30;1;1;1;0.0;0;237.0;230.0;244.0;251.0;265.0;254.0;212.0;221.0;251.0;277.0;299.0;280.0;272.0;260.0;239.0;207.0;236.0;298.0;330.0;379.0;372.0;355.0;301.0;263.0;257.0;250.0;246.0;244.0;226.0;195.0;;1;1;1;1;1;1;1;1;1;1;1;1;1;1;1;1;1;1;1;1;1;1;1;1;1;1;1;1;1;1;
50660000;1;07/1985;1;1;470.0;177.0;297.0;19;2;1;1;1;185.0;1;180.0;177.0;177.0;191.0;197.0;221.0;195.0;191.0;215.0;264.0;292.0;345.0;355.0;347.0;320.0;326.0;330.0;400.0;470.0;467.0;422.0;380.0;374.0;364.0;357.0;354.0;335.0;286.0;240.0;219.0;205.0;1;1;1;1;1;1;1;1;1;1;1;1;1;1;1;1;1;1;1;1;1;1;1;1;1;1;1;1;1;1;1
50660000;2;07/1985;1;1;470.0;177.0;296.6452;19;2;1;1;1;0.0;0;180.0;177.0;177.0;191.0;197.0;221.0;195.0;191.0;215.0;264.0;292.0;345.0;355.0;347.0;320.0;326.0;330.0;400.0;470.0;467.0;422.0;380.0;374.0;364.0;357.0;354.0;335.0;286.0;240.0;219.0;205.0;1;1;1;1;1;1;1;1;1;1;1;1;1;1;1;1;1;1;1;1;1;1;1;1;1;1;1;1;1;1;1
50660000;1;08/1985;1;1;382.0;159.0;232.0;20;17;1;1;1;185.0;1;195.0;187.0;181.0;189.0;203.0;248.0;281.0;280.0;276.0;244.0;225.0;208.0;194.0;184.0;177.0;172.0;159.0;240.0;356.0;382.0;361.0;335.0;276.0;264.0;252.0;223.0;197.0;187.0;183.0;175.0;167.0;1;1;1;1;1;1;1;1;1;1;1;1;1;1;1;1;1;1;1;1;1;1;1;1;1;1;1;1;1;1;1
50660000;2;08/1985;1;1;382.0;159.0;232.2903;20;17;1;1;1;0.0;0;195.0;187.0;181.0;189.0;203.0;248.0;281.0;280.0;276.0;244.0;225.0;208.0;194.0;184.0;177.0;172.0;159.0;240.0;356.0;382.0;361.0;335.0;276.0;264.0;252.0;223.0;197.0;187.0;183.0;175.0;167.0;1;1;1;1;1;1;1;1;1;1;1;1;1;1;1;1;1;1;1;1;1;1;1;1;1;1;1;1;1;1;1
50660000;1;09/1985;1;1;173.0;134.0;153.0;18;30;1;1;1;185.0;1;163.0;159.0;156.0;158.0;160.0;164.0;161.0;157.0;155.0;154.0;155.0;151.0;147.0;150.0;157.0;165.0;168.0;173.0;171.0;167.0;155.0;144.0;138.0;137.0;136.0;136.0;136.0;136.0;135.0;134.0;;1;1;1;1;1;1;1;1;1;1;1;1;1;1;1;1;1;1;1;1;1;1;1;1;1;1;1;1;1;1;0
50660000;2;09/1985;1;1;173.0;134.0;152.60001;18;30;1;1;1;0.0;0;163.0;159.0;156.0;158.0;160.0;164.0;161.0;157.0;155.0;154.0;155.0;151.0;147.0;150.0;157.0;165.0;168.0;173.0;171.0;167.0;155.0;144.0;138.0;137.0;136.0;136.0;136.0;136.0;135.0;134.0;;1;1;1;1;1;1;1;1;1;1;1;1;1;1;1;1;1;1;1;1;1;1;1;1;1;1;1;1;1;1;
50660000;2;10/1985;1;1;168.0;130.0;143.2581;13;31;1;1;1;0.0;0;134.0;134.0;135.0;135.0;135.0;135.0;134.0;134.0;134.0;145.0;154.0;160.0;168.0;168.0;155.0;150.0;147.0;160.0;155.0;150.0;146.0;144.0;142.0;137.0;136.0;138.0;139.0;137.0;136.0;134.0;130.0;1;1;1;1;1;1;1;1;1;1;1;1;1;1;1;1;1;1;1;1;1;1;1;1;1;1;1;1;1;1;1
50660000;1;10/1985;1;1;168.0;130.0;143.0;13;31;1;1;1;185.0;1;134.0;134.0;135.0;135.0;135.0;135.0;134.0;134.0;134.0;145.0;154.0;160.0;168.0;168.0;155.0;150.0;147.0;160.0;155.0;150.0;146.0;144.0;142.0;137.0;136.0;138.0;139.0;137.0;136.0;134.0;130.0;1;1;1;1;1;1;1;1;1;1;1;1;1;1;1;1;1;1;1;1;1;1;1;1;1;1;1;1;1;1;1
50660000;2;11/1985;1;1;418.0;126.0;204.6667;14;7;1;1;1;0.0;0;138.0;136.0;136.0;134.0;131.0;129.0;126.0;151.0;180.0;179.0;206.0;185.0;170.0;418.0;406.0;382.0;367.0;333.0;301.0;241.0;199.0;194.0;185.0;181.0;178.0;165.0;159.0;147.0;144.0;139.0;;1;1;1;1;1;1;1;1;1;1;1;1;1;1;1;1;1;1;1;1;1;1;1;1;1;1;1;1;1;1;
50660000;1;11/1985;1;1;418.0;126.0;205.0;14;7;1;1;1;185.0;1;138.0;136.0;136.0;134.0;131.0;129.0;126.0;151.0;180.0;179.0;206.0;185.0;170.0;418.0;406.0;382.0;367.0;333.0;301.0;241.0;199.0;194.0;185.0;181.0;178.0;165.0;159.0;147.0;144.0;139.0;;1;1;1;1;1;1;1;1;1;1;1;1;1;1;1;1;1;1;1;1;1;1;1;1;1;1;1;1;1;1;0
50660000;2;12/1985;1;1;284.0;134.0;179.1935;10;1;1;1;1;0.0;0;134.0;142.0;160.0;178.0;174.0;179.0;185.0;188.0;277.0;284.0;247.0;219.0;205.0;197.0;190.0;190.0;196.0;184.0;177.0;174.0;170.0;167.0;164.0;160.0;156.0;152.0;147.0;145.0;141.0;137.0;136.0;1;1;1;1;1;1;1;1;1;1;1;1;1;1;1;1;1;1;1;1;1;1;1;1;1;1;1;1;1;1;1
50660000;1;12/1985;1;1;284.0;134.0;179.0;10;1;1;1;1;185.0;1;134.0;142.0;160.0;178.0;174.0;179.0;185.0;188.0;277.0;284.0;247.0;219.0;205.0;197.0;190.0;190.0;196.0;184.0;177.0;174.0;170.0;167.0;164.0;160.0;156.0;152.0;147.0;145.0;141.0;137.0;136.0;1;1;1;1;1;1;1;1;1;1;1;1;1;1;1;1;1;1;1;1;1;1;1;1;1;1;1;1;1;1;1
50660000;2;01/1986;1;1;155.0;122.0;132.9355;10;30;1;1;1;0.0;0;134.0;134.0;130.0;126.0;125.0;124.0;125.0;138.0;145.0;155.0;151.0;145.0;140.0;134.0;127.0;126.0;126.0;127.0;130.0;141.0;142.0;141.0;139.0;137.0;133.0;128.0;126.0;124.0;124.0;122.0;122.0;1;1;1;1;1;1;1;1;1;1;1;1;1;1;1;1;1;1;1;1;1;1;1;1;1;1;1;1;1;1;1
50660000;1;01/1986;1;1;155.0;122.0;133.0;10;30;1;1;1;140.0;2;134.0;134.0;130.0;126.0;125.0;124.0;125.0;138.0;145.0;155.0;151.0;145.0;140.0;134.0;127.0;126.0;126.0;127.0;130.0;141.0;142.0;141.0;139.0;137.0;133.0;128.0;126.0;124.0;124.0;122.0;122.0;1;1;1;1;1;1;1;1;1;1;1;1;1;1;1;1;1;1;1;1;1;1;1;1;1;1;1;1;1;1;1
50660000;2;02/1986;1;1;122.0;116.0;119.5714;1;20;1;1;1;0.0;0;122.0;122.0;121.0;121.0;120.0;120.0;120.0;122.0;122.0;120.0;119.0;118.0;119.0;120.0;120.0;118.0;118.0;118.0;117.0;116.0;122.0;120.0;119.0;118.0;118.0;117.0;119.0;122.0;;;;1;1;1;1;1;1;1;1;1;1;1;1;1;1;1;1;1;1;1;1;1;1;1;1;1;1;1;1;;;
50660000;1;02/1986;1;1;122.0;116.0;120.0;1;20;2;2;2;140.0;2;122.0;122.0;121.0;121.0;120.0;120.0;120.0;122.0;122.0;120.0;119.0;118.0;119.0;120.0;120.0;118.0;118.0;118.0;117.0;116.0;122.0;120.0;119.0;118.0;118.0;117.0;119.0;122.0;;;;1;1;1;2;2;1;2;1;2;1;2;2;2;2;2;1;1;1;1;1;1;1;1;1;1;1;1;1;0;0;0
50660000;2;03/1986;1;1;177.0;122.0;133.5806;31;1;1;1;1;0.0;0;122.0;127.0;136.0;134.0;132.0;132.0;133.0;136.0;141.0;138.0;137.0;136.0;136.0;136.0;132.0;134.0;133.0;127.0;126.0;124.0;123.0;122.0;122.0;123.0;126.0;128.0;130.0;136.0;145.0;157.0;177.0;1;1;1;1;1;1;1;1;1;1;1;1;1;1;1;1;1;1;1;1;1;1;1;1;1;1;1;1;1;1;1
50660000;1;03/1986;1;1;177.0;122.0;134.0;31;1;1;1;1;140.0;2;122.0;127.0;136.0;134.0;132.0;132.0;133.0;136.0;141.0;138.0;137.0;136.0;136.0;136.0;132.0;134.0;133.0;127.0;126.0;124.0;123.0;122.0;122.0;123.0;126.0;128.0;130.0;136.0;145.0;157.0;177.0;1;1;1;1;1;1;1;1;1;1;1;1;1;1;1;1;1;1;1;1;1;1;1;1;1;1;1;1;1;1;1
50660000;2;04/1986;1;1;175.0;122.0;137.73331;1;23;1;1;1;0.0;0;175.0;167.0;160.0;157.0;155.0;147.0;142.0;138.0;135.0;130.0;127.0;128.0;129.0;136.0;132.0;135.0;134.0;127.0;125.0;125.0;124.0;123.0;122.0;123.0;125.0;129.0;132.0;138.0;156.0;156.0;;1;1;1;1;1;1;1;1;1;1;1;1;1;1;1;1;1;1;1;1;1;1;1;1;1;1;1;1;1;1;
50660000;1;04/1986;1;1;175.0;122.0;138.0;1;23;1;1;1;140.0;2;175.0;167.0;160.0;157.0;155.0;147.0;142.0;138.0;135.0;130.0;127.0;128.0;129.0;136.0;132.0;135.0;134.0;127.0;125.0;125.0;124.0;123.0;122.0;123.0;125.0;129.0;132.0;138.0;156.0;156.0;;1;1;1;1;1;1;1;1;1;1;1;1;1;1;1;1;1;1;1;1;1;1;1;1;1;1;1;1;1;1;0
50660000;2;05/1986;1;1;201.0;123.0;146.8065;4;14;1;1;1;0.0;0;162.0;166.0;185.0;201.0;193.0;192.0;192.0;177.0;165.0;160.0;158.0;148.0;136.0;123.0;125.0;128.0;126.0;127.0;126.0;126.0;125.0;127.0;125.0;127.0;136.0;141.0;137.0;135.0;130.0;127.0;125.0;1;1;1;1;1;1;1;1;1;1;1;1;1;1;1;1;1;1;1;1;1;1;1;1;1;1;1;1;1;1;1
50660000;1;05/1986;1;1;201.0;123.0;147.0;4;14;1;1;1;140.0;2;162.0;166.0;185.0;201.0;193.0;192.0;192.0;177.0;165.0;160.0;158.0;148.0;136.0;123.0;125.0;128.0;126.0;127.0;126.0;126.0;125.0;127.0;125.0;127.0;136.0;141.0;137.0;135.0;130.0;127.0;125.0;1;1;1;1;1;1;1;1;1;1;1;1;1;1;1;1;1;1;1;1;1;1;1;1;1;1;1;1;1;1;1
50660000;2;06/1986;1;1;175.0;122.0;150.6333;5;3;1;1;1;0.0;0;124.0;123.0;122.0;158.0;175.0;174.0;165.0;153.0;156.0;146.0;148.0;155.0;164.0;173.0;164.0;159.0;154.0;145.0;140.0;139.0;137.0;143.0;150.0;156.0;158.0;156.0;153.0;147.0;143.0;139.0;;1;1;1;1;1;1;1;1;1;1;1;1;1;1;1;1;1;1;1;1;1;1;1;1;1;1;1;1;1;1;
50660000;1;06/1986;1;1;175.0;122.0;151.0;5;3;1;1;1;140.0;2;124.0;123.0;122.0;158.0;175.0;174.0;165.0;153.0;156.0;146.0;148.0;155.0;164.0;173.0;164.0;159.0;154.0;145.0;140.0;139.0;137.0;143.0;150.0;156.0;158.0;156.0;153.0;147.0;143.0;139.0;;1;1;1;1;1;1;1;1;1;1;1;1;1;1;1;1;1;1;1;1;1;1;1;1;1;1;1;1;1;1;0
50660000;2;07/1986;1;1;185.0;128.0;147.3226;14;3;1;1;1;0.0;0;136.0;133.0;128.0;133.0;135.0;136.0;137.0;161.0;158.0;162.0;163.0;166.0;177.0;185.0;168.0;163.0;161.0;158.0;156.0;154.0;152.0;140.0;137.0;136.0;135.0;132.0;132.0;132.0;134.0;135.0;132.0;1;1;1;1;1;1;1;1;1;1;1;1;1;1;1;1;1;1;1;1;1;1;1;1;1;1;1;1;1;1;1
50660000;1;07/1986;1;1;185.0;128.0;147.0;14;3;1;1;1;140.0;2;136.0;133.0;128.0;133.0;135.0;136.0;137.0;161.0;158.0;162.0;163.0;166.0;177.0;185.0;168.0;163.0;161.0;158.0;156.0;154.0;152.0;140.0;137.0;136.0;135.0;132.0;132.0;132.0;134.0;135.0;132.0;1;1;1;1;1;1;1;1;1;1;1;1;1;1;1;1;1;1;1;1;1;1;1;1;1;1;1;1;1;1;1
50660000;2;08/1986;1;1;167.0;125.0;140.6129;9;25;1;1;1;0.0;0;132.0;134.0;135.0;138.0;140.0;140.0;150.0;162.0;167.0;165.0;165.0;164.0;160.0;158.0;145.0;142.0;138.0;137.0;136.0;135.0;132.0;130.0;128.0;126.0;125.0;125.0;127.0;128.0;129.0;130.0;136.0;1;1;1;1;1;1;1;1;1;1;1;1;1;1;1;1;1;1;1;1;1;1;1;1;1;1;1;1;1;1;1
50660000;1;08/1986;1;1;167.0;125.0;141.0;9;25;1;1;1;140.0;2;132.0;134.0;135.0;138.0;140.0;140.0;150.0;162.0;167.0;165.0;165.0;164.0;160.0;158.0;145.0;142.0;138.0;137.0;136.0;135.0;132.0;130.0;128.0;126.0;125.0;125.0;127.0;128.0;129.0;130.0;136.0;1;1;1;1;1;1;1;1;1;1;1;1;1;1;1;1;1;1;1;1;1;1;1;1;1;1;1;1;1;1;1
50660000;2;09/1986;1;1;183.0;120.0;147.03329;15;27;1;1;1;0.0;0;147.0;163.0;163.0;156.0;150.0;146.0;143.0;138.0;137.0;137.0;136.0;134.0;139.0;170.0;183.0;171.0;168.0;165.0;161.0;156.0;153.0;148.0;146.0;144.0;135.0;132.0;120.0;122.0;125.0;123.0;;1;1;1;1;1;1;1;1;1;1;1;1;1;1;1;1;1;1;1;1;1;1;1;1;1;1;1;1;1;1;
50660000;1;09/1986;1;1;183.0;120.0;147.0;15;27;1;1;1;140.0;2;147.0;163.0;163.0;156.0;150.0;146.0;143.0;138.0;137.0;137.0;136.0;134.0;139.0;170.0;183.0;171.0;168.0;165.0;161.0;156.0;153.0;148.0;146.0;144.0;135.0;132.0;120.0;122.0;125.0;123.0;;1;1;1;1;1;1;1;1;1;1;1;1;1;1;1;1;1;1;1;1;1;1;1;1;1;1;1;1;1;1;0
50660000;2;10/1986;1;1;216.0;121.0;151.4516;27;1;1;1;1;0.0;0;121.0;125.0;135.0;140.0;148.0;147.0;143.0;135.0;125.0;126.0;128.0;129.0;133.0;145.0;164.0;204.0;185.0;171.0;160.0;155.0;148.0;144.0;134.0;130.0;124.0;174.0;216.0;194.0;180.0;169.0;163.0;1;1;1;1;1;1;1;1;1;1;1;1;1;1;1;1;1;1;1;1;1;1;1;1;1;1;1;1;1;1;1
50660000;1;10/1986;1;1;216.0;121.0;151.0;27;1;1;1;1;140.0;2;121.0;125.0;135.0;140.0;148.0;147.0;143.0;135.0;125.0;126.0;128.0;129.0;133.0;145.0;164.0;204.0;185.0;171.0;160.0;155.0;148.0;144.0;134.0;130.0;124.0;174.0;216.0;194.0;180.0;169.0;163.0;1;1;1;1;1;1;1;1;1;1;1;1;1;1;1;1;1;1;1;1;1;1;1;1;1;1;1;1;1;1;1
50660000;2;11/1986;1;1;170.0;129.0;149.0667;21;6;1;1;1;0.0;0;157.0;153.0;147.0;137.0;131.0;129.0;130.0;144.0;155.0;152.0;147.0;137.0;142.0;143.0;147.0;149.0;151.0;156.0;164.0;167.0;170.0;166.0;161.0;151.0;148.0;151.0;148.0;149.0;146.0;144.0;;1;1;1;1;1;1;1;1;1;1;1;1;1;1;1;1;1;1;1;1;1;1;1;1;1;1;1;1;1;1;
50660000;1;11/1986;1;1;170.0;129.0;149.0;21;6;1;1;1;140.0;2;157.0;153.0;147.0;137.0;131.0;129.0;130.0;144.0;155.0;152.0;147.0;137.0;142.0;143.0;147.0;149.0;151.0;156.0;164.0;167.0;170.0;166.0;161.0;151.0;148.0;151.0;148.0;149.0;146.0;144.0;;1;1;1;1;1;1;1;1;1;1;1;1;1;1;1;1;1;1;1;1;1;1;1;1;1;1;1;1;1;1;0
50660000;2;12/1986;1;1;155.0;116.0;126.9355;1;25;1;1;1;0.0;0;155.0;150.0;146.0;140.0;135.0;134.0;132.0;128.0;126.0;126.0;126.0;125.0;124.0;124.0;122.0;122.0;120.0;120.0;120.0;119.0;118.0;118.0;117.0;117.0;116.0;116.0;117.0;127.0;133.0;133.0;129.0;1;1;1;1;1;1;1;1;1;1;1;1;1;1;1;1;1;1;1;1;1;1;1;1;1;1;1;1;1;1;1
50660000;1;12/1986;1;1;155.0;116.0;127.0;1;25;1;1;1;140.0;2;155.0;150.0;146.0;140.0;135.0;134.0;132.0;128.0;126.0;126.0;126.0;125.0;124.0;124.0;122.0;122.0;120.0;120.0;120.0;119.0;118.0;118.0;117.0;117.0;116.0;116.0;117.0;127.0;133.0;133.0;129.0;1;1;1;1;1;1;1;1;1;1;1;1;1;1;1;1;1;1;1;1;1;1;1;1;1;1;1;1;1;1;1
50660000;2;01/1987;1;1;142.0;108.0;119.8387;7;31;1;1;1;0.0;0;125.0;126.0;126.0;124.0;130.0;137.0;142.0;138.0;136.0;131.0;126.0;121.0;120.0;119.0;118.0;116.0;116.0;115.0;114.0;114.0;114.0;114.0;112.0;112.0;112.0;111.0;110.0;110.0;109.0;109.0;108.0;1;1;1;1;1;1;1;1;1;1;1;1;1;1;1;1;1;1;1;1;1;1;1;1;1;1;1;1;1;1;1
50660000;1;01/1987;1;1;142.0;108.0;120.0;7;31;1;1;1;124.0;1;125.0;126.0;126.0;124.0;130.0;137.0;142.0;138.0;136.0;131.0;126.0;121.0;120.0;119.0;118.0;116.0;116.0;115.0;114.0;114.0;114.0;114.0;112.0;112.0;112.0;111.0;110.0;110.0;109.0;109.0;108.0;1;1;1;1;1;1;1;1;1;1;1;1;1;1;1;1;1;1;1;1;1;1;1;1;1;1;1;1;1;1;1
50660000;2;02/1987;1;1;122.0;107.0;112.6071;23;15;1;1;1;0.0;0;120.0;116.0;115.0;114.0;114.0;114.0;112.0;112.0;110.0;110.0;108.0;108.0;108.0;108.0;107.0;111.0;111.0;109.0;109.0;110.0;112.0;115.0;122.0;119.0;116.0;114.0;115.0;114.0;;;;1;1;1;1;1;1;1;1;1;1;1;1;1;1;1;1;1;1;1;1;1;1;1;1;1;1;1;1;;;
50660000;1;02/1987;1;1;122.0;107.0;113.0;23;15;1;1;1;124.0;1;120.0;116.0;115.0;114.0;114.0;114.0;112.0;112.0;110.0;110.0;108.0;108.0;108.0;108.0;107.0;111.0;111.0;109.0;109.0;110.0;112.0;115.0;122.0;119.0;116.0;114.0;115.0;114.0;;;;1;1;1;1;1;1;1;1;1;1;1;1;1;1;1;1;1;1;1;1;1;1;1;1;1;1;1;1;0;0;0
50660000;2;03/1987;1;1;163.0;108.0;122.8387;31;10;1;1;1;0.0;0;114.0;113.0;110.0;110.0;110.0;110.0;110.0;109.0;109.0;108.0;110.0;114.0;117.0;119.0;125.0;160.0;150.0;143.0;130.0;127.0;126.0;124.0;121.0;123.0;121.0;120.0;120.0;123.0;125.0;144.0;163.0;1;1;1;1;1;1;1;1;1;1;1;1;1;1;1;1;1;1;1;1;1;1;1;1;1;1;1;1;1;1;1
50660000;1;03/1987;1;1;163.0;108.0;123.0;31;10;1;1;1;124.0;1;114.0;113.0;110.0;110.0;110.0;110.0;110.0;109.0;109.0;108.0;110.0;114.0;117.0;119.0;125.0;160.0;150.0;143.0;130.0;127.0;126.0;124.0;121.0;123.0;121.0;120.0;120.0;123.0;125.0;144.0;163.0;1;1;1;1;1;1;1;1;1;1;1;1;1;1;1;1;1;1;1;1;1;1;1;1;1;1;1;1;1;1;1
50660000;1;04/1987;1;1;163.0;117.0;129.0;1;21;1;1;1;124.0;1;163.0;157.0;154.0;147.0;140.0;131.0;123.0;120.0;119.0;118.0;118.0;119.0;119.0;124.0;126.0;125.0;124.0;122.0;120.0;118.0;117.0;124.0;123.0;124.0;124.0;126.0;126.0;131.0;147.0;153.0;;1;1;1;1;1;1;1;1;1;1;1;1;1;1;1;1;1;1;1;1;1;1;1;1;1;1;1;1;1;1;0
50660000;2;04/1987;1;1;163.0;117.0;129.39999;1;21;1;1;1;0.0;0;163.0;157.0;154.0;147.0;140.0;131.0;123.0;120.0;119.0;118.0;118.0;119.0;119.0;124.0;126.0;125.0;124.0;122.0;120.0;118.0;117.0;124.0;123.0;124.0;124.0;126.0;126.0;131.0;147.0;153.0;;1;1;1;1;1;1;1;1;1;1;1;1;1;1;1;1;1;1;1;1;1;1;1;1;1;1;1;1;1;1;
50660000;1;05/1987;1;1;175.0;121.0;140.0;3;12;1;1;1;124.0;1;158.0;171.0;175.0;172.0;167.0;156.0;139.0;128.0;125.0;123.0;122.0;121.0;121.0;122.0;122.0;123.0;130.0;135.0;145.0;147.0;144.0;141.0;137.0;133.0;127.0;125.0;131.0;151.0;148.0;146.0;145.0;1;1;1;1;1;1;1;1;1;1;1;1;1;1;1;1;1;1;1;1;1;1;1;1;1;1;1;1;1;1;1
50660000;2;05/1987;1;1;175.0;121.0;139.6774;3;12;1;1;1;0.0;0;158.0;171.0;175.0;172.0;167.0;156.0;139.0;128.0;125.0;123.0;122.0;121.0;121.0;122.0;122.0;123.0;130.0;135.0;145.0;147.0;144.0;141.0;137.0;133.0;127.0;125.0;131.0;151.0;148.0;146.0;145.0;1;1;1;1;1;1;1;1;1;1;1;1;1;1;1;1;1;1;1;1;1;1;1;1;1;1;1;1;1;1;1
50660000;1;06/1987;1;1;187.0;123.0;144.0;23;4;1;1;1;124.0;1;148.0;135.0;125.0;123.0;132.0;132.0;127.0;126.0;125.0;124.0;123.0;126.0;125.0;125.0;132.0;146.0;182.0;171.0;168.0;163.0;157.0;174.0;187.0;161.0;149.0;145.0;143.0;145.0;150.0;158.0;;1;1;1;1;1;1;1;1;1;1;1;1;1;1;1;1;1;1;1;1;1;1;1;1;1;1;1;1;1;1;0
50660000;2;06/1987;1;1;187.0;123.0;144.23331;23;4;1;1;1;0.0;0;148.0;135.0;125.0;123.0;132.0;132.0;127.0;126.0;125.0;124.0;123.0;126.0;125.0;125.0;132.0;146.0;182.0;171.0;168.0;163.0;157.0;174.0;187.0;161.0;149.0;145.0;143.0;145.0;150.0;158.0;;1;1;1;1;1;1;1;1;1;1;1;1;1;1;1;1;1;1;1;1;1;1;1;1;1;1;1;1;1;1;
50660000;1;07/1987;1;1;175.0;122.0;137.0;5;20;1;1;1;124.0;1;160.0;162.0;163.0;162.0;175.0;174.0;164.0;146.0;142.0;137.0;134.0;132.0;130.0;129.0;128.0;127.0;126.0;124.0;123.0;122.0;123.0;124.0;125.0;129.0;131.0;129.0;126.0;125.0;125.0;124.0;125.0;1;1;1;1;1;1;1;1;1;1;1;1;1;1;1;1;1;1;1;1;1;1;1;1;1;1;1;1;1;1;1
50660000;2;07/1987;1;1;175.0;122.0;136.9677;5;20;1;1;1;0.0;0;160.0;162.0;163.0;162.0;175.0;174.0;164.0;146.0;142.0;137.0;134.0;132.0;130.0;129.0;128.0;127.0;126.0;124.0;123.0;122.0;123.0;124.0;125.0;129.0;131.0;129.0;126.0;125.0;125.0;124.0;125.0;1;1;1;1;1;1;1;1;1;1;1;1;1;1;1;1;1;1;1;1;1;1;1;1;1;1;1;1;1;1;1
50660000;1;08/1987;1;1;132.0;120.0;126.0;31;28;1;1;1;124.0;1;124.0;125.0;127.0;126.0;124.0;125.0;126.0;126.0;126.0;127.0;125.0;127.0;128.0;128.0;128.0;127.0;128.0;128.0;128.0;126.0;126.0;124.0;126.0;125.0;124.0;122.0;121.0;120.0;123.0;124.0;132.0;1;1;1;1;1;1;1;1;1;1;1;1;1;1;1;1;1;1;1;1;1;1;1;1;1;1;1;1;1;1;1
50660000;2;08/1987;1;1;132.0;120.0;125.6774;31;28;1;1;1;0.0;0;124.0;125.0;127.0;126.0;124.0;125.0;126.0;126.0;126.0;127.0;125.0;127.0;128.0;128.0;128.0;127.0;128.0;128.0;128.0;126.0;126.0;124.0;126.0;125.0;124.0;122.0;121.0;120.0;123.0;124.0;132.0;1;1;1;1;1;1;1;1;1;1;1;1;1;1;1;1;1;1;1;1;1;1;1;1;1;1;1;1;1;1;1
50660000;1;09/1987;1;1;141.0;117.0;129.0;26;30;1;1;1;124.0;1;129.0;131.0;135.0;139.0;135.0;127.0;125.0;124.0;123.0;128.0;128.0;127.0;126.0;124.0;122.0;124.0;125.0;129.0;132.0;128.0;128.0;126.0;130.0;135.0;137.0;141.0;134.0;127.0;123.0;117.0;;1;1;1;1;1;1;1;1;1;1;1;1;1;1;1;1;1;1;1;1;1;1;1;1;1;1;1;1;1;1;0
50660000;2;09/1987;1;1;141.0;117.0;128.6333;26;30;1;1;1;0.0;0;129.0;131.0;135.0;139.0;135.0;127.0;125.0;124.0;123.0;128.0;128.0;127.0;126.0;124.0;122.0;124.0;125.0;129.0;132.0;128.0;128.0;126.0;130.0;135.0;137.0;141.0;134.0;127.0;123.0;117.0;;1;1;1;1;1;1;1;1;1;1;1;1;1;1;1;1;1;1;1;1;1;1;1;1;1;1;1;1;1;1;
50660000;1;10/1987;1;1;116.0;105.0;109.0;1;25;1;1;1;124.0;1;116.0;114.0;114.0;113.0;112.0;112.0;111.0;111.0;110.0;110.0;110.0;110.0;109.0;108.0;113.0;112.0;110.0;109.0;108.0;108.0;107.0;106.0;106.0;106.0;105.0;105.0;105.0;105.0;105.0;106.0;109.0;1;1;1;1;1;1;1;1;1;1;1;1;1;1;1;1;1;1;1;1;1;1;1;1;1;1;1;1;1;1;1
50660000;2;10/1987;1;1;116.0;105.0;109.1935;1;25;1;1;1;0.0;0;116.0;114.0;114.0;113.0;112.0;112.0;111.0;111.0;110.0;110.0;110.0;110.0;109.0;108.0;113.0;112.0;110.0;109.0;108.0;108.0;107.0;106.0;106.0;106.0;105.0;105.0;105.0;105.0;105.0;106.0;109.0;1;1;1;1;1;1;1;1;1;1;1;1;1;1;1;1;1;1;1;1;1;1;1;1;1;1;1;1;1;1;1
50660000;1;11/1987;1;1;130.0;104.0;112.0;2;28;1;1;1;124.0;1;115.0;130.0;129.0;128.0;128.0;125.0;121.0;118.0;114.0;113.0;112.0;110.0;109.0;108.0;108.0;108.0;106.0;106.0;108.0;108.0;107.0;107.0;106.0;106.0;105.0;105.0;105.0;104.0;104.0;104.0;;1;1;1;1;1;1;1;1;1;1;1;1;1;1;1;1;1;1;1;1;1;1;1;1;1;1;1;1;1;1;0
50660000;2;11/1987;1;1;130.0;104.0;111.9;2;28;1;1;1;0.0;0;115.0;130.0;129.0;128.0;128.0;125.0;121.0;118.0;114.0;113.0;112.0;110.0;109.0;108.0;108.0;108.0;106.0;106.0;108.0;108.0;107.0;107.0;106.0;106.0;105.0;105.0;105.0;104.0;104.0;104.0;;1;1;1;1;1;1;1;1;1;1;1;1;1;1;1;1;1;1;1;1;1;1;1;1;1;1;1;1;1;1;
50660000;2;12/1987;1;1;121.0;101.0;107.2258;6;30;1;1;1;0.0;0;104.0;104.0;104.0;107.0;115.0;121.0;119.0;116.0;111.0;110.0;110.0;110.0;108.0;108.0;107.0;107.0;107.0;106.0;106.0;106.0;106.0;105.0;105.0;105.0;104.0;104.0;103.0;102.0;102.0;101.0;101.0;1;1;1;1;1;1;1;1;1;1;1;1;1;1;1;1;1;1;1;1;1;1;1;1;1;1;1;1;1;1;1
50660000;1;12/1987;1;1;121.0;101.0;107.0;6;30;1;1;1;124.0;1;104.0;104.0;104.0;107.0;115.0;121.0;119.0;116.0;111.0;110.0;110.0;110.0;108.0;108.0;107.0;107.0;107.0;106.0;106.0;106.0;106.0;105.0;105.0;105.0;104.0;104.0;103.0;102.0;102.0;101.0;101.0;1;1;1;1;1;1;1;1;1;1;1;1;1;1;1;1;1;1;1;1;1;1;1;1;1;1;1;1;1;1;1
50660000;2;01/1988;1;1;134.0;98.0;109.9355;15;5;1;1;1;0.0;0;100.0;100.0;100.0;99.0;98.0;99.0;98.0;99.0;98.0;101.0;102.0;105.0;117.0;131.0;134.0;129.0;126.0;124.0;118.0;114.0;110.0;113.0;116.0;120.0;113.0;111.0;109.0;107.0;107.0;106.0;104.0;1;1;1;1;1;1;1;1;1;1;1;1;1;1;1;1;1;1;1;1;1;1;1;1;1;1;1;1;1;1;1
50660000;1;01/1988;1;1;134.0;98.0;110.0;15;5;1;1;1;157.0;1;100.0;100.0;100.0;99.0;98.0;99.0;98.0;99.0;98.0;101.0;102.0;105.0;117.0;131.0;134.0;129.0;126.0;124.0;118.0;114.0;110.0;113.0;116.0;120.0;113.0;111.0;109.0;107.0;107.0;106.0;104.0;1;1;1;1;1;1;1;1;1;1;1;1;1;1;1;1;1;1;1;1;1;1;1;1;1;1;1;1;1;1;1
50660000;2;02/1988;1;1;134.0;95.0;101.6897;26;13;1;1;1;0.0;0;103.0;102.0;101.0;102.0;102.0;102.0;101.0;100.0;100.0;98.0;96.0;96.0;95.0;96.0;96.0;96.0;97.0;97.0;97.0;97.0;96.0;97.0;98.0;103.0;114.0;134.0;116.0;110.0;107.0;;;1;1;1;1;1;1;1;1;1;1;1;1;1;1;1;1;1;1;1;1;1;1;1;1;1;1;1;1;1;;
50660000;1;02/1988;1;1;134.0;95.0;102.0;26;13;1;1;1;157.0;1;103.0;102.0;101.0;102.0;102.0;102.0;101.0;100.0;100.0;98.0;96.0;96.0;95.0;96.0;96.0;96.0;97.0;97.0;97.0;97.0;96.0;97.0;98.0;103.0;114.0;134.0;116.0;110.0;107.0;;;1;1;1;1;1;1;1;1;1;1;1;1;1;1;1;1;1;1;1;1;1;1;1;1;1;1;1;1;1;0;0
50660000;2;03/1988;1;1;156.0;95.0;120.129;25;10;1;1;1;0.0;0;106.0;106.0;104.0;102.0;102.0;102.0;100.0;98.0;96.0;95.0;97.0;120.0;116.0;110.0;107.0;109.0;108.0;106.0;103.0;100.0;153.0;154.0;134.0;151.0;156.0;156.0;146.0;147.0;148.0;147.0;145.0;1;1;1;1;1;1;1;1;1;1;1;1;1;1;1;1;1;1;1;1;1;1;1;1;1;1;1;1;1;1;1
50660000;1;03/1988;1;1;156.0;95.0;120.0;25;10;1;1;1;157.0;1;106.0;106.0;104.0;102.0;102.0;102.0;100.0;98.0;96.0;95.0;97.0;120.0;116.0;110.0;107.0;109.0;108.0;106.0;103.0;100.0;153.0;154.0;134.0;151.0;156.0;156.0;146.0;147.0;148.0;147.0;145.0;1;1;1;1;1;1;1;1;1;1;1;1;1;1;1;1;1;1;1;1;1;1;1;1;1;1;1;1;1;1;1
50660000;2;04/1988;1;1;210.0;123.0;151.7;30;14;1;1;1;0.0;0;155.0;145.0;141.0;136.0;134.0;129.0;135.0;143.0;150.0;145.0;139.0;135.0;127.0;123.0;150.0;150.0;158.0;163.0;167.0;158.0;147.0;129.0;130.0;152.0;165.0;169.0;174.0;188.0;204.0;210.0;;1;1;1;1;1;1;1;1;1;1;1;1;1;1;1;1;1;1;1;1;1;1;1;1;1;1;1;1;1;1;
50660000;1;04/1988;1;1;210.0;123.0;152.0;30;14;1;1;1;157.0;1;155.0;145.0;141.0;136.0;134.0;129.0;135.0;143.0;150.0;145.0;139.0;135.0;127.0;123.0;150.0;150.0;158.0;163.0;167.0;158.0;147.0;129.0;130.0;152.0;165.0;169.0;174.0;188.0;204.0;210.0;;1;1;1;1;1;1;1;1;1;1;1;1;1;1;1;1;1;1;1;1;1;1;1;1;1;1;1;1;1;1;0
50660000;2;05/1988;1;1;237.0;124.0;165.6774;3;25;1;1;1;0.0;0;223.0;228.0;237.0;222.0;218.0;203.0;183.0;175.0;157.0;140.0;135.0;142.0;155.0;169.0;179.0;185.0;185.0;187.0;189.0;188.0;164.0;134.0;127.0;125.0;124.0;126.0;124.0;127.0;128.0;129.0;128.0;1;1;1;1;1;1;1;1;1;1;1;1;1;1;1;1;1;1;1;1;1;1;1;1;1;1;1;1;1;1;1
50660000;1;05/1988;1;1;237.0;124.0;166.0;3;25;1;1;1;157.0;1;223.0;228.0;237.0;222.0;218.0;203.0;183.0;175.0;157.0;140.0;135.0;142.0;155.0;169.0;179.0;185.0;185.0;187.0;189.0;188.0;164.0;134.0;127.0;125.0;124.0;126.0;124.0;127.0;128.0;129.0;128.0;1;1;1;1;1;1;1;1;1;1;1;1;1;1;1;1;1;1;1;1;1;1;1;1;1;1;1;1;1;1;1
50660000;2;06/1988;1;1;340.0;125.0;224.4333;4;28;1;1;1;0.0;0;129.0;234.0;321.0;340.0;316.0;244.0;284.0;274.0;273.0;270.0;291.0;264.0;253.0;239.0;223.0;198.0;216.0;226.0;229.0;221.0;212.0;204.0;197.0;183.0;156.0;142.0;131.0;125.0;135.0;203.0;;1;1;1;1;1;1;1;1;1;1;1;1;1;1;1;1;1;1;1;1;1;1;1;1;1;1;1;1;1;1;
50660000;1;06/1988;1;1;340.0;125.0;224.0;4;28;1;1;1;157.0;1;129.0;234.0;321.0;340.0;316.0;244.0;284.0;274.0;273.0;270.0;291.0;264.0;253.0;239.0;223.0;198.0;216.0;226.0;229.0;221.0;212.0;204.0;197.0;183.0;156.0;142.0;131.0;125.0;135.0;203.0;;1;1;1;1;1;1;1;1;1;1;1;1;1;1;1;1;1;1;1;1;1;1;1;1;1;1;1;1;1;1;0
50660000;2;07/1988;1;1;243.0;115.0;177.871;1;27;1;1;1;0.0;0;243.0;229.0;240.0;207.0;187.0;179.0;145.0;139.0;130.0;125.0;137.0;158.0;183.0;186.0;189.0;197.0;220.0;215.0;217.0;196.0;185.0;177.0;168.0;159.0;145.0;132.0;115.0;191.0;179.0;174.0;167.0;1;1;1;1;1;1;1;1;1;1;1;1;1;1;1;1;1;1;1;1;1;1;1;1;1;1;1;1;1;1;1
50660000;1;07/1988;1;1;243.0;115.0;178.0;1;27;1;1;1;157.0;1;243.0;229.0;240.0;207.0;187.0;179.0;145.0;139.0;130.0;125.0;137.0;158.0;183.0;186.0;189.0;197.0;220.0;215.0;217.0;196.0;185.0;177.0;168.0;159.0;145.0;132.0;115.0;191.0;179.0;174.0;167.0;1;1;1;1;1;1;1;1;1;1;1;1;1;1;1;1;1;1;1;1;1;1;1;1;1;1;1;1;1;1;1
50660000;2;08/1988;1;1;168.0;146.0;154.2581;8;3;1;1;1;0.0;0;163.0;149.0;146.0;147.0;153.0;157.0;163.0;168.0;164.0;157.0;153.0;156.0;159.0;162.0;165.0;166.0;163.0;159.0;156.0;153.0;150.0;148.0;147.0;146.0;147.0;147.0;146.0;147.0;148.0;148.0;149.0;1;1;1;1;1;1;1;1;1;1;1;1;1;1;1;1;1;1;1;1;1;1;1;1;1;1;1;1;1;1;1
50660000;1;08/1988;1;1;168.0;146.0;154.0;8;3;1;1;1;157.0;1;163.0;149.0;146.0;147.0;153.0;157.0;163.0;168.0;164.0;157.0;153.0;156.0;159.0;162.0;165.0;166.0;163.0;159.0;156.0;153.0;150.0;148.0;147.0;146.0;147.0;147.0;146.0;147.0;148.0;148.0;149.0;1;1;1;1;1;1;1;1;1;1;1;1;1;1;1;1;1;1;1;1;1;1;1;1;1;1;1;1;1;1;1
50660000;2;09/1988;1;1;176.0;126.0;145.23331;12;29;1;1;1;0.0;0;147.0;145.0;142.0;141.0;138.0;136.0;140.0;153.0;161.0;167.0;175.0;176.0;172.0;167.0;155.0;151.0;147.0;140.0;137.0;136.0;135.0;136.0;137.0;137.0;134.0;132.0;128.0;127.0;126.0;139.0;;1;1;1;1;1;1;1;1;1;1;1;1;1;1;1;1;1;1;1;1;1;1;1;1;1;1;1;1;1;1;
50660000;1;09/1988;1;1;176.0;126.0;145.0;12;29;1;1;1;157.0;1;147.0;145.0;142.0;141.0;138.0;136.0;140.0;153.0;161.0;167.0;175.0;176.0;172.0;167.0;155.0;151.0;147.0;140.0;137.0;136.0;135.0;136.0;137.0;137.0;134.0;132.0;128.0;127.0;126.0;139.0;;1;1;1;1;1;1;1;1;1;1;1;1;1;1;1;1;1;1;1;1;1;1;1;1;1;1;1;1;1;1;0
50660000;2;10/1988;1;1;148.0;126.0;137.3548;5;25;1;1;1;0.0;0;137.0;136.0;140.0;146.0;148.0;146.0;145.0;146.0;146.0;147.0;148.0;148.0;147.0;145.0;143.0;141.0;138.0;135.0;127.0;132.0;135.0;133.0;128.0;127.0;126.0;126.0;128.0;130.0;130.0;126.0;128.0;1;1;1;1;1;1;1;1;1;1;1;1;1;1;1;1;1;1;1;1;1;1;1;1;1;1;1;1;1;1;1
50660000;1;10/1988;1;1;148.0;126.0;137.0;5;25;1;1;1;157.0;1;137.0;136.0;140.0;146.0;148.0;146.0;145.0;146.0;146.0;147.0;148.0;148.0;147.0;145.0;143.0;141.0;138.0;135.0;127.0;132.0;135.0;133.0;128.0;127.0;126.0;126.0;128.0;130.0;130.0;126.0;128.0;1;1;1;1;1;1;1;1;1;1;1;1;1;1;1;1;1;1;1;1;1;1;1;1;1;1;1;1;1;1;1
50660000;2;11/1988;1;1;362.0;113.0;141.7;30;28;1;1;1;0.0;0;125.0;126.0;127.0;134.0;137.0;140.0;145.0;146.0;151.0;149.0;146.0;143.0;140.0;137.0;136.0;132.0;127.0;124.0;121.0;118.0;117.0;116.0;115.0;115.0;115.0;114.0;114.0;113.0;266.0;362.0;;1;1;1;1;1;1;1;1;1;1;1;1;1;1;1;1;1;1;1;1;1;1;1;1;1;1;1;1;1;1;
50660000;1;11/1988;1;1;362.0;113.0;142.0;30;28;1;1;1;157.0;1;125.0;126.0;127.0;134.0;137.0;140.0;145.0;146.0;151.0;149.0;146.0;143.0;140.0;137.0;136.0;132.0;127.0;124.0;121.0;118.0;117.0;116.0;115.0;115.0;115.0;114.0;114.0;113.0;266.0;362.0;;1;1;1;1;1;1;1;1;1;1;1;1;1;1;1;1;1;1;1;1;1;1;1;1;1;1;1;1;1;1;0
50660000;2;12/1988;1;1;385.0;135.0;257.9032;1;31;1;1;1;0.0;0;385.0;345.0;368.0;371.0;364.0;358.0;354.0;383.0;377.0;368.0;358.0;368.0;375.0;292.0;271.0;260.0;197.0;195.0;183.0;177.0;165.0;154.0;148.0;148.0;146.0;150.0;157.0;153.0;147.0;143.0;135.0;1;1;1;1;1;1;1;1;1;1;1;1;1;1;1;1;1;1;1;1;1;1;1;1;1;1;1;1;1;1;1
50660000;1;12/1988;1;1;385.0;135.0;258.0;1;31;1;1;1;157.0;1;385.0;345.0;368.0;371.0;364.0;358.0;354.0;383.0;377.0;368.0;358.0;368.0;375.0;292.0;271.0;260.0;197.0;195.0;183.0;177.0;165.0;154.0;148.0;148.0;146.0;150.0;157.0;153.0;147.0;143.0;135.0;1;1;1;1;1;1;1;1;1;1;1;1;1;1;1;1;1;1;1;1;1;1;1;1;1;1;1;1;1;1;1
50660000;2;01/1989;1;1;132.0;124.0;127.0968;1;23;1;1;1;0.0;0;132.0;132.0;129.0;128.0;128.0;128.0;128.0;128.0;128.0;127.0;127.0;127.0;126.0;126.0;128.0;128.0;128.0;127.0;126.0;127.0;126.0;126.0;124.0;124.0;124.0;124.0;125.0;126.0;127.0;128.0;128.0;1;1;1;1;1;1;1;1;1;1;1;1;1;1;1;1;1;1;1;1;1;1;1;1;1;1;1;1;1;1;1
50660000;1;01/1989;1;1;132.0;124.0;127.0;1;23;1;1;1;;0;132.0;132.0;129.0;128.0;128.0;128.0;128.0;128.0;128.0;127.0;127.0;127.0;126.0;126.0;128.0;128.0;128.0;127.0;126.0;127.0;126.0;126.0;124.0;124.0;124.0;124.0;125.0;126.0;127.0;128.0;128.0;1;1;1;1;1;1;1;1;1;1;1;1;1;1;1;1;1;1;1;1;1;1;1;1;1;1;1;1;1;1;1
50660000;2;02/1989;1;1;128.0;112.0;118.0714;1;24;1;1;1;0.0;0;128.0;126.0;126.0;125.0;125.0;125.0;124.0;122.0;119.0;118.0;117.0;117.0;116.0;116.0;115.0;116.0;116.0;115.0;115.0;114.0;114.0;113.0;113.0;112.0;112.0;112.0;114.0;121.0;;;;1;1;1;1;1;1;1;1;1;1;1;1;1;1;1;1;1;1;1;1;1;1;1;1;1;1;1;1;;;
50660000;1;02/1989;1;1;128.0;112.0;118.0;1;24;1;1;1;;0;128.0;126.0;126.0;125.0;125.0;125.0;124.0;122.0;119.0;118.0;117.0;117.0;116.0;116.0;115.0;116.0;116.0;115.0;115.0;114.0;114.0;113.0;113.0;112.0;112.0;112.0;114.0;121.0;;;;1;1;1;1;1;1;1;1;1;1;1;1;1;1;1;1;1;1;1;1;1;1;1;1;1;1;1;1;0;0;0
50660000;2;03/1989;1;1;250.0;112.0;141.3226;23;13;1;1;1;0.0;0;120.0;118.0;117.0;116.0;116.0;116.0;116.0;115.0;115.0;114.0;114.0;114.0;112.0;112.0;112.0;113.0;113.0;113.0;118.0;134.0;153.0;194.0;250.0;202.0;178.0;213.0;185.0;170.0;167.0;165.0;186.0;1;1;1;1;1;1;1;1;1;1;1;1;1;1;1;1;1;1;1;1;1;1;1;1;1;1;1;1;1;1;1
50660000;1;03/1989;1;1;250.0;112.0;141.0;23;13;1;1;1;;0;120.0;118.0;117.0;116.0;116.0;116.0;116.0;115.0;115.0;114.0;114.0;114.0;112.0;112.0;112.0;113.0;113.0;113.0;118.0;134.0;153.0;194.0;250.0;202.0;178.0;213.0;185.0;170.0;167.0;165.0;186.0;1;1;1;1;1;1;1;1;1;1;1;1;1;1;1;1;1;1;1;1;1;1;1;1;1;1;1;1;1;1;1
50660000;2;04/1989;1;1;390.0;146.0;201.5667;10;30;1;1;1;0.0;0;183.0;185.0;185.0;186.0;191.0;194.0;201.0;255.0;275.0;390.0;341.0;275.0;250.0;246.0;217.0;195.0;187.0;185.0;163.0;155.0;148.0;148.0;148.0;161.0;173.0;168.0;177.0;166.0;153.0;146.0;;1;1;1;1;1;1;1;1;1;1;1;1;1;1;1;1;1;1;1;1;1;1;1;1;1;1;1;1;1;1;
50660000;1;04/1989;1;1;390.0;146.0;202.0;10;30;1;1;1;;0;183.0;185.0;185.0;186.0;191.0;194.0;201.0;255.0;275.0;390.0;341.0;275.0;250.0;246.0;217.0;195.0;187.0;185.0;163.0;155.0;148.0;148.0;148.0;161.0;173.0;168.0;177.0;166.0;153.0;146.0;;1;1;1;1;1;1;1;1;1;1;1;1;1;1;1;1;1;1;1;1;1;1;1;1;1;1;1;1;1;1;0
50660000;2;05/1989;1;1;644.0;139.0;389.29031;19;8;1;1;1;0.0;0;144.0;152.0;165.0;199.0;191.0;179.0;151.0;139.0;145.0;372.0;421.0;474.0;591.0;558.0;480.0;439.0;445.0;587.0;644.0;604.0;607.0;526.0;473.0;466.0;469.0;473.0;452.0;414.0;357.0;356.0;395.0;1;1;1;1;1;1;1;1;1;1;1;1;1;1;1;1;1;1;1;1;1;1;1;1;1;1;1;1;1;1;1
50660000;1;05/1989;1;1;644.0;139.0;389.0;19;8;1;1;1;;0;144.0;152.0;165.0;199.0;191.0;179.0;151.0;139.0;145.0;372.0;421.0;474.0;591.0;558.0;480.0;439.0;445.0;587.0;644.0;604.0;607.0;526.0;473.0;466.0;469.0;473.0;452.0;414.0;357.0;356.0;395.0;1;1;1;1;1;1;1;1;1;1;1;1;1;1;1;1;1;1;1;1;1;1;1;1;1;1;1;1;1;1;1
50660000;2;06/1989;1;1;528.0;252.0;317.26669;2;19;1;1;1;0.0;0;510.0;528.0;493.0;458.0;405.0;367.0;328.0;315.0;276.0;272.0;264.0;259.0;253.0;256.0;258.0;257.0;256.0;254.0;252.0;257.0;265.0;276.0;283.0;287.0;294.0;308.0;320.0;334.0;321.0;312.0;;1;1;1;1;1;1;1;1;1;1;1;1;1;1;1;1;1;1;1;1;1;1;1;1;1;1;1;1;1;1;
50660000;1;06/1989;1;1;528.0;252.0;317.0;2;19;1;1;1;;0;510.0;528.0;493.0;458.0;405.0;367.0;328.0;315.0;276.0;272.0;264.0;259.0;253.0;256.0;258.0;257.0;256.0;254.0;252.0;257.0;265.0;276.0;283.0;287.0;294.0;308.0;320.0;334.0;321.0;312.0;;1;1;1;1;1;1;1;1;1;1;1;1;1;1;1;1;1;1;1;1;1;1;1;1;1;1;1;1;1;1;0
50660000;2;07/1989;1;1;285.0;212.0;247.4516;1;23;1;1;1;0.0;0;285.0;277.0;273.0;280.0;279.0;276.0;275.0;265.0;271.0;255.0;250.0;245.0;247.0;246.0;245.0;243.0;238.0;236.0;232.0;221.0;217.0;214.0;212.0;214.0;217.0;223.0;231.0;237.0;243.0;259.0;265.0;1;1;1;1;1;1;1;1;1;1;1;1;1;1;1;1;1;1;1;1;1;1;1;1;1;1;1;1;1;1;1
50660000;1;07/1989;1;1;285.0;212.0;247.0;1;23;1;1;1;;0;285.0;277.0;273.0;280.0;279.0;276.0;275.0;265.0;271.0;255.0;250.0;245.0;247.0;246.0;245.0;243.0;238.0;236.0;232.0;221.0;217.0;214.0;212.0;214.0;217.0;223.0;231.0;237.0;243.0;259.0;265.0;1;1;1;1;1;1;1;1;1;1;1;1;1;1;1;1;1;1;1;1;1;1;1;1;1;1;1;1;1;1;1
50660000;2;08/1989;1;1;418.0;233.0;308.7742;5;31;1;1;1;0.0;0;305.0;308.0;349.0;387.0;418.0;389.0;338.0;268.0;236.0;235.0;237.0;244.0;251.0;269.0;289.0;296.0;307.0;313.0;325.0;337.0;350.0;355.0;359.0;368.0;366.0;351.0;323.0;267.0;255.0;244.0;233.0;1;1;1;1;1;1;1;1;1;1;1;1;1;1;1;1;1;1;1;1;1;1;1;1;1;1;1;1;1;1;1
50660000;1;08/1989;1;1;418.0;233.0;309.0;5;31;1;1;1;;0;305.0;308.0;349.0;387.0;418.0;389.0;338.0;268.0;236.0;235.0;237.0;244.0;251.0;269.0;289.0;296.0;307.0;313.0;325.0;337.0;350.0;355.0;359.0;368.0;366.0;351.0;323.0;267.0;255.0;244.0;233.0;1;1;1;1;1;1;1;1;1;1;1;1;1;1;1;1;1;1;1;1;1;1;1;1;1;1;1;1;1;1;1
50660000;1;09/1989;1;1;;;;;;0;0;0;;0;216.0;213.0;209.0;203.0;;;;;;;;;;;;;;;;;;;;;;;;;;;;1;1;1;1;0;0;0;0;0;0;0;0;0;0;0;0;0;0;0;0;0;0;0;0;0;0;0;0;0;0;0
50660000;2;09/1989;1;1;;;;;;0;0;0;0.0;0;216.0;213.0;209.0;203.0;;;;;;;;;;;;;;;;;;;;;;;;;;;;1;1;1;1;;;;;;;;;;;;;;;;;;;;;;;;;;;
50660000;1;10/1989;1;1;;;;;;0;0;0;;0;;;;;;;;;;;;;;;;;;;;;;225.0;233.0;215.0;225.0;235.0;237.0;216.0;211.0;206.0;;0;0;0;0;0;0;0;0;0;0;0;0;0;0;0;0;0;0;0;0;0;1;1;1;1;1;1;1;1;1;0
50660000;2;10/1989;1;1;;;;;;0;0;0;0.0;0;;;;;;;;;;;;;;;;;;;;;;225.0;233.0;215.0;225.0;235.0;237.0;216.0;211.0;206.0;;;;;;;;;;;;;;;;;;;;;;;1;1;1;1;1;1;1;1;1;
50660000;1;06/1990;1;1;;;;;;0;0;0;;0;;;;;;;;;;;;;;;;;;;;;;159.0;155.0;152.0;154.0;155.0;150.0;146.0;143.0;146.0;;0;0;0;0;0;0;0;0;0;0;0;0;0;0;0;0;0;0;0;0;0;1;1;1;1;1;1;1;1;1;0
50660000;2;06/1990;1;1;;;;;;0;0;0;0.0;0;;;;;;;;;;;;;;;;;;;;;;159.0;155.0;152.0;154.0;155.0;150.0;146.0;143.0;146.0;;;;;;;;;;;;;;;;;;;;;;;1;1;1;1;1;1;1;1;1;
50660000;1;07/1990;1;1;167.0;137.0;152.0;18;31;1;1;1;;0;150.0;155.0;158.0;157.0;155.0;152.0;152.0;152.0;150.0;150.0;149.0;148.0;147.0;148.0;155.0;160.0;166.0;167.0;164.0;162.0;156.0;155.0;151.0;148.0;147.0;148.0;148.0;146.0;144.0;138.0;137.0;1;1;1;1;1;1;1;1;1;1;1;1;1;1;1;1;1;1;1;1;1;1;1;1;1;1;1;1;1;1;1
50660000;2;07/1990;1;1;167.0;137.0;152.0968;18;31;1;1;1;0.0;0;150.0;155.0;158.0;157.0;155.0;152.0;152.0;152.0;150.0;150.0;149.0;148.0;147.0;148.0;155.0;160.0;166.0;167.0;164.0;162.0;156.0;155.0;151.0;148.0;147.0;148.0;148.0;146.0;144.0;138.0;137.0;1;1;1;1;1;1;1;1;1;1;1;1;1;1;1;1;1;1;1;1;1;1;1;1;1;1;1;1;1;1;1
50660000;1;08/1990;1;1;187.0;137.0;159.0;18;1;1;1;1;;0;137.0;138.0;138.0;138.0;138.0;137.0;137.0;141.0;146.0;148.0;152.0;153.0;161.0;167.0;175.0;173.0;177.0;187.0;183.0;180.0;182.0;178.0;176.0;175.0;172.0;171.0;167.0;156.0;153.0;148.0;146.0;1;1;1;1;1;1;1;1;1;1;1;1;1;1;1;1;1;1;1;1;1;1;1;1;1;1;1;1;1;1;1
50660000;2;08/1990;1;1;187.0;137.0;159.0323;18;1;1;1;1;0.0;0;137.0;138.0;138.0;138.0;138.0;137.0;137.0;141.0;146.0;148.0;152.0;153.0;161.0;167.0;175.0;173.0;177.0;187.0;183.0;180.0;182.0;178.0;176.0;175.0;172.0;171.0;167.0;156.0;153.0;148.0;146.0;1;1;1;1;1;1;1;1;1;1;1;1;1;1;1;1;1;1;1;1;1;1;1;1;1;1;1;1;1;1;1
50660000;1;09/1990;1;1;186.0;129.0;148.0;28;11;1;1;1;;0;142.0;138.0;137.0;136.0;134.0;134.0;134.0;134.0;132.0;131.0;129.0;129.0;129.0;132.0;134.0;136.0;140.0;160.0;163.0;159.0;157.0;154.0;154.0;153.0;153.0;179.0;183.0;186.0;183.0;178.0;;1;1;1;1;1;1;1;1;1;1;1;1;1;1;1;1;1;1;1;1;1;1;1;1;1;1;1;1;1;1;0
50660000;2;09/1990;1;1;186.0;129.0;148.10001;28;11;1;1;1;0.0;0;142.0;138.0;137.0;136.0;134.0;134.0;134.0;134.0;132.0;131.0;129.0;129.0;129.0;132.0;134.0;136.0;140.0;160.0;163.0;159.0;157.0;154.0;154.0;153.0;153.0;179.0;183.0;186.0;183.0;178.0;;1;1;1;1;1;1;1;1;1;1;1;1;1;1;1;1;1;1;1;1;1;1;1;1;1;1;1;1;1;1;
50660000;1;10/1990;1;1;190.0;127.0;158.0;9;30;1;1;1;;0;174.0;175.0;178.0;179.0;181.0;184.0;184.0;186.0;190.0;188.0;177.0;174.0;172.0;165.0;162.0;146.0;142.0;145.0;150.0;154.0;152.0;147.0;142.0;136.0;136.0;134.0;134.0;128.0;128.0;127.0;127.0;1;1;1;1;1;1;1;1;1;1;1;1;1;1;1;1;1;1;1;1;1;1;1;1;1;1;1;1;1;1;1
50660000;2;10/1990;1;1;190.0;127.0;157.9677;9;30;1;1;1;0.0;0;174.0;175.0;178.0;179.0;181.0;184.0;184.0;186.0;190.0;188.0;177.0;174.0;172.0;165.0;162.0;146.0;142.0;145.0;150.0;154.0;152.0;147.0;142.0;136.0;136.0;134.0;134.0;128.0;128.0;127.0;127.0;1;1;1;1;1;1;1;1;1;1;1;1;1;1;1;1;1;1;1;1;1;1;1;1;1;1;1;1;1;1;1
50660000;1;11/1990;1;1;138.0;118.0;127.0;23;30;1;1;1;;0;127.0;126.0;126.0;126.0;126.0;126.0;126.0;126.0;126.0;125.0;125.0;125.0;126.0;126.0;126.0;127.0;125.0;124.0;124.0;127.0;130.0;134.0;138.0;137.0;133.0;129.0;124.0;122.0;119.0;118.0;;1;1;1;1;1;1;1;1;1;1;1;1;1;1;1;1;1;1;1;1;1;1;1;1;1;1;1;1;1;1;0
50660000;2;11/1990;1;1;138.0;118.0;126.6333;23;30;1;1;1;0.0;0;127.0;126.0;126.0;126.0;126.0;126.0;126.0;126.0;126.0;125.0;125.0;125.0;126.0;126.0;126.0;127.0;125.0;124.0;124.0;127.0;130.0;134.0;138.0;137.0;133.0;129.0;124.0;122.0;119.0;118.0;;1;1;1;1;1;1;1;1;1;1;1;1;1;1;1;1;1;1;1;1;1;1;1;1;1;1;1;1;1;1;
50660000;1;12/1990;1;1;146.0;107.0;130.0;17;30;1;1;1;;0;118.0;123.0;127.0;132.0;133.0;131.0;129.0;128.0;128.0;126.0;126.0;132.0;142.0;145.0;145.0;144.0;146.0;145.0;139.0;146.0;140.0;136.0;135.0;130.0;125.0;120.0;117.0;113.0;110.0;107.0;111.0;1;1;1;1;1;1;1;1;1;1;1;1;1;1;1;1;1;1;1;1;1;1;1;1;1;1;1;1;1;1;1
50660000;2;12/1990;1;1;146.0;107.0;129.9677;17;30;1;1;1;0.0;0;118.0;123.0;127.0;132.0;133.0;131.0;129.0;128.0;128.0;126.0;126.0;132.0;142.0;145.0;145.0;144.0;146.0;145.0;139.0;146.0;140.0;136.0;135.0;130.0;125.0;120.0;117.0;113.0;110.0;107.0;111.0;1;1;1;1;1;1;1;1;1;1;1;1;1;1;1;1;1;1;1;1;1;1;1;1;1;1;1;1;1;1;1
50660000;1;01/1991;1;1;244.0;116.0;130.0;1;19;1;1;1;155.0;1;244.0;162.0;137.0;134.0;133.0;128.0;126.0;124.0;124.0;125.0;124.0;123.0;122.0;122.0;120.0;118.0;118.0;117.0;116.0;116.0;117.0;119.0;127.0;138.0;141.0;137.0;132.0;125.0;121.0;118.0;117.0;1;1;1;1;1;1;1;1;1;1;1;1;1;1;1;1;1;1;1;1;1;1;1;1;1;1;1;1;1;1;1
50660000;2;01/1991;1;1;244.0;116.0;129.8387;1;19;1;1;1;0.0;0;244.0;162.0;137.0;134.0;133.0;128.0;126.0;124.0;124.0;125.0;124.0;123.0;122.0;122.0;120.0;118.0;118.0;117.0;116.0;116.0;117.0;119.0;127.0;138.0;141.0;137.0;132.0;125.0;121.0;118.0;117.0;1;1;1;1;1;1;1;1;1;1;1;1;1;1;1;1;1;1;1;1;1;1;1;1;1;1;1;1;1;1;1
50660000;1;02/1991;1;1;117.0;105.0;109.0;1;20;1;1;1;155.0;1;117.0;114.0;112.0;112.0;112.0;111.0;111.0;110.0;110.0;110.0;110.0;110.0;109.0;109.0;109.0;108.0;108.0;107.0;106.0;105.0;105.0;105.0;105.0;105.0;105.0;105.0;105.0;105.0;;;;1;1;1;1;1;1;1;1;1;1;1;1;1;1;1;1;1;1;1;1;1;1;1;1;1;1;1;1;0;0;0
50660000;2;02/1991;1;1;117.0;105.0;108.5714;1;20;1;1;1;0.0;0;117.0;114.0;112.0;112.0;112.0;111.0;111.0;110.0;110.0;110.0;110.0;110.0;109.0;109.0;109.0;108.0;108.0;107.0;106.0;105.0;105.0;105.0;105.0;105.0;105.0;105.0;105.0;105.0;;;;1;1;1;1;1;1;1;1;1;1;1;1;1;1;1;1;1;1;1;1;1;1;1;1;1;1;1;1;;;
50660000;1;03/1991;1;1;224.0;105.0;135.0;22;1;1;1;1;155.0;1;105.0;105.0;106.0;107.0;109.0;110.0;111.0;111.0;112.0;112.0;115.0;114.0;113.0;113.0;114.0;119.0;120.0;153.0;179.0;205.0;219.0;224.0;215.0;190.0;152.0;133.0;127.0;126.0;124.0;122.0;118.0;1;1;1;1;1;1;1;1;1;1;1;1;1;1;1;1;1;1;1;1;1;1;1;1;1;1;1;1;1;1;1
50660000;2;03/1991;1;1;224.0;105.0;134.9355;22;1;1;1;1;0.0;0;105.0;105.0;106.0;107.0;109.0;110.0;111.0;111.0;112.0;112.0;115.0;114.0;113.0;113.0;114.0;119.0;120.0;153.0;179.0;205.0;219.0;224.0;215.0;190.0;152.0;133.0;127.0;126.0;124.0;122.0;118.0;1;1;1;1;1;1;1;1;1;1;1;1;1;1;1;1;1;1;1;1;1;1;1;1;1;1;1;1;1;1;1
50660000;1;04/1991;1;1;238.0;112.0;148.0;9;6;1;1;1;155.0;1;117.0;116.0;114.0;114.0;114.0;112.0;120.0;233.0;238.0;216.0;183.0;158.0;160.0;158.0;152.0;148.0;141.0;128.0;137.0;138.0;143.0;139.0;136.0;133.0;133.0;141.0;163.0;158.0;155.0;155.0;;1;1;1;1;1;1;1;1;1;1;1;1;1;1;1;1;1;1;1;1;1;1;1;1;1;1;1;1;1;1;0
50660000;2;04/1991;1;1;238.0;112.0;148.4333;9;6;1;1;1;0.0;0;117.0;116.0;114.0;114.0;114.0;112.0;120.0;233.0;238.0;216.0;183.0;158.0;160.0;158.0;152.0;148.0;141.0;128.0;137.0;138.0;143.0;139.0;136.0;133.0;133.0;141.0;163.0;158.0;155.0;155.0;;1;1;1;1;1;1;1;1;1;1;1;1;1;1;1;1;1;1;1;1;1;1;1;1;1;1;1;1;1;1;
50660000;1;05/1991;1;1;307.0;126.0;178.0;23;9;1;1;1;155.0;1;152.0;147.0;143.0;138.0;134.0;131.0;128.0;127.0;126.0;128.0;139.0;152.0;141.0;138.0;136.0;135.0;140.0;157.0;211.0;261.0;272.0;279.0;307.0;264.0;204.0;195.0;198.0;200.0;207.0;216.0;225.0;1;1;1;1;1;1;1;1;1;1;1;1;1;1;1;1;1;1;1;1;1;1;1;1;1;1;1;1;1;1;1
50660000;2;05/1991;1;1;307.0;126.0;178.4194;23;9;1;1;1;0.0;0;152.0;147.0;143.0;138.0;134.0;131.0;128.0;127.0;126.0;128.0;139.0;152.0;141.0;138.0;136.0;135.0;140.0;157.0;211.0;261.0;272.0;279.0;307.0;264.0;204.0;195.0;198.0;200.0;207.0;216.0;225.0;1;1;1;1;1;1;1;1;1;1;1;1;1;1;1;1;1;1;1;1;1;1;1;1;1;1;1;1;1;1;1
50660000;1;06/1991;1;1;383.0;193.0;266.0;8;26;1;1;1;155.0;1;254.0;265.0;273.0;270.0;268.0;271.0;265.0;383.0;349.0;321.0;312.0;305.0;270.0;240.0;230.0;257.0;338.0;336.0;371.0;283.0;251.0;242.0;227.0;206.0;195.0;193.0;193.0;194.0;197.0;216.0;;1;1;1;1;1;1;1;1;1;1;1;1;1;1;1;1;1;1;1;1;1;1;1;1;1;1;1;1;1;1;0
50660000;2;06/1991;1;1;383.0;193.0;265.83331;8;26;1;1;1;0.0;0;254.0;265.0;273.0;270.0;268.0;271.0;265.0;383.0;349.0;321.0;312.0;305.0;270.0;240.0;230.0;257.0;338.0;336.0;371.0;283.0;251.0;242.0;227.0;206.0;195.0;193.0;193.0;194.0;197.0;216.0;;1;1;1;1;1;1;1;1;1;1;1;1;1;1;1;1;1;1;1;1;1;1;1;1;1;1;1;1;1;1;
50660000;1;07/1991;1;1;244.0;162.0;185.0;1;25;1;1;1;155.0;1;244.0;240.0;233.0;224.0;222.0;217.0;200.0;183.0;179.0;186.0;183.0;173.0;165.0;165.0;167.0;170.0;175.0;178.0;183.0;187.0;184.0;180.0;174.0;166.0;162.0;164.0;170.0;170.0;167.0;165.0;166.0;1;1;1;1;1;1;1;1;1;1;1;1;1;1;1;1;1;1;1;1;1;1;1;1;1;1;1;1;1;1;1
50660000;2;07/1991;1;1;244.0;162.0;185.2258;1;25;1;1;1;0.0;0;244.0;240.0;233.0;224.0;222.0;217.0;200.0;183.0;179.0;186.0;183.0;173.0;165.0;165.0;167.0;170.0;175.0;178.0;183.0;187.0;184.0;180.0;174.0;166.0;162.0;164.0;170.0;170.0;167.0;165.0;166.0;1;1;1;1;1;1;1;1;1;1;1;1;1;1;1;1;1;1;1;1;1;1;1;1;1;1;1;1;1;1;1
50660000;1;08/1991;1;1;210.0;154.0;174.0;22;12;1;1;1;155.0;1;164.0;168.0;166.0;164.0;163.0;182.0;180.0;171.0;164.0;157.0;155.0;154.0;158.0;160.0;161.0;165.0;168.0;171.0;180.0;189.0;201.0;210.0;203.0;197.0;193.0;180.0;172.0;181.0;174.0;171.0;163.0;1;1;1;1;1;1;1;1;1;1;1;1;1;1;1;1;1;1;1;1;1;1;1;1;1;1;1;1;1;1;1
50660000;2;08/1991;1;1;210.0;154.0;173.7097;22;12;1;1;1;0.0;0;164.0;168.0;166.0;164.0;163.0;182.0;180.0;171.0;164.0;157.0;155.0;154.0;158.0;160.0;161.0;165.0;168.0;171.0;180.0;189.0;201.0;210.0;203.0;197.0;193.0;180.0;172.0;181.0;174.0;171.0;163.0;1;1;1;1;1;1;1;1;1;1;1;1;1;1;1;1;1;1;1;1;1;1;1;1;1;1;1;1;1;1;1
50660000;1;09/1991;1;1;185.0;138.0;156.0;7;29;1;1;1;155.0;1;160.0;161.0;169.0;180.0;182.0;177.0;185.0;180.0;176.0;172.0;166.0;166.0;160.0;157.0;154.0;150.0;147.0;146.0;144.0;144.0;142.0;142.0;140.0;140.0;140.0;140.0;140.0;140.0;138.0;138.0;;1;1;1;1;1;1;1;1;1;1;1;1;1;1;1;1;1;1;1;1;1;1;1;1;1;1;1;1;1;1;0
50660000;2;09/1991;1;1;185.0;138.0;155.8667;7;29;1;1;1;0.0;0;160.0;161.0;169.0;180.0;182.0;177.0;185.0;180.0;176.0;172.0;166.0;166.0;160.0;157.0;154.0;150.0;147.0;146.0;144.0;144.0;142.0;142.0;140.0;140.0;140.0;140.0;140.0;140.0;138.0;138.0;;1;1;1;1;1;1;1;1;1;1;1;1;1;1;1;1;1;1;1;1;1;1;1;1;1;1;1;1;1;1;
50660000;1;10/1991;1;1;138.0;124.0;130.0;1;26;1;1;1;155.0;1;138.0;138.0;138.0;137.0;137.0;136.0;136.0;134.0;134.0;134.0;132.0;132.0;132.0;131.0;130.0;130.0;128.0;128.0;128.0;127.0;127.0;126.0;126.0;126.0;125.0;124.0;124.0;124.0;124.0;124.0;124.0;1;1;1;1;1;1;1;1;1;1;1;1;1;1;1;1;1;1;1;1;1;1;1;1;1;1;1;1;1;1;1
50660000;2;10/1991;1;1;138.0;124.0;130.129;1;26;1;1;1;0.0;0;138.0;138.0;138.0;137.0;137.0;136.0;136.0;134.0;134.0;134.0;132.0;132.0;132.0;131.0;130.0;130.0;128.0;128.0;128.0;127.0;127.0;126.0;126.0;126.0;125.0;124.0;124.0;124.0;124.0;124.0;124.0;1;1;1;1;1;1;1;1;1;1;1;1;1;1;1;1;1;1;1;1;1;1;1;1;1;1;1;1;1;1;1
50660000;1;11/1991;1;1;132.0;121.0;124.0;24;8;1;1;1;155.0;1;124.0;124.0;124.0;122.0;122.0;122.0;122.0;121.0;121.0;121.0;121.0;121.0;121.0;121.0;121.0;121.0;121.0;121.0;121.0;121.0;121.0;121.0;128.0;132.0;132.0;132.0;131.0;131.0;129.0;128.0;;1;1;1;1;1;1;1;1;1;1;1;1;1;1;1;1;1;1;1;1;1;1;1;1;1;1;1;1;1;1;0
50660000;2;11/1991;1;1;132.0;121.0;123.9333;24;8;1;1;1;0.0;0;124.0;124.0;124.0;122.0;122.0;122.0;122.0;121.0;121.0;121.0;121.0;121.0;121.0;121.0;121.0;121.0;121.0;121.0;121.0;121.0;121.0;121.0;128.0;132.0;132.0;132.0;131.0;131.0;129.0;128.0;;1;1;1;1;1;1;1;1;1;1;1;1;1;1;1;1;1;1;1;1;1;1;1;1;1;1;1;1;1;1;
50660000;1;12/1991;1;1;128.0;121.0;125.0;1;29;1;1;1;155.0;1;128.0;128.0;128.0;128.0;128.0;127.0;126.0;127.0;126.0;126.0;126.0;125.0;125.0;125.0;124.0;124.0;124.0;124.0;124.0;124.0;124.0;124.0;122.0;122.0;122.0;122.0;122.0;122.0;121.0;121.0;121.0;1;1;1;1;1;1;1;1;1;1;1;1;1;1;1;1;1;1;1;1;1;1;1;1;1;1;1;1;1;1;1
50660000;2;12/1991;1;1;128.0;121.0;124.5161;1;29;1;1;1;0.0;0;128.0;128.0;128.0;128.0;128.0;127.0;126.0;127.0;126.0;126.0;126.0;125.0;125.0;125.0;124.0;124.0;124.0;124.0;124.0;124.0;124.0;124.0;122.0;122.0;122.0;122.0;122.0;122.0;121.0;121.0;121.0;1;1;1;1;1;1;1;1;1;1;1;1;1;1;1;1;1;1;1;1;1;1;1;1;1;1;1;1;1;1;1
50660000;1;01/1992;1;1;168.0;112.0;124.0;30;24;1;1;1;145.0;1;121.0;121.0;121.0;120.0;120.0;119.0;119.0;118.0;118.0;117.0;117.0;116.0;116.0;116.0;115.0;115.0;115.0;115.0;114.0;114.0;114.0;114.0;113.0;112.0;115.0;124.0;146.0;152.0;167.0;168.0;165.0;1;1;1;1;1;1;1;1;1;1;1;1;1;1;1;1;1;1;1;1;1;1;1;1;1;1;1;1;1;1;1
50660000;2;01/1992;1;1;168.0;112.0;123.7742;30;24;1;1;1;0.0;0;121.0;121.0;121.0;120.0;120.0;119.0;119.0;118.0;118.0;117.0;117.0;116.0;116.0;116.0;115.0;115.0;115.0;115.0;114.0;114.0;114.0;114.0;113.0;112.0;115.0;124.0;146.0;152.0;167.0;168.0;165.0;1;1;1;1;1;1;1;1;1;1;1;1;1;1;1;1;1;1;1;1;1;1;1;1;1;1;1;1;1;1;1
50660000;1;02/1992;1;1;368.0;144.0;214.0;13;6;1;1;1;145.0;1;164.0;160.0;154.0;150.0;146.0;144.0;186.0;168.0;167.0;180.0;213.0;302.0;368.0;322.0;301.0;264.0;233.0;223.0;205.0;213.0;210.0;207.0;210.0;232.0;236.0;236.0;215.0;195.0;192.0;;;1;1;1;1;1;1;1;1;1;1;1;1;1;1;1;1;1;1;1;1;1;1;1;1;1;1;1;1;1;0;0
50660000;2;02/1992;1;1;368.0;144.0;213.6552;13;6;1;1;1;0.0;0;164.0;160.0;154.0;150.0;146.0;144.0;186.0;168.0;167.0;180.0;213.0;302.0;368.0;322.0;301.0;264.0;233.0;223.0;205.0;213.0;210.0;207.0;210.0;232.0;236.0;236.0;215.0;195.0;192.0;;;1;1;1;1;1;1;1;1;1;1;1;1;1;1;1;1;1;1;1;1;1;1;1;1;1;1;1;1;1;;
50660000;1;03/1992;1;1;191.0;141.0;169.0;1;31;1;1;1;145.0;1;191.0;190.0;188.0;186.0;186.0;184.0;182.0;179.0;176.0;174.0;172.0;172.0;171.0;170.0;179.0;178.0;176.0;173.0;168.0;165.0;161.0;158.0;156.0;156.0;154.0;152.0;151.0;149.0;145.0;142.0;141.0;1;1;1;1;1;1;1;1;1;1;1;1;1;1;1;1;1;1;1;1;1;1;1;1;1;1;1;1;1;1;1
50660000;2;03/1992;1;1;191.0;141.0;168.5484;1;31;1;1;1;0.0;0;191.0;190.0;188.0;186.0;186.0;184.0;182.0;179.0;176.0;174.0;172.0;172.0;171.0;170.0;179.0;178.0;176.0;173.0;168.0;165.0;161.0;158.0;156.0;156.0;154.0;152.0;151.0;149.0;145.0;142.0;141.0;1;1;1;1;1;1;1;1;1;1;1;1;1;1;1;1;1;1;1;1;1;1;1;1;1;1;1;1;1;1;1
50660000;1;04/1992;1;1;146.0;121.0;133.0;14;30;1;1;1;145.0;1;141.0;140.0;138.0;137.0;136.0;138.0;138.0;136.0;135.0;133.0;133.0;137.0;141.0;146.0;143.0;135.0;137.0;137.0;135.0;134.0;131.0;128.0;127.0;126.0;126.0;125.0;124.0;124.0;122.0;121.0;;1;1;1;1;1;1;1;1;1;1;1;1;1;1;1;1;1;1;1;1;1;1;1;1;1;1;1;1;1;1;0
50660000;2;04/1992;1;1;146.0;121.0;133.46671;14;30;1;1;1;0.0;0;141.0;140.0;138.0;137.0;136.0;138.0;138.0;136.0;135.0;133.0;133.0;137.0;141.0;146.0;143.0;135.0;137.0;137.0;135.0;134.0;131.0;128.0;127.0;126.0;126.0;125.0;124.0;124.0;122.0;121.0;;1;1;1;1;1;1;1;1;1;1;1;1;1;1;1;1;1;1;1;1;1;1;1;1;1;1;1;1;1;1;
50660000;1;05/1992;1;1;135.0;116.0;123.0;30;21;1;1;1;145.0;1;121.0;120.0;120.0;123.0;125.0;122.0;126.0;120.0;119.0;122.0;129.0;131.0;128.0;127.0;126.0;125.0;124.0;119.0;118.0;117.0;116.0;116.0;116.0;116.0;116.0;116.0;121.0;127.0;131.0;135.0;135.0;1;1;1;1;1;1;1;1;1;1;1;1;1;1;1;1;1;1;1;1;1;1;1;1;1;1;1;1;1;1;1
50660000;2;05/1992;1;1;135.0;116.0;122.8065;30;21;1;1;1;0.0;0;121.0;120.0;120.0;123.0;125.0;122.0;126.0;120.0;119.0;122.0;129.0;131.0;128.0;127.0;126.0;125.0;124.0;119.0;118.0;117.0;116.0;116.0;116.0;116.0;116.0;116.0;121.0;127.0;131.0;135.0;135.0;1;1;1;1;1;1;1;1;1;1;1;1;1;1;1;1;1;1;1;1;1;1;1;1;1;1;1;1;1;1;1
50660000;1;06/1992;1;1;174.0;134.0;150.0;20;7;1;1;1;145.0;1;135.0;138.0;137.0;137.0;135.0;135.0;134.0;135.0;136.0;136.0;138.0;140.0;143.0;141.0;139.0;142.0;146.0;156.0;173.0;174.0;172.0;171.0;170.0;170.0;169.0;168.0;165.0;162.0;159.0;155.0;;1;1;1;1;1;1;1;1;1;1;1;1;1;1;1;1;1;1;1;1;1;1;1;1;1;1;1;1;1;1;0
50660000;2;06/1992;1;1;174.0;134.0;150.3667;20;7;1;1;1;0.0;0;135.0;138.0;137.0;137.0;135.0;135.0;134.0;135.0;136.0;136.0;138.0;140.0;143.0;141.0;139.0;142.0;146.0;156.0;173.0;174.0;172.0;171.0;170.0;170.0;169.0;168.0;165.0;162.0;159.0;155.0;;1;1;1;1;1;1;1;1;1;1;1;1;1;1;1;1;1;1;1;1;1;1;1;1;1;1;1;1;1;1;
50660000;1;07/1992;1;1;223.0;143.0;160.0;28;11;1;1;1;145.0;1;150.0;146.0;151.0;156.0;160.0;159.0;153.0;148.0;146.0;144.0;143.0;143.0;144.0;145.0;148.0;152.0;155.0;159.0;161.0;156.0;148.0;149.0;146.0;146.0;145.0;160.0;207.0;223.0;220.0;199.0;183.0;1;1;1;1;1;1;1;1;1;1;1;1;1;1;1;1;1;1;1;1;1;1;1;1;1;1;1;1;1;1;1
50660000;2;07/1992;1;1;223.0;143.0;159.5161;28;11;1;1;1;0.0;0;150.0;146.0;151.0;156.0;160.0;159.0;153.0;148.0;146.0;144.0;143.0;143.0;144.0;145.0;148.0;152.0;155.0;159.0;161.0;156.0;148.0;149.0;146.0;146.0;145.0;160.0;207.0;223.0;220.0;199.0;183.0;1;1;1;1;1;1;1;1;1;1;1;1;1;1;1;1;1;1;1;1;1;1;1;1;1;1;1;1;1;1;1
50660000;1;08/1992;1;1;177.0;137.0;161.0;1;31;1;1;1;145.0;1;177.0;173.0;165.0;165.0;161.0;164.0;160.0;156.0;155.0;155.0;155.0;156.0;164.0;162.0;156.0;176.0;175.0;176.0;176.0;175.0;176.0;173.0;176.0;157.0;148.0;147.0;146.0;145.0;143.0;138.0;137.0;1;1;1;1;1;1;1;1;1;1;1;1;1;1;1;1;1;1;1;1;1;1;1;1;1;1;1;1;1;1;1
50660000;2;08/1992;1;1;177.0;137.0;160.9032;1;31;1;1;1;0.0;0;177.0;173.0;165.0;165.0;161.0;164.0;160.0;156.0;155.0;155.0;155.0;156.0;164.0;162.0;156.0;176.0;175.0;176.0;176.0;175.0;176.0;173.0;176.0;157.0;148.0;147.0;146.0;145.0;143.0;138.0;137.0;1;1;1;1;1;1;1;1;1;1;1;1;1;1;1;1;1;1;1;1;1;1;1;1;1;1;1;1;1;1;1
50660000;1;09/1992;1;1;148.0;131.0;139.0;26;3;1;1;1;145.0;1;135.0;132.0;131.0;147.0;147.0;144.0;141.0;139.0;141.0;139.0;138.0;138.0;137.0;138.0;139.0;139.0;138.0;137.0;136.0;136.0;136.0;136.0;137.0;139.0;146.0;148.0;145.0;143.0;140.0;139.0;;1;1;1;1;1;1;1;1;1;1;1;1;1;1;1;1;1;1;1;1;1;1;1;1;1;1;1;1;1;1;0
50660000;2;09/1992;1;1;148.0;131.0;139.3667;26;3;1;1;1;0.0;0;135.0;132.0;131.0;147.0;147.0;144.0;141.0;139.0;141.0;139.0;138.0;138.0;137.0;138.0;139.0;139.0;138.0;137.0;136.0;136.0;136.0;136.0;137.0;139.0;146.0;148.0;145.0;143.0;140.0;139.0;;1;1;1;1;1;1;1;1;1;1;1;1;1;1;1;1;1;1;1;1;1;1;1;1;1;1;1;1;1;1;
50660000;1;10/1992;1;1;138.0;115.0;126.0;1;30;1;1;1;145.0;1;138.0;136.0;136.0;135.0;135.0;135.0;134.0;134.0;134.0;131.0;131.0;131.0;130.0;128.0;126.0;125.0;122.0;121.0;120.0;120.0;120.0;119.0;119.0;118.0;118.0;118.0;116.0;116.0;116.0;115.0;115.0;1;1;1;1;1;1;1;1;1;1;1;1;1;1;1;1;1;1;1;1;1;1;1;1;1;1;1;1;1;1;1
50660000;2;10/1992;1;1;138.0;115.0;125.5484;1;30;1;1;1;0.0;0;138.0;136.0;136.0;135.0;135.0;135.0;134.0;134.0;134.0;131.0;131.0;131.0;130.0;128.0;126.0;125.0;122.0;121.0;120.0;120.0;120.0;119.0;119.0;118.0;118.0;118.0;116.0;116.0;116.0;115.0;115.0;1;1;1;1;1;1;1;1;1;1;1;1;1;1;1;1;1;1;1;1;1;1;1;1;1;1;1;1;1;1;1
50660000;1;11/1992;1;1;154.0;110.0;114.0;30;23;1;1;1;145.0;1;115.0;115.0;115.0;114.0;114.0;114.0;114.0;114.0;114.0;114.0;113.0;113.0;113.0;113.0;112.0;112.0;112.0;112.0;111.0;111.0;;111.0;110.0;110.0;110.0;110.0;110.0;110.0;113.0;152.0;;1;1;1;1;1;1;1;1;1;1;1;1;1;1;1;1;1;1;1;1;0;1;1;1;1;1;1;1;1;1;0
50660000;2;11/1992;1;1;152.0;110.0;113.7333;30;23;2;2;2;0.0;0;115.0;115.0;115.0;114.0;114.0;114.0;114.0;114.0;114.0;114.0;113.0;113.0;113.0;113.0;112.0;112.0;112.0;112.0;111.0;111.0;111.0;111.0;110.0;110.0;110.0;110.0;110.0;110.0;113.0;152.0;;1;1;1;1;1;1;1;1;1;1;1;1;1;1;1;1;1;1;1;1;2;1;1;1;1;1;1;1;1;1;
50660000;1;12/1992;1;1;170.0;110.0;128.0;21;15;1;1;1;145.0;1;139.0;136.0;124.0;120.0;117.0;116.0;116.0;114.0;113.0;112.0;112.0;112.0;111.0;111.0;110.0;110.0;110.0;112.0;153.0;161.0;170.0;168.0;163.0;147.0;141.0;138.0;134.0;129.0;124.0;123.0;121.0;1;1;1;1;1;1;1;1;1;1;1;1;1;1;1;1;1;1;1;1;1;1;1;1;1;1;1;1;1;1;1
50660000;2;12/1992;1;1;170.0;110.0;127.9677;21;15;1;1;1;0.0;0;139.0;136.0;124.0;120.0;117.0;116.0;116.0;114.0;113.0;112.0;112.0;112.0;111.0;111.0;110.0;110.0;110.0;112.0;153.0;161.0;170.0;168.0;163.0;147.0;141.0;138.0;134.0;129.0;124.0;123.0;121.0;1;1;1;1;1;1;1;1;1;1;1;1;1;1;1;1;1;1;1;1;1;1;1;1;1;1;1;1;1;1;1
50660000;1;01/1993;1;1;120.0;107.0;111.0;1;12;1;1;1;115.0;1;120.0;118.0;115.0;114.0;113.0;110.0;110.0;110.0;109.0;108.0;108.0;107.0;107.0;107.0;107.0;107.0;108.0;108.0;109.0;110.0;112.0;115.0;112.0;113.0;110.0;115.0;117.0;112.0;112.0;111.0;110.0;1;1;1;1;1;1;1;1;1;1;1;1;1;1;1;1;1;1;1;1;1;1;1;1;1;1;1;1;1;1;1
50660000;2;01/1993;1;1;120.0;107.0;111.0968;1;12;1;1;1;0.0;0;120.0;118.0;115.0;114.0;113.0;110.0;110.0;110.0;109.0;108.0;108.0;107.0;107.0;107.0;107.0;107.0;108.0;108.0;109.0;110.0;112.0;115.0;112.0;113.0;110.0;115.0;117.0;112.0;112.0;111.0;110.0;1;1;1;1;1;1;1;1;1;1;1;1;1;1;1;1;1;1;1;1;1;1;1;1;1;1;1;1;1;1;1
50660000;1;02/1993;1;1;110.0;104.0;106.0;1;11;1;1;1;115.0;1;110.0;110.0;108.0;108.0;108.0;108.0;107.0;107.0;106.0;105.0;104.0;104.0;104.0;104.0;104.0;104.0;104.0;104.0;105.0;107.0;105.0;105.0;104.0;104.0;105.0;108.0;107.0;106.0;;;;1;1;1;1;1;1;1;1;1;1;1;1;1;1;1;1;1;1;1;1;1;1;1;1;1;1;1;1;0;0;0
50660000;2;02/1993;1;1;110.0;104.0;105.8929;1;11;1;1;1;0.0;0;110.0;110.0;108.0;108.0;108.0;108.0;107.0;107.0;106.0;105.0;104.0;104.0;104.0;104.0;104.0;104.0;104.0;104.0;105.0;107.0;105.0;105.0;104.0;104.0;105.0;108.0;107.0;106.0;;;;1;1;1;1;1;1;1;1;1;1;1;1;1;1;1;1;1;1;1;1;1;1;1;1;1;1;1;1;;;
50660000;1;03/1993;1;1;105.0;100.0;102.0;3;23;1;1;1;115.0;1;104.0;104.0;105.0;104.0;104.0;104.0;104.0;104.0;104.0;104.0;104.0;104.0;104.0;104.0;103.0;103.0;102.0;102.0;101.0;101.0;101.0;101.0;100.0;100.0;100.0;100.0;100.0;100.0;100.0;100.0;100.0;1;1;1;1;1;1;1;1;1;1;1;1;1;1;1;1;1;1;1;1;1;1;1;1;1;1;1;1;1;1;1
50660000;2;03/1993;1;1;105.0;100.0;102.2903;3;23;1;1;1;0.0;0;104.0;104.0;105.0;104.0;104.0;104.0;104.0;104.0;104.0;104.0;104.0;104.0;104.0;104.0;103.0;103.0;102.0;102.0;101.0;101.0;101.0;101.0;100.0;100.0;100.0;100.0;100.0;100.0;100.0;100.0;100.0;1;1;1;1;1;1;1;1;1;1;1;1;1;1;1;1;1;1;1;1;1;1;1;1;1;1;1;1;1;1;1
50660000;1;04/1993;1;1;128.0;98.0;105.0;29;5;1;1;1;115.0;1;100.0;100.0;99.0;99.0;98.0;98.0;98.0;98.0;98.0;98.0;98.0;98.0;98.0;99.0;100.0;100.0;100.0;101.0;101.0;102.0;104.0;106.0;108.0;111.0;115.0;118.0;119.0;127.0;128.0;125.0;;1;1;1;1;1;1;1;1;1;1;1;1;1;1;1;1;1;1;1;1;1;1;1;1;1;1;1;1;1;1;0
50660000;2;04/1993;1;1;128.0;98.0;104.8;29;5;1;1;1;0.0;0;100.0;100.0;99.0;99.0;98.0;98.0;98.0;98.0;98.0;98.0;98.0;98.0;98.0;99.0;100.0;100.0;100.0;101.0;101.0;102.0;104.0;106.0;108.0;111.0;115.0;118.0;119.0;127.0;128.0;125.0;;1;1;1;1;1;1;1;1;1;1;1;1;1;1;1;1;1;1;1;1;1;1;1;1;1;1;1;1;1;1;
50660000;1;05/1993;1;1;138.0;114.0;126.0;13;7;1;1;1;115.0;1;123.0;121.0;120.0;119.0;116.0;115.0;114.0;116.0;116.0;117.0;132.0;136.0;138.0;136.0;134.0;134.0;132.0;127.0;126.0;126.0;126.0;124.0;125.0;126.0;127.0;128.0;129.0;128.0;133.0;134.0;136.0;1;1;1;1;1;1;1;1;1;1;1;1;1;1;1;1;1;1;1;1;1;1;1;1;1;1;1;1;1;1;1
50660000;2;05/1993;1;1;138.0;114.0;126.2581;13;7;1;1;1;0.0;0;123.0;121.0;120.0;119.0;116.0;115.0;114.0;116.0;116.0;117.0;132.0;136.0;138.0;136.0;134.0;134.0;132.0;127.0;126.0;126.0;126.0;124.0;125.0;126.0;127.0;128.0;129.0;128.0;133.0;134.0;136.0;1;1;1;1;1;1;1;1;1;1;1;1;1;1;1;1;1;1;1;1;1;1;1;1;1;1;1;1;1;1;1
50660000;1;06/1993;1;1;148.0;114.0;130.0;13;30;1;1;1;115.0;1;137.0;135.0;135.0;132.0;130.0;128.0;126.0;138.0;146.0;147.0;145.0;146.0;148.0;144.0;137.0;135.0;133.0;129.0;126.0;124.0;123.0;122.0;119.0;118.0;117.0;116.0;116.0;115.0;115.0;114.0;;1;1;1;1;1;1;1;1;1;1;1;1;1;1;1;1;1;1;1;1;1;1;1;1;1;1;1;1;1;1;0
50660000;2;06/1993;1;1;148.0;114.0;129.8667;13;30;1;1;1;0.0;0;137.0;135.0;135.0;132.0;130.0;128.0;126.0;138.0;146.0;147.0;145.0;146.0;148.0;144.0;137.0;135.0;133.0;129.0;126.0;124.0;123.0;122.0;119.0;118.0;117.0;116.0;116.0;115.0;115.0;114.0;;1;1;1;1;1;1;1;1;1;1;1;1;1;1;1;1;1;1;1;1;1;1;1;1;1;1;1;1;1;1;
50660000;1;07/1993;1;1;123.0;108.0;114.0;20;13;1;1;1;115.0;1;114.0;114.0;113.0;113.0;112.0;112.0;112.0;112.0;111.0;110.0;110.0;109.0;108.0;108.0;108.0;110.0;111.0;115.0;119.0;123.0;120.0;120.0;118.0;118.0;117.0;117.0;119.0;118.0;117.0;116.0;116.0;1;1;1;1;1;1;1;1;1;1;1;1;1;1;1;1;1;1;1;1;1;1;1;1;1;1;1;1;1;1;1
50660000;2;07/1993;1;1;123.0;108.0;114.1935;20;13;1;1;1;0.0;0;114.0;114.0;113.0;113.0;112.0;112.0;112.0;112.0;111.0;110.0;110.0;109.0;108.0;108.0;108.0;110.0;111.0;115.0;119.0;123.0;120.0;120.0;118.0;118.0;117.0;117.0;119.0;118.0;117.0;116.0;116.0;1;1;1;1;1;1;1;1;1;1;1;1;1;1;1;1;1;1;1;1;1;1;1;1;1;1;1;1;1;1;1
50660000;1;08/1993;1;1;143.0;110.0;125.0;27;12;1;1;1;115.0;1;116.0;117.0;119.0;122.0;120.0;118.0;117.0;115.0;113.0;112.0;112.0;110.0;110.0;112.0;113.0;121.0;139.0;140.0;141.0;140.0;141.0;139.0;138.0;139.0;140.0;141.0;143.0;137.0;125.0;121.0;118.0;1;1;1;1;1;1;1;1;1;1;1;1;1;1;1;1;1;1;1;1;1;1;1;1;1;1;1;1;1;1;1
50660000;2;08/1993;1;1;143.0;110.0;125.4516;27;12;1;1;1;0.0;0;116.0;117.0;119.0;122.0;120.0;118.0;117.0;115.0;113.0;112.0;112.0;110.0;110.0;112.0;113.0;121.0;139.0;140.0;141.0;140.0;141.0;139.0;138.0;139.0;140.0;141.0;143.0;137.0;125.0;121.0;118.0;1;1;1;1;1;1;1;1;1;1;1;1;1;1;1;1;1;1;1;1;1;1;1;1;1;1;1;1;1;1;1
50660000;1;09/1993;1;1;135.0;111.0;119.0;15;24;1;1;1;115.0;1;118.0;118.0;118.0;117.0;116.0;115.0;113.0;113.0;112.0;112.0;115.0;117.0;124.0;129.0;135.0;135.0;127.0;125.0;122.0;117.0;114.0;112.0;112.0;111.0;111.0;115.0;120.0;125.0;127.0;128.0;;1;1;1;1;1;1;1;1;1;1;1;1;1;1;1;1;1;1;1;1;1;1;1;1;1;1;1;1;1;1;0
50660000;2;09/1993;1;1;135.0;111.0;119.1;15;24;1;1;1;0.0;0;118.0;118.0;118.0;117.0;116.0;115.0;113.0;113.0;112.0;112.0;115.0;117.0;124.0;129.0;135.0;135.0;127.0;125.0;122.0;117.0;114.0;112.0;112.0;111.0;111.0;115.0;120.0;125.0;127.0;128.0;;1;1;1;1;1;1;1;1;1;1;1;1;1;1;1;1;1;1;1;1;1;1;1;1;1;1;1;1;1;1;
50660000;1;10/1993;1;1;140.0;110.0;121.0;4;29;1;1;1;115.0;1;133.0;134.0;135.0;140.0;140.0;136.0;132.0;125.0;123.0;122.0;122.0;122.0;121.0;120.0;120.0;119.0;118.0;118.0;118.0;117.0;116.0;116.0;115.0;115.0;114.0;114.0;112.0;112.0;110.0;110.0;110.0;1;1;1;1;1;1;1;1;1;1;1;1;1;1;1;1;1;1;1;1;1;1;1;1;1;1;1;1;1;1;1
50660000;2;10/1993;1;1;140.0;110.0;121.2581;4;29;1;1;1;0.0;0;133.0;134.0;135.0;140.0;140.0;136.0;132.0;125.0;123.0;122.0;122.0;122.0;121.0;120.0;120.0;119.0;118.0;118.0;118.0;117.0;116.0;116.0;115.0;115.0;114.0;114.0;112.0;112.0;110.0;110.0;110.0;1;1;1;1;1;1;1;1;1;1;1;1;1;1;1;1;1;1;1;1;1;1;1;1;1;1;1;1;1;1;1
50660000;1;11/1993;1;1;136.0;104.0;118.0;16;29;1;1;1;115.0;1;112.0;117.0;121.0;122.0;120.0;120.0;119.0;118.0;117.0;118.0;124.0;124.0;127.0;128.0;133.0;136.0;134.0;126.0;122.0;117.0;114.0;114.0;112.0;109.0;108.0;106.0;106.0;105.0;104.0;104.0;;1;1;1;1;1;1;1;1;1;1;1;1;1;1;1;1;1;1;1;1;1;1;1;1;1;1;1;1;1;1;0
50660000;2;11/1993;1;1;136.0;104.0;117.9;16;29;1;1;1;0.0;0;112.0;117.0;121.0;122.0;120.0;120.0;119.0;118.0;117.0;118.0;124.0;124.0;127.0;128.0;133.0;136.0;134.0;126.0;122.0;117.0;114.0;114.0;112.0;109.0;108.0;106.0;106.0;105.0;104.0;104.0;;1;1;1;1;1;1;1;1;1;1;1;1;1;1;1;1;1;1;1;1;1;1;1;1;1;1;1;1;1;1;
50660000;2;12/1993;1;1;104.0;96.0;98.645203;1;18;1;1;1;0.0;0;104.0;104.0;104.0;102.0;102.0;101.0;101.0;101.0;100.0;100.0;99.0;99.0;99.0;98.0;98.0;97.0;97.0;96.0;96.0;96.0;96.0;97.0;97.0;98.0;98.0;97.0;97.0;96.0;96.0;96.0;96.0;1;1;1;1;1;1;1;1;1;1;1;1;1;1;1;1;1;1;1;1;1;1;1;1;1;1;1;1;1;1;1
50660000;1;12/1993;1;1;104.0;96.0;99.0;1;18;1;1;1;115.0;1;104.0;104.0;104.0;102.0;102.0;101.0;101.0;101.0;100.0;100.0;99.0;99.0;99.0;98.0;98.0;97.0;97.0;96.0;96.0;96.0;96.0;97.0;97.0;98.0;98.0;97.0;97.0;96.0;96.0;96.0;96.0;1;1;1;1;1;1;1;1;1;1;1;1;1;1;1;1;1;1;1;1;1;1;1;1;1;1;1;1;1;1;1
50660000;2;01/1994;1;1;97.0;88.0;92.128998;7;23;1;1;1;0.0;0;96.0;96.0;95.0;94.0;94.0;94.0;97.0;96.0;96.0;94.0;94.0;94.0;94.0;94.0;94.0;92.0;92.0;90.0;90.0;90.0;89.0;89.0;88.0;88.0;88.0;88.0;88.0;89.0;89.0;92.0;92.0;1;1;1;1;1;1;1;1;1;1;1;1;1;1;1;1;1;1;1;1;1;1;1;1;1;1;1;1;1;1;1
50660000;1;01/1994;1;1;98.0;88.0;92.0;7;23;1;1;1;;0;96.0;96.0;95.0;94.0;94.0;94.0;97.0;96.0;96.0;94.0;94.0;94.0;94.0;94.0;94.0;92.0;92.0;90.0;90.0;90.0;89.0;89.0;88.0;88.0;88.0;88.0;88.0;89.0;89.0;92.0;92.0;1;1;1;1;1;1;1;1;1;1;1;1;1;1;1;1;1;1;1;1;1;1;1;1;1;1;1;1;1;1;1
50660000;2;02/1994;1;1;272.0;96.0;131.21429;23;1;1;1;1;0.0;0;96.0;96.0;96.0;96.0;98.0;99.0;100.0;101.0;102.0;103.0;104.0;103.0;102.0;100.0;100.0;99.0;99.0;96.0;107.0;104.0;102.0;177.0;272.0;249.0;242.0;223.0;214.0;194.0;;;;1;1;1;1;1;1;1;1;1;1;1;1;1;1;1;1;1;1;1;1;1;1;1;1;1;1;1;1;;;
50660000;1;02/1994;1;1;298.0;96.0;131.0;23;1;1;1;1;;0;96.0;96.0;96.0;96.0;98.0;99.0;100.0;101.0;102.0;103.0;104.0;103.0;102.0;100.0;100.0;99.0;99.0;96.0;107.0;104.0;102.0;177.0;272.0;249.0;242.0;223.0;214.0;194.0;;;;1;1;1;1;1;1;1;1;1;1;1;1;1;1;1;1;1;1;1;1;1;1;1;1;1;1;1;1;0;0;0
50660000;2;03/1994;1;1;213.0;162.0;178.9355;5;22;1;1;1;0.0;0;196.0;198.0;204.0;210.0;213.0;205.0;197.0;193.0;186.0;185.0;183.0;180.0;180.0;178.0;176.0;175.0;175.0;174.0;169.0;164.0;164.0;162.0;162.0;162.0;164.0;168.0;167.0;165.0;164.0;164.0;164.0;1;1;1;1;1;1;1;1;1;1;1;1;1;1;1;1;1;1;1;1;1;1;1;1;1;1;1;1;1;1;1
50660000;1;03/1994;1;1;214.0;162.0;179.0;5;22;1;1;1;;0;196.0;198.0;204.0;210.0;213.0;205.0;197.0;193.0;186.0;185.0;183.0;180.0;180.0;178.0;176.0;175.0;175.0;174.0;169.0;164.0;164.0;162.0;162.0;162.0;164.0;168.0;167.0;165.0;164.0;164.0;164.0;1;1;1;1;1;1;1;1;1;1;1;1;1;1;1;1;1;1;1;1;1;1;1;1;1;1;1;1;1;1;1
50660000;2;04/1994;1;1;198.0;164.0;181.8667;6;1;1;1;1;0.0;0;164.0;165.0;171.0;180.0;195.0;198.0;197.0;196.0;198.0;197.0;193.0;186.0;184.0;182.0;181.0;179.0;177.0;174.0;173.0;170.0;168.0;175.0;180.0;185.0;186.0;183.0;184.0;181.0;178.0;176.0;;1;1;1;1;1;1;1;1;1;1;1;1;1;1;1;1;1;1;1;1;1;1;1;1;1;1;1;1;1;1;
50660000;1;04/1994;1;1;198.0;164.0;182.0;6;1;1;1;1;;0;164.0;165.0;171.0;180.0;195.0;198.0;197.0;196.0;198.0;197.0;193.0;186.0;184.0;182.0;181.0;179.0;177.0;174.0;173.0;170.0;168.0;175.0;180.0;185.0;186.0;183.0;184.0;181.0;178.0;176.0;;1;1;1;1;1;1;1;1;1;1;1;1;1;1;1;1;1;1;1;1;1;1;1;1;1;1;1;1;1;1;0
50660000;2;05/1994;1;1;198.0;132.0;166.4839;5;30;1;1;1;0.0;0;177.0;181.0;187.0;195.0;198.0;197.0;196.0;198.0;194.0;193.0;184.0;177.0;173.0;172.0;168.0;165.0;162.0;153.0;151.0;148.0;146.0;158.0;157.0;154.0;152.0;147.0;142.0;136.0;136.0;132.0;132.0;1;1;1;1;1;1;1;1;1;1;1;1;1;1;1;1;1;1;1;1;1;1;1;1;1;1;1;1;1;1;1
50660000;1;05/1994;1;1;198.0;131.0;166.0;5;31;1;1;1;;0;177.0;181.0;187.0;195.0;198.0;197.0;196.0;198.0;194.0;193.0;184.0;177.0;173.0;172.0;168.0;165.0;162.0;153.0;151.0;148.0;146.0;158.0;157.0;154.0;152.0;147.0;142.0;136.0;136.0;132.0;132.0;1;1;1;1;1;1;1;1;1;1;1;1;1;1;1;1;1;1;1;1;1;1;1;1;1;1;1;1;1;1;1
50660000;2;06/1994;1;1;315.0;126.0;176.23331;13;6;2;2;2;0.0;0;131.0;130.0;128.0;128.0;128.0;126.0;126.0;128.0;130.0;136.0;151.0;258.0;315.0;298.0;286.0;283.0;274.0;250.0;200.0;180.0;170.0;165.0;160.0;155.0;150.0;147.0;144.0;138.0;137.0;135.0;;1;1;1;1;1;1;1;1;1;1;1;1;1;1;1;1;1;2;2;2;2;2;2;2;2;1;1;1;1;1;
50660000;1;06/1994;1;1;;;;;;0;0;0;;0;131.0;130.0;128.0;128.0;128.0;126.0;126.0;128.0;130.0;136.0;151.0;258.0;315.0;298.0;286.0;283.0;274.0;;;;;;;;;147.0;144.0;138.0;137.0;135.0;;1;1;1;1;1;1;1;1;1;1;1;1;1;1;1;1;1;4;4;4;4;4;4;4;4;1;1;1;1;1;0
50660000;2;07/1994;1;1;275.0;126.0;190.2258;7;31;1;1;1;0.0;0;178.0;176.0;205.0;245.0;265.0;268.0;275.0;257.0;235.0;189.0;148.0;150.0;266.0;259.0;247.0;239.0;223.0;200.0;174.0;164.0;160.0;150.0;146.0;144.0;141.0;138.0;136.0;135.0;131.0;127.0;126.0;1;1;1;1;1;1;1;1;1;1;1;1;1;1;1;1;1;1;1;1;1;1;1;1;1;1;1;1;1;1;1
50660000;1;07/1994;1;1;276.0;126.0;190.0;7;30;1;1;1;;0;178.0;176.0;205.0;245.0;265.0;268.0;275.0;257.0;235.0;189.0;148.0;150.0;266.0;259.0;247.0;239.0;223.0;200.0;174.0;164.0;160.0;150.0;146.0;144.0;141.0;138.0;136.0;135.0;131.0;127.0;126.0;1;1;1;1;1;1;1;1;1;1;1;1;1;1;1;1;1;1;1;1;1;1;1;1;1;1;1;1;1;1;1
50660000;2;08/1994;1;1;134.0;121.0;127.7097;10;31;1;1;1;0.0;0;126.0;126.0;124.0;125.0;126.0;126.0;128.0;130.0;133.0;134.0;133.0;132.0;132.0;131.0;132.0;134.0;132.0;129.0;128.0;127.0;128.0;128.0;129.0;127.0;125.0;124.0;122.0;123.0;122.0;122.0;121.0;1;1;1;1;1;1;1;1;1;1;1;1;1;1;1;1;1;1;1;1;1;1;1;1;1;1;1;1;1;1;1
50660000;1;08/1994;1;1;134.0;121.0;128.0;9;30;1;1;1;;0;126.0;126.0;124.0;125.0;126.0;126.0;128.0;130.0;133.0;134.0;133.0;132.0;132.0;131.0;132.0;134.0;132.0;129.0;128.0;127.0;128.0;128.0;129.0;127.0;125.0;124.0;122.0;123.0;122.0;122.0;121.0;1;1;1;1;1;1;1;1;1;1;1;1;1;1;1;1;1;1;1;1;1;1;1;1;1;1;1;1;1;1;1
50660000;2;09/1994;1;1;134.0;116.0;122.3667;10;21;1;1;1;0.0;0;120.0;121.0;122.0;122.0;122.0;123.0;126.0;128.0;130.0;134.0;133.0;129.0;127.0;126.0;125.0;123.0;121.0;118.0;118.0;117.0;116.0;116.0;116.0;116.0;118.0;118.0;120.0;120.0;122.0;124.0;;1;1;1;1;1;1;1;1;1;1;1;1;1;1;1;1;1;1;1;1;1;1;1;1;1;1;1;1;1;1;
50660000;1;09/1994;1;1;134.0;115.0;122.0;10;22;1;1;1;;0;120.0;121.0;122.0;122.0;122.0;123.0;126.0;128.0;130.0;134.0;133.0;129.0;127.0;126.0;125.0;123.0;121.0;118.0;118.0;117.0;116.0;116.0;116.0;116.0;118.0;118.0;120.0;120.0;122.0;124.0;;1;1;1;1;1;1;1;1;1;1;1;1;1;1;1;1;1;1;1;1;1;1;1;1;1;1;1;1;1;1;0
50660000;2;10/1994;1;1;136.0;120.0;126.6129;15;31;1;1;1;0.0;0;126.0;126.0;124.0;124.0;124.0;124.0;125.0;125.0;126.0;126.0;127.0;128.0;131.0;135.0;136.0;135.0;134.0;131.0;130.0;128.0;127.0;126.0;125.0;125.0;124.0;124.0;124.0;122.0;122.0;121.0;120.0;1;1;1;1;1;1;1;1;1;1;1;1;1;1;1;1;1;1;1;1;1;1;1;1;1;1;1;1;1;1;1
50660000;1;10/1994;1;1;136.0;120.0;127.0;14;31;1;1;1;;0;126.0;126.0;124.0;124.0;124.0;124.0;125.0;125.0;126.0;126.0;127.0;128.0;131.0;135.0;136.0;135.0;134.0;131.0;130.0;128.0;127.0;126.0;125.0;125.0;124.0;124.0;124.0;122.0;122.0;121.0;120.0;1;1;1;1;1;1;1;1;1;1;1;1;1;1;1;1;1;1;1;1;1;1;1;1;1;1;1;1;1;1;1
50660000;2;11/1994;1;1;120.0;100.0;110.7;1;30;1;1;1;0.0;0;120.0;120.0;119.0;118.0;118.0;118.0;117.0;116.0;116.0;116.0;116.0;115.0;114.0;112.0;112.0;110.0;110.0;108.0;108.0;106.0;106.0;104.0;104.0;104.0;104.0;104.0;104.0;101.0;101.0;100.0;;1;1;1;1;1;1;1;1;1;1;1;1;1;1;1;1;1;1;1;1;1;1;1;1;1;1;1;1;1;1;
50660000;1;11/1994;1;1;120.0;100.0;111.0;1;30;1;1;1;;0;120.0;120.0;119.0;118.0;118.0;118.0;117.0;116.0;116.0;116.0;116.0;115.0;114.0;112.0;112.0;110.0;110.0;108.0;108.0;106.0;106.0;104.0;104.0;104.0;104.0;104.0;104.0;101.0;101.0;100.0;;1;1;1;1;1;1;1;1;1;1;1;1;1;1;1;1;1;1;1;1;1;1;1;1;1;1;1;1;1;1;0
50660000;2;12/1994;1;1;116.0;96.0;99.838699;27;13;1;1;1;0.0;0;100.0;100.0;100.0;100.0;100.0;100.0;100.0;100.0;100.0;99.0;99.0;98.0;96.0;96.0;96.0;96.0;96.0;96.0;96.0;96.0;96.0;96.0;96.0;96.0;96.0;96.0;116.0;112.0;110.0;109.0;108.0;1;1;1;1;1;1;1;1;1;1;1;1;1;1;1;1;1;1;1;1;1;1;1;1;1;1;1;1;1;1;1
50660000;1;12/1994;1;1;118.0;96.0;100.0;27;13;1;1;1;;0;100.0;100.0;100.0;100.0;100.0;100.0;100.0;100.0;100.0;99.0;99.0;98.0;96.0;96.0;96.0;96.0;96.0;96.0;96.0;96.0;96.0;96.0;96.0;96.0;96.0;96.0;116.0;112.0;110.0;109.0;108.0;1;1;1;1;1;1;1;1;1;1;1;1;1;1;1;1;1;1;1;1;1;1;1;1;1;1;1;1;1;1;1
50660000;2;01/1995;1;1;106.0;94.0;98.419403;1;21;1;1;1;0.0;0;106.0;106.0;104.0;104.0;103.0;102.0;104.0;106.0;105.0;104.0;102.0;100.0;98.0;97.0;96.0;96.0;96.0;96.0;96.0;96.0;94.0;94.0;94.0;94.0;94.0;94.0;94.0;94.0;94.0;94.0;94.0;1;1;1;1;1;1;1;1;1;1;1;1;1;1;1;1;1;1;1;1;1;1;1;1;1;1;1;1;1;1;1
50660000;1;01/1995;1;1;106.0;94.0;98.0;1;21;1;1;1;121.0;2;106.0;106.0;104.0;104.0;103.0;102.0;104.0;106.0;105.0;104.0;102.0;100.0;98.0;97.0;96.0;96.0;96.0;96.0;96.0;96.0;94.0;94.0;94.0;94.0;94.0;94.0;94.0;94.0;94.0;94.0;94.0;1;1;1;1;1;1;1;1;1;1;1;1;1;1;1;1;1;1;1;1;1;1;1;1;1;1;1;1;1;1;1
50660000;2;02/1995;1;1;94.0;85.0;88.714302;1;28;1;1;1;0.0;0;94.0;93.0;92.0;92.0;92.0;92.0;92.0;90.0;90.0;90.0;89.0;89.0;88.0;88.0;88.0;88.0;87.0;86.0;86.0;86.0;86.0;86.0;86.0;86.0;86.0;88.0;89.0;85.0;;;;1;1;1;1;1;1;1;1;1;1;1;1;1;1;1;1;1;1;1;1;1;1;1;1;1;1;1;1;;;
50660000;1;02/1995;1;1;94.0;85.0;89.0;1;28;1;1;1;121.0;2;94.0;93.0;92.0;92.0;92.0;92.0;92.0;90.0;90.0;90.0;89.0;89.0;88.0;88.0;88.0;88.0;87.0;86.0;86.0;86.0;86.0;86.0;86.0;86.0;86.0;88.0;89.0;85.0;;;;1;1;1;1;1;1;1;1;1;1;1;1;1;1;1;1;1;1;1;1;1;1;1;1;1;1;1;1;0;0;0
50660000;2;03/1995;1;1;92.0;84.0;89.2258;12;4;1;1;1;0.0;0;85.0;85.0;85.0;84.0;84.0;84.0;87.0;89.0;89.0;91.0;91.0;92.0;92.0;92.0;92.0;92.0;92.0;92.0;91.0;90.0;90.0;90.0;90.0;89.0;88.0;89.0;89.0;89.0;89.0;92.0;92.0;1;1;1;1;1;1;1;1;1;1;1;1;1;1;1;1;1;1;1;1;1;1;1;1;1;1;1;1;1;1;1
50660000;1;03/1995;1;1;92.0;84.0;89.0;12;4;1;1;1;121.0;2;85.0;85.0;85.0;84.0;84.0;84.0;87.0;89.0;89.0;91.0;91.0;92.0;92.0;92.0;92.0;92.0;92.0;92.0;91.0;90.0;90.0;90.0;90.0;89.0;88.0;89.0;89.0;89.0;89.0;92.0;92.0;1;1;1;1;1;1;1;1;1;1;1;1;1;1;1;1;1;1;1;1;1;1;1;1;1;1;1;1;1;1;1
50660000;2;04/1995;1;1;220.0;92.0;139.5667;24;3;2;2;2;0.0;0;93.0;93.0;92.0;92.0;95.0;98.0;97.0;98.0;98.0;98.0;98.0;97.0;99.0;95.0;102.0;104.0;167.0;164.0;193.0;189.0;185.0;165.0;200.0;220.0;205.0;200.0;195.0;190.0;185.0;180.0;;1;1;1;1;1;1;1;1;1;1;1;1;1;1;1;1;1;1;1;1;1;1;2;2;2;2;2;2;2;2;
50660000;1;04/1995;1;1;193.0;92.0;120.0;19;3;1;1;1;121.0;2;93.0;93.0;92.0;92.0;95.0;98.0;97.0;98.0;98.0;98.0;98.0;97.0;99.0;95.0;102.0;104.0;167.0;164.0;193.0;189.0;185.0;165.0;155.0;125.0;124.0;122.0;119.0;118.0;119.0;118.0;;1;1;1;1;1;1;1;1;1;1;1;1;1;1;1;1;1;1;1;1;1;1;1;1;1;1;1;1;1;1;0
50660000;2;05/1995;1;1;178.0;121.0;146.3871;28;18;2;2;2;0.0;0;175.0;170.0;165.0;161.0;156.0;152.0;149.0;146.0;143.0;139.0;135.0;133.0;131.0;129.0;127.0;125.0;122.0;121.0;121.0;125.0;127.0;137.0;156.0;154.0;145.0;155.0;158.0;178.0;171.0;164.0;168.0;2;2;2;2;2;2;2;2;2;2;2;2;2;2;2;2;1;1;1;1;1;1;1;1;1;1;1;1;1;1;1
50660000;1;05/1995;1;1;178.0;104.0;130.0;28;7;1;1;1;121.0;2;118.0;115.0;112.0;109.0;106.0;106.0;104.0;104.0;105.0;106.0;106.0;106.0;120.0;143.0;140.0;130.0;122.0;121.0;121.0;125.0;127.0;137.0;156.0;154.0;145.0;155.0;158.0;178.0;171.0;164.0;168.0;1;1;1;1;1;1;1;1;1;1;1;1;1;1;1;1;1;1;1;1;1;1;1;1;1;1;1;1;1;1;1
50660000;2;06/1995;1;1;168.0;126.0;141.4333;1;12;1;1;1;0.0;0;168.0;165.0;160.0;157.0;153.0;147.0;144.0;137.0;132.0;128.0;127.0;126.0;126.0;128.0;131.0;132.0;133.0;140.0;146.0;146.0;146.0;150.0;148.0;145.0;145.0;140.0;137.0;136.0;134.0;136.0;;1;1;1;1;1;1;1;1;1;1;1;1;1;1;1;1;1;1;1;1;1;1;1;1;1;1;1;1;1;1;
50660000;1;06/1995;1;1;168.0;126.0;141.0;1;12;1;1;1;121.0;2;168.0;165.0;160.0;157.0;153.0;147.0;144.0;137.0;132.0;128.0;127.0;126.0;126.0;128.0;131.0;132.0;133.0;140.0;146.0;146.0;146.0;150.0;148.0;145.0;145.0;140.0;137.0;136.0;134.0;136.0;;1;1;1;1;1;1;1;1;1;1;1;1;1;1;1;1;1;1;1;1;1;1;1;1;1;1;1;1;1;1;0
50660000;2;07/1995;1;1;155.0;115.0;133.9677;7;18;1;1;1;0.0;0;138.0;144.0;153.0;149.0;154.0;152.0;155.0;151.0;147.0;145.0;139.0;124.0;122.0;119.0;117.0;116.0;116.0;115.0;115.0;117.0;120.0;122.0;126.0;141.0;131.0;134.0;137.0;142.0;139.0;137.0;136.0;1;1;1;1;1;1;1;1;1;1;1;1;1;1;1;1;1;1;1;1;1;1;1;1;1;1;1;1;1;1;1
50660000;1;07/1995;1;1;155.0;115.0;134.0;7;18;1;1;1;121.0;2;138.0;144.0;153.0;149.0;154.0;152.0;155.0;151.0;147.0;145.0;139.0;124.0;122.0;119.0;117.0;116.0;116.0;115.0;115.0;117.0;120.0;122.0;126.0;141.0;131.0;134.0;137.0;142.0;139.0;137.0;136.0;1;1;1;1;1;1;1;1;1;1;1;1;1;1;1;1;1;1;1;1;1;1;1;1;1;1;1;1;1;1;1
50660000;2;08/1995;1;1;174.0;118.0;143.5806;28;21;1;1;1;0.0;0;132.0;129.0;142.0;162.0;164.0;160.0;158.0;157.0;153.0;151.0;148.0;146.0;139.0;134.0;132.0;129.0;126.0;125.0;123.0;121.0;118.0;118.0;122.0;138.0;155.0;157.0;161.0;174.0;170.0;155.0;152.0;1;1;1;1;1;1;1;1;1;1;1;1;1;1;1;1;1;1;1;1;1;1;1;1;1;1;1;1;1;1;1
50660000;1;08/1995;1;1;174.0;118.0;144.0;28;21;1;1;1;121.0;2;132.0;129.0;142.0;162.0;164.0;160.0;158.0;157.0;153.0;151.0;148.0;146.0;139.0;134.0;132.0;129.0;126.0;125.0;123.0;121.0;118.0;118.0;122.0;138.0;155.0;157.0;161.0;174.0;170.0;155.0;152.0;1;1;1;1;1;1;1;1;1;1;1;1;1;1;1;1;1;1;1;1;1;1;1;1;1;1;1;1;1;1;1
50660000;2;09/1995;1;1;152.0;114.0;125.9;1;27;2;2;2;0.0;0;152.0;148.0;146.0;144.0;137.0;133.0;130.0;128.0;126.0;125.0;124.0;123.0;124.0;125.0;126.0;126.0;124.0;124.0;121.0;120.0;120.0;121.0;120.0;119.0;116.0;115.0;114.0;115.0;116.0;115.0;;1;1;1;1;1;1;1;1;1;2;2;2;2;2;1;1;1;1;1;1;1;1;1;1;1;1;1;1;1;1;
50660000;1;09/1995;1;1;152.0;113.0;125.0;1;13;1;1;1;121.0;2;152.0;148.0;146.0;144.0;137.0;133.0;130.0;128.0;126.0;120.0;116.0;116.0;113.0;120.0;126.0;126.0;124.0;124.0;121.0;120.0;120.0;121.0;120.0;119.0;116.0;115.0;114.0;115.0;116.0;115.0;;1;1;1;1;1;1;1;1;1;1;1;1;1;1;1;1;1;1;1;1;1;1;1;1;1;1;1;1;1;1;0
50660000;2;10/1995;1;1;116.0;97.0;105.9355;1;31;2;2;2;0.0;0;116.0;116.0;114.0;114.0;114.0;114.0;114.0;114.0;112.0;112.0;112.0;111.0;110.0;109.0;106.0;102.0;101.0;101.0;101.0;101.0;101.0;100.0;100.0;99.0;99.0;99.0;99.0;99.0;99.0;98.0;97.0;2;2;2;2;2;2;2;2;2;2;2;2;2;2;2;2;2;2;2;2;2;2;2;2;2;2;2;2;2;2;2
50660000;1;10/1995;1;1;114.0;95.0;103.0;1;30;2;2;2;121.0;2;114.0;114.0;112.0;112.0;112.0;112.0;112.0;112.0;110.0;110.0;110.0;108.0;108.0;105.0;102.0;100.0;98.0;98.0;98.0;98.0;98.0;98.0;98.0;96.0;96.0;96.0;96.0;96.0;96.0;95.0;95.0;2;1;1;1;1;1;1;1;1;1;1;1;1;1;1;1;1;1;1;1;1;1;1;1;1;1;1;1;1;1;1
50660000;1;11/1995;1;1;144.0;92.0;101.0;26;7;1;1;1;121.0;2;95.0;94.0;94.0;94.0;94.0;93.0;92.0;92.0;92.0;94.0;96.0;96.0;95.0;96.0;98.0;98.0;97.0;96.0;96.0;96.0;96.0;97.0;96.0;96.0;101.0;144.0;135.0;128.0;117.0;112.0;;1;1;1;1;1;1;1;1;1;1;1;1;1;1;1;1;1;1;1;1;1;1;1;1;1;1;1;1;1;1;0
50660000;2;11/1995;1;1;144.0;93.0;102.0;26;6;2;2;2;0.0;0;95.0;94.0;94.0;94.0;94.0;93.0;96.0;98.0;104.0;102.0;100.0;99.0;98.0;96.0;98.0;98.0;97.0;96.0;96.0;96.0;96.0;97.0;96.0;96.0;101.0;144.0;135.0;128.0;117.0;112.0;;1;1;1;1;1;1;2;2;2;2;2;2;2;1;1;1;1;1;1;1;1;1;1;1;1;1;1;1;1;1;
50660000;1;12/1995;1;1;354.0;125.0;181.0;2;31;1;1;1;121.0;2;133.0;354.0;283.0;230.0;218.0;216.0;213.0;204.0;190.0;182.0;175.0;182.0;270.0;234.0;180.0;177.0;163.0;158.0;156.0;153.0;150.0;147.0;144.0;143.0;140.0;137.0;145.0;142.0;137.0;130.0;125.0;1;1;1;1;1;1;1;1;1;1;1;1;1;1;1;1;1;1;1;1;1;1;1;1;1;1;1;1;1;1;1
50660000;2;12/1995;1;1;354.0;125.0;181.0;2;31;1;1;1;0.0;0;133.0;354.0;283.0;230.0;218.0;216.0;213.0;204.0;190.0;182.0;175.0;182.0;270.0;234.0;180.0;177.0;163.0;158.0;156.0;153.0;150.0;147.0;144.0;143.0;140.0;137.0;145.0;142.0;137.0;130.0;125.0;1;1;1;1;1;1;1;1;1;1;1;1;1;1;1;1;1;1;1;1;1;1;1;1;1;1;1;1;1;1;1
50660000;1;01/1996;1;1;123.0;96.0;106.0;1;24;1;1;1;;0;123.0;122.0;121.0;119.0;117.0;116.0;115.0;114.0;112.0;110.0;109.0;108.0;106.0;106.0;106.0;106.0;105.0;102.0;100.0;100.0;100.0;98.0;98.0;96.0;98.0;96.0;97.0;99.0;98.0;97.0;96.0;1;1;1;1;1;1;1;1;1;1;1;1;1;1;1;1;1;1;1;1;1;1;1;1;1;1;1;1;1;1;1
50660000;2;01/1996;1;1;123.0;96.0;106.129;1;24;1;1;1;0.0;0;123.0;122.0;121.0;119.0;117.0;116.0;115.0;114.0;112.0;110.0;109.0;108.0;106.0;106.0;106.0;106.0;105.0;102.0;100.0;100.0;100.0;98.0;98.0;96.0;98.0;96.0;97.0;99.0;98.0;97.0;96.0;1;1;1;1;1;1;1;1;1;1;1;1;1;1;1;1;1;1;1;1;1;1;1;1;1;1;1;1;1;1;1
50660000;1;02/1996;1;1;112.0;92.0;97.0;21;12;1;1;1;;0;96.0;96.0;95.0;94.0;94.0;94.0;94.0;94.0;94.0;94.0;94.0;92.0;94.0;94.0;94.0;95.0;96.0;96.0;96.0;101.0;112.0;109.0;104.0;100.0;100.0;98.0;97.0;96.0;96.0;;;1;1;1;1;1;1;1;1;1;1;1;1;1;1;1;1;1;1;1;1;1;1;1;1;1;1;1;1;1;0;0
50660000;2;02/1996;1;1;112.0;92.0;96.862099;21;12;1;1;1;0.0;0;96.0;96.0;95.0;94.0;94.0;94.0;94.0;94.0;94.0;94.0;94.0;92.0;94.0;94.0;94.0;95.0;96.0;96.0;96.0;101.0;112.0;109.0;104.0;100.0;100.0;98.0;97.0;96.0;96.0;;;1;1;1;1;1;1;1;1;1;1;1;1;1;1;1;1;1;1;1;1;1;1;1;1;1;1;1;1;1;;
50660000;1;03/1996;1;1;104.0;90.0;93.0;7;18;1;1;1;;0;94.0;94.0;94.0;94.0;94.0;97.0;104.0;96.0;95.0;94.0;94.0;94.0;94.0;93.0;92.0;92.0;92.0;90.0;90.0;90.0;90.0;92.0;92.0;92.0;92.0;92.0;92.0;92.0;92.0;92.0;94.0;1;1;1;1;1;1;1;1;1;1;1;1;1;1;1;1;1;1;1;1;1;1;1;1;1;1;1;1;1;1;1
50660000;2;03/1996;1;1;104.0;90.0;93.193497;7;18;1;1;1;0.0;0;94.0;94.0;94.0;94.0;94.0;97.0;104.0;96.0;95.0;94.0;94.0;94.0;94.0;93.0;92.0;92.0;92.0;90.0;90.0;90.0;90.0;92.0;92.0;92.0;92.0;92.0;92.0;92.0;92.0;92.0;94.0;1;1;1;1;1;1;1;1;1;1;1;1;1;1;1;1;1;1;1;1;1;1;1;1;1;1;1;1;1;1;1
50660000;1;04/1996;1;1;279.0;95.0;136.0;21;1;1;1;1;;0;95.0;99.0;102.0;104.0;108.0;112.0;117.0;123.0;127.0;135.0;174.0;142.0;134.0;128.0;126.0;123.0;118.0;123.0;149.0;182.0;279.0;207.0;172.0;144.0;133.0;126.0;124.0;124.0;122.0;121.0;;1;1;1;1;1;1;1;1;1;1;1;1;1;1;1;1;1;1;1;1;1;1;1;1;1;1;1;1;1;1;0
50660000;2;04/1996;1;1;279.0;95.0;135.76669;21;1;1;1;1;0.0;0;95.0;99.0;102.0;104.0;108.0;112.0;117.0;123.0;127.0;135.0;174.0;142.0;134.0;128.0;126.0;123.0;118.0;123.0;149.0;182.0;279.0;207.0;172.0;144.0;133.0;126.0;124.0;124.0;122.0;121.0;;1;1;1;1;1;1;1;1;1;1;1;1;1;1;1;1;1;1;1;1;1;1;1;1;1;1;1;1;1;1;
50660000;1;05/1996;1;1;181.0;66.0;121.0;6;13;1;1;1;;0;120.0;118.0;119.0;118.0;122.0;181.0;157.0;143.0;138.0;133.0;125.0;121.0;66.0;114.0;113.0;111.0;107.0;105.0;108.0;119.0;116.0;114.0;112.0;112.0;112.0;111.0;111.0;109.0;124.0;135.0;143.0;1;1;1;1;1;1;1;1;1;1;1;1;1;1;1;1;1;1;1;1;1;1;1;1;1;1;1;1;1;1;1
50660000;2;05/1996;1;1;181.0;105.0;122.1613;6;18;2;2;2;0.0;0;120.0;118.0;119.0;118.0;122.0;181.0;157.0;143.0;138.0;133.0;125.0;121.0;116.0;114.0;113.0;111.0;107.0;105.0;108.0;119.0;116.0;114.0;112.0;112.0;112.0;111.0;111.0;109.0;124.0;135.0;143.0;1;1;1;1;1;1;1;1;1;1;1;1;2;1;1;1;1;1;1;1;1;1;1;1;1;1;1;1;1;1;1
50660000;1;06/1996;1;1;;;;;;0;0;0;;0;136.0;127.0;127.0;140.0;190.0;378.0;374.0;333.0;286.0;256.0;234.0;;;;;;;;;;;;;;;;;;;;;1;1;1;1;1;1;1;1;1;1;1;4;4;4;4;4;4;4;4;4;4;4;4;4;4;4;4;4;4;4;0
50660000;2;06/1996;1;1;450.0;127.0;269.3667;13;2;2;2;2;0.0;0;136.0;127.0;127.0;140.0;190.0;378.0;374.0;333.0;286.0;256.0;234.0;360.0;450.0;440.0;450.0;410.0;380.0;360.0;340.0;300.0;270.0;250.0;230.0;210.0;200.0;190.0;180.0;170.0;160.0;150.0;;1;1;1;1;1;1;1;1;1;1;1;2;2;2;2;2;2;2;2;2;2;2;2;2;2;2;2;2;2;2;
50660000;2;07/1996;1;1;142.0;115.0;118.6452;1;12;2;2;2;0.0;0;142.0;135.0;128.0;120.0;120.0;119.0;118.0;118.0;118.0;116.0;116.0;115.0;115.0;115.0;116.0;116.0;116.0;115.0;115.0;116.0;116.0;116.0;116.0;116.0;116.0;117.0;118.0;118.0;118.0;118.0;120.0;2;2;2;1;1;1;1;1;1;1;1;1;1;1;1;1;1;1;1;1;1;1;1;1;1;1;1;1;1;1;1
50660000;1;07/1996;1;1;;;;;;0;0;0;;0;;;;120.0;120.0;119.0;118.0;118.0;118.0;116.0;116.0;115.0;115.0;115.0;116.0;116.0;116.0;115.0;115.0;116.0;116.0;116.0;116.0;116.0;116.0;117.0;118.0;118.0;118.0;118.0;120.0;4;4;4;1;1;1;1;1;1;1;1;1;1;1;1;1;1;1;1;1;1;1;1;1;1;1;1;1;1;1;1
50660000;2;08/1996;1;1;261.0;120.0;147.9677;11;31;2;2;2;0.0;0;123.0;126.0;126.0;126.0;125.0;124.0;126.0;127.0;173.0;257.0;261.0;240.0;177.0;149.0;138.0;136.0;138.0;139.0;138.0;136.0;133.0;133.0;166.0;157.0;147.0;142.0;134.0;124.0;124.0;122.0;120.0;2;2;2;2;2;2;2;2;2;2;2;2;2;2;2;2;2;2;2;2;2;2;2;2;2;2;2;2;2;2;2
50660000;2;09/1996;1;1;173.0;114.0;125.1667;16;14;1;1;1;0.0;0;120.0;118.0;118.0;118.0;117.0;116.0;115.0;116.0;116.0;116.0;116.0;116.0;115.0;114.0;162.0;173.0;156.0;150.0;139.0;134.0;128.0;126.0;124.0;122.0;120.0;118.0;118.0;118.0;118.0;118.0;;1;1;1;1;1;1;1;1;1;1;1;1;1;1;1;1;1;1;1;1;1;1;1;1;1;1;1;1;1;1;
50660000;1;09/1996;1;1;173.0;114.0;125.0;16;14;1;1;1;;0;120.0;118.0;118.0;118.0;117.0;116.0;115.0;116.0;116.0;116.0;116.0;116.0;115.0;114.0;162.0;173.0;156.0;150.0;139.0;134.0;128.0;126.0;124.0;122.0;120.0;118.0;118.0;118.0;118.0;118.0;;1;1;1;1;1;1;1;1;1;1;1;1;1;1;1;1;1;1;1;1;1;1;1;1;1;1;1;1;1;1;0
50660000;2;10/1996;1;1;123.0;102.0;109.8387;3;30;1;1;1;0.0;0;118.0;118.0;123.0;121.0;120.0;118.0;117.0;114.0;114.0;114.0;113.0;112.0;111.0;108.0;108.0;108.0;107.0;106.0;106.0;106.0;105.0;105.0;105.0;105.0;104.0;104.0;104.0;104.0;103.0;102.0;102.0;1;1;1;1;1;1;1;1;1;1;1;1;1;1;1;1;1;1;1;1;1;1;1;1;1;1;1;1;1;1;1
50660000;1;10/1996;1;1;123.0;102.0;110.0;3;30;1;1;1;;0;118.0;118.0;123.0;121.0;120.0;118.0;117.0;114.0;114.0;114.0;113.0;112.0;111.0;108.0;108.0;108.0;107.0;106.0;106.0;106.0;105.0;105.0;105.0;105.0;104.0;104.0;104.0;104.0;103.0;102.0;102.0;1;1;1;1;1;1;1;1;1;1;1;1;1;1;1;1;1;1;1;1;1;1;1;1;1;1;1;1;1;1;1
50660000;2;11/1996;1;1;430.0;102.0;153.3;26;1;1;1;1;0.0;0;102.0;102.0;102.0;102.0;102.0;102.0;103.0;109.0;128.0;133.0;129.0;125.0;121.0;116.0;112.0;110.0;108.0;108.0;111.0;109.0;108.0;108.0;108.0;132.0;152.0;430.0;395.0;383.0;315.0;234.0;;1;1;1;1;1;1;1;1;1;1;1;1;1;1;1;1;1;1;1;1;1;1;1;1;1;1;1;1;1;1;
50660000;1;11/1996;1;1;430.0;102.0;153.0;26;1;1;1;1;;0;102.0;102.0;102.0;102.0;102.0;102.0;103.0;109.0;128.0;133.0;129.0;125.0;121.0;116.0;112.0;110.0;108.0;108.0;111.0;109.0;108.0;108.0;108.0;132.0;152.0;430.0;395.0;383.0;315.0;234.0;;1;1;1;1;1;1;1;1;1;1;1;1;1;1;1;1;1;1;1;1;1;1;1;1;1;1;1;1;1;1;0
50660000;2;12/1996;1;1;218.0;112.0;137.6774;1;22;1;1;1;0.0;0;218.0;216.0;197.0;188.0;178.0;170.0;164.0;154.0;147.0;138.0;136.0;133.0;129.0;126.0;123.0;119.0;118.0;118.0;117.0;115.0;114.0;112.0;113.0;117.0;116.0;114.0;113.0;112.0;120.0;117.0;116.0;1;1;1;1;1;1;1;1;1;1;1;1;1;1;1;1;1;1;1;1;1;1;1;1;1;1;1;1;1;1;1
50660000;1;12/1996;1;1;218.0;112.0;138.0;1;22;1;1;1;;0;218.0;216.0;197.0;188.0;178.0;170.0;164.0;154.0;147.0;138.0;136.0;133.0;129.0;126.0;123.0;119.0;118.0;118.0;117.0;115.0;114.0;112.0;113.0;117.0;116.0;114.0;113.0;112.0;120.0;117.0;116.0;1;1;1;1;1;1;1;1;1;1;1;1;1;1;1;1;1;1;1;1;1;1;1;1;1;1;1;1;1;1;1
50660000;2;01/1997;1;1;155.0;106.0;119.1935;27;17;1;1;1;0.0;0;116.0;116.0;119.0;117.0;116.0;116.0;117.0;117.0;115.0;114.0;114.0;112.0;110.0;110.0;109.0;108.0;106.0;106.0;106.0;108.0;108.0;111.0;110.0;114.0;149.0;152.0;155.0;147.0;138.0;131.0;128.0;1;1;1;1;1;1;1;1;1;1;1;1;1;1;1;1;1;1;1;1;1;1;1;1;1;1;1;1;1;1;1
50660000;1;01/1997;1;1;155.0;106.0;119.0;27;17;1;1;1;156.0;1;116.0;116.0;119.0;117.0;116.0;116.0;117.0;117.0;115.0;114.0;114.0;112.0;110.0;110.0;109.0;108.0;106.0;106.0;106.0;108.0;108.0;111.0;110.0;114.0;149.0;152.0;155.0;147.0;138.0;131.0;128.0;1;1;1;1;1;1;1;1;1;1;1;1;1;1;1;1;1;1;1;1;1;1;1;1;1;1;1;1;1;1;1
50660000;2;02/1997;1;1;205.0;124.0;150.46429;24;2;1;1;1;0.0;0;127.0;124.0;127.0;135.0;155.0;150.0;150.0;152.0;154.0;148.0;141.0;135.0;133.0;138.0;142.0;160.0;149.0;147.0;151.0;161.0;167.0;181.0;166.0;205.0;184.0;166.0;138.0;127.0;;;;1;1;1;1;1;1;1;1;1;1;1;1;1;1;1;1;1;1;1;1;1;1;1;1;1;1;1;1;;;
50660000;1;02/1997;1;1;205.0;124.0;150.0;24;2;1;1;1;156.0;1;127.0;124.0;127.0;135.0;155.0;150.0;150.0;152.0;154.0;148.0;141.0;135.0;133.0;138.0;142.0;160.0;149.0;147.0;151.0;161.0;167.0;181.0;166.0;205.0;184.0;166.0;138.0;127.0;;;;1;1;1;1;1;1;1;1;1;1;1;1;1;1;1;1;1;1;1;1;1;1;1;1;1;1;1;1;0;0;0
50660000;1;03/1997;1;1;430.0;120.0;194.0;28;3;1;1;1;156.0;1;124.0;121.0;120.0;131.0;165.0;133.0;123.0;120.0;120.0;121.0;122.0;124.0;128.0;127.0;123.0;120.0;120.0;126.0;140.0;156.0;168.0;189.0;239.0;243.0;238.0;355.0;360.0;430.0;430.0;394.0;402.0;1;1;1;1;1;1;1;1;1;1;1;1;1;1;1;1;1;1;1;1;1;1;1;1;1;1;1;1;1;1;1
50660000;2;03/1997;1;1;430.0;120.0;193.9355;28;3;1;1;1;0.0;0;124.0;121.0;120.0;131.0;165.0;133.0;123.0;120.0;120.0;121.0;122.0;124.0;128.0;127.0;123.0;120.0;120.0;126.0;140.0;156.0;168.0;189.0;239.0;243.0;238.0;355.0;360.0;430.0;430.0;394.0;402.0;1;1;1;1;1;1;1;1;1;1;1;1;1;1;1;1;1;1;1;1;1;1;1;1;1;1;1;1;1;1;1
50660000;2;04/1997;1;1;412.0;149.0;239.8667;1;18;1;1;1;0.0;0;412.0;376.0;340.0;321.0;285.0;252.0;231.0;218.0;226.0;251.0;232.0;212.0;200.0;171.0;160.0;156.0;152.0;149.0;160.0;172.0;194.0;203.0;217.0;257.0;309.0;297.0;284.0;240.0;234.0;285.0;;1;1;1;1;1;1;1;1;1;1;1;1;1;1;1;1;1;1;1;1;1;1;1;1;1;1;1;1;1;1;
50660000;1;04/1997;1;1;412.0;149.0;240.0;1;18;1;1;1;156.0;1;412.0;376.0;340.0;321.0;285.0;252.0;231.0;218.0;226.0;251.0;232.0;212.0;200.0;171.0;160.0;156.0;152.0;149.0;160.0;172.0;194.0;203.0;217.0;257.0;309.0;297.0;284.0;240.0;234.0;285.0;;1;1;1;1;1;1;1;1;1;1;1;1;1;1;1;1;1;1;1;1;1;1;1;1;1;1;1;1;1;1;0
50660000;2;05/1997;1;1;415.0;156.0;260.29031;9;31;1;1;1;0.0;0;295.0;277.0;284.0;347.0;368.0;331.0;350.0;398.0;415.0;384.0;377.0;330.0;315.0;290.0;264.0;250.0;229.0;211.0;197.0;193.0;195.0;201.0;204.0;197.0;187.0;173.0;168.0;164.0;161.0;158.0;156.0;1;1;1;1;1;1;1;1;1;1;1;1;1;1;1;1;1;1;1;1;1;1;1;1;1;1;1;1;1;1;1
50660000;1;05/1997;1;1;415.0;156.0;260.0;9;31;1;1;1;156.0;1;295.0;277.0;284.0;347.0;368.0;331.0;350.0;398.0;415.0;384.0;377.0;330.0;315.0;290.0;264.0;250.0;229.0;211.0;197.0;193.0;195.0;201.0;204.0;197.0;187.0;173.0;168.0;164.0;161.0;158.0;156.0;1;1;1;1;1;1;1;1;1;1;1;1;1;1;1;1;1;1;1;1;1;1;1;1;1;1;1;1;1;1;1
50660000;2;06/1997;1;1;298.0;135.0;170.7;13;5;1;1;1;0.0;0;156.0;152.0;147.0;142.0;135.0;137.0;138.0;145.0;156.0;163.0;192.0;235.0;298.0;264.0;250.0;224.0;183.0;169.0;164.0;162.0;158.0;160.0;154.0;149.0;146.0;145.0;147.0;146.0;149.0;155.0;;1;1;1;1;1;1;1;1;1;1;1;1;1;1;1;1;1;1;1;1;1;1;1;1;1;1;1;1;1;1;
50660000;1;06/1997;1;1;298.0;135.0;171.0;13;5;1;1;1;156.0;1;156.0;152.0;147.0;142.0;135.0;137.0;138.0;145.0;156.0;163.0;192.0;235.0;298.0;264.0;250.0;224.0;183.0;169.0;164.0;162.0;158.0;160.0;154.0;149.0;146.0;145.0;147.0;146.0;149.0;155.0;;1;1;1;1;1;1;1;1;1;1;1;1;1;1;1;1;1;1;1;1;1;1;1;1;1;1;1;1;1;1;0
50660000;2;07/1997;1;1;163.0;140.0;151.871;2;16;1;1;1;0.0;0;158.0;163.0;160.0;155.0;159.0;155.0;152.0;156.0;154.0;151.0;147.0;146.0;146.0;144.0;142.0;140.0;142.0;144.0;145.0;148.0;150.0;150.0;151.0;149.0;153.0;161.0;161.0;160.0;159.0;157.0;150.0;1;1;1;1;1;1;1;1;1;1;1;1;1;1;1;1;1;1;1;1;1;1;1;1;1;1;1;1;1;1;1
50660000;1;07/1997;1;1;163.0;140.0;152.0;2;16;1;1;1;156.0;1;158.0;163.0;160.0;155.0;159.0;155.0;152.0;156.0;154.0;151.0;147.0;146.0;146.0;144.0;142.0;140.0;142.0;144.0;145.0;148.0;150.0;150.0;151.0;149.0;153.0;161.0;161.0;160.0;159.0;157.0;150.0;1;1;1;1;1;1;1;1;1;1;1;1;1;1;1;1;1;1;1;1;1;1;1;1;1;1;1;1;1;1;1
50660000;2;08/1997;1;1;148.0;132.0;137.4839;1;31;1;1;1;0.0;0;148.0;145.0;140.0;138.0;136.0;140.0;137.0;136.0;136.0;136.0;136.0;136.0;136.0;136.0;137.0;143.0;143.0;142.0;140.0;138.0;136.0;136.0;136.0;136.0;136.0;136.0;134.0;134.0;134.0;133.0;132.0;1;1;1;1;1;1;1;1;1;1;1;1;1;1;1;1;1;1;1;1;1;1;1;1;1;1;1;1;1;1;1
50660000;1;08/1997;1;1;148.0;132.0;137.0;1;31;1;1;1;156.0;1;148.0;145.0;140.0;138.0;136.0;140.0;137.0;136.0;136.0;136.0;136.0;136.0;136.0;136.0;137.0;143.0;143.0;142.0;140.0;138.0;136.0;136.0;136.0;136.0;136.0;136.0;134.0;134.0;134.0;133.0;132.0;1;1;1;1;1;1;1;1;1;1;1;1;1;1;1;1;1;1;1;1;1;1;1;1;1;1;1;1;1;1;1
50660000;2;09/1997;1;1;132.0;116.0;122.6667;1;26;1;1;1;0.0;0;132.0;130.0;130.0;130.0;130.0;128.0;128.0;127.0;126.0;126.0;124.0;124.0;124.0;122.0;122.0;122.0;122.0;122.0;121.0;120.0;119.0;118.0;118.0;118.0;117.0;116.0;116.0;116.0;116.0;116.0;;1;1;1;1;1;1;1;1;1;1;1;1;1;1;1;1;1;1;1;1;1;1;1;1;1;1;1;1;1;1;
50660000;1;09/1997;1;1;132.0;116.0;123.0;1;26;1;1;1;156.0;1;132.0;130.0;130.0;130.0;130.0;128.0;128.0;127.0;126.0;126.0;124.0;124.0;124.0;122.0;122.0;122.0;122.0;122.0;121.0;120.0;119.0;118.0;118.0;118.0;117.0;116.0;116.0;116.0;116.0;116.0;;1;1;1;1;1;1;1;1;1;1;1;1;1;1;1;1;1;1;1;1;1;1;1;1;1;1;1;1;1;1;0
50660000;2;10/1997;1;1;170.0;112.0;121.9677;19;31;2;2;2;0.0;0;118.0;117.0;116.0;116.0;116.0;118.0;120.0;118.0;118.0;120.0;119.0;118.0;118.0;116.0;115.0;116.0;118.0;160.0;170.0;150.0;140.0;130.0;120.0;118.0;115.0;114.0;114.0;114.0;114.0;113.0;112.0;1;1;1;1;1;1;1;1;1;1;1;1;1;1;1;1;1;2;2;2;2;2;2;2;1;1;1;1;1;1;1
50660000;1;10/1997;1;1;120.0;112.0;116.0;7;31;1;1;1;156.0;1;118.0;117.0;116.0;116.0;116.0;118.0;120.0;118.0;118.0;120.0;119.0;118.0;118.0;116.0;115.0;116.0;118.0;118.0;117.0;117.0;116.0;116.0;116.0;115.0;115.0;114.0;114.0;114.0;114.0;113.0;112.0;1;1;1;1;1;1;1;1;1;1;1;1;1;1;1;1;1;1;1;1;1;1;1;1;1;1;1;1;1;1;1
50660000;1;11/1997;1;1;112.0;106.0;109.0;1;26;1;1;1;156.0;1;112.0;112.0;110.0;110.0;109.0;109.0;112.0;110.0;110.0;110.0;110.0;110.0;109.0;109.0;110.0;111.0;110.0;110.0;110.0;110.0;109.0;108.0;108.0;108.0;108.0;106.0;106.0;106.0;106.0;106.0;;1;1;1;1;1;1;1;1;1;1;1;1;1;1;1;1;1;1;1;1;1;1;1;1;1;1;1;1;1;1;0
50660000;2;11/1997;1;1;112.0;106.0;109.1333;1;26;1;1;1;0.0;0;112.0;112.0;110.0;110.0;109.0;109.0;112.0;110.0;110.0;110.0;110.0;110.0;109.0;109.0;110.0;111.0;110.0;110.0;110.0;110.0;109.0;108.0;108.0;108.0;108.0;106.0;106.0;106.0;106.0;106.0;;1;1;1;1;1;1;1;1;1;1;1;1;1;1;1;1;1;1;1;1;1;1;1;1;1;1;1;1;1;1;
50660000;1;12/1997;1;1;106.0;96.0;103.0;1;31;1;1;1;156.0;1;106.0;106.0;106.0;106.0;105.0;105.0;104.0;104.0;104.0;104.0;104.0;104.0;104.0;104.0;104.0;104.0;104.0;104.0;105.0;104.0;104.0;104.0;104.0;101.0;100.0;100.0;100.0;100.0;98.0;97.0;96.0;1;1;1;1;1;1;1;1;1;1;1;1;1;1;1;1;1;1;1;1;1;1;1;1;1;1;1;1;1;1;1
50660000;2;12/1997;1;1;106.0;96.0;103.0645;1;31;1;1;1;0.0;0;106.0;106.0;106.0;106.0;105.0;105.0;104.0;104.0;104.0;104.0;104.0;104.0;104.0;104.0;104.0;104.0;104.0;104.0;105.0;104.0;104.0;104.0;104.0;101.0;100.0;100.0;100.0;100.0;98.0;97.0;96.0;1;1;1;1;1;1;1;1;1;1;1;1;1;1;1;1;1;1;1;1;1;1;1;1;1;1;1;1;1;1;1
50660000;1;01/1998;1;1;108.0;94.0;102.0;27;4;1;1;1;129.0;1;96.0;96.0;95.0;94.0;94.0;94.0;98.0;99.0;100.0;100.0;100.0;101.0;102.0;102.0;102.0;102.0;102.0;102.0;102.0;102.0;102.0;102.0;104.0;106.0;106.0;107.0;108.0;108.0;108.0;108.0;108.0;1;1;1;1;1;1;1;1;1;1;1;1;1;1;1;1;1;1;1;1;1;1;1;1;1;1;1;1;1;1;1
50660000;2;01/1998;1;1;112.0;92.0;98.645203;27;11;2;2;2;0.0;0;96.0;96.0;95.0;94.0;94.0;94.0;93.0;93.0;93.0;93.0;92.0;92.0;92.0;92.0;93.0;95.0;96.0;97.0;98.0;99.0;100.0;102.0;104.0;106.0;106.0;107.0;112.0;110.0;108.0;108.0;108.0;1;1;1;1;1;1;2;2;2;2;2;2;2;2;2;2;2;2;2;2;2;1;1;1;1;1;2;2;1;1;1
50660000;2;02/1998;1;1;108.0;94.0;100.5;1;22;1;1;1;0.0;0;108.0;108.0;108.0;106.0;106.0;106.0;105.0;105.0;104.0;104.0;104.0;102.0;102.0;100.0;100.0;98.0;98.0;98.0;96.0;96.0;96.0;94.0;94.0;94.0;95.0;95.0;96.0;96.0;;;;1;1;1;1;1;1;1;1;1;1;1;1;1;1;1;1;1;1;1;1;1;1;1;1;1;1;1;1;;;
50660000;1;02/1998;1;1;108.0;94.0;100.0;1;22;1;1;1;129.0;1;108.0;108.0;108.0;106.0;106.0;106.0;105.0;105.0;104.0;104.0;104.0;102.0;102.0;100.0;100.0;98.0;98.0;98.0;96.0;96.0;96.0;94.0;94.0;94.0;95.0;95.0;96.0;96.0;;;;1;1;1;1;1;1;1;1;1;1;1;1;1;1;1;1;1;1;1;1;1;1;1;1;1;1;1;1;0;0;0
50660000;1;03/1998;1;1;104.0;92.0;99.0;11;30;1;1;1;129.0;1;96.0;96.0;96.0;96.0;98.0;98.0;98.0;100.0;100.0;102.0;104.0;104.0;104.0;102.0;102.0;102.0;102.0;102.0;102.0;102.0;100.0;100.0;100.0;100.0;100.0;100.0;98.0;96.0;95.0;92.0;92.0;1;1;1;1;1;1;1;1;1;1;1;1;1;1;1;1;1;1;1;1;1;1;1;1;1;1;1;1;1;1;1
50660000;2;03/1998;1;1;104.0;92.0;99.548401;11;30;2;2;2;0.0;0;96.0;96.0;96.0;96.0;98.0;98.0;98.0;100.0;100.0;102.0;104.0;104.0;104.0;102.0;102.0;102.0;102.0;100.0;102.0;102.0;104.0;103.0;102.0;100.0;100.0;100.0;98.0;96.0;95.0;92.0;92.0;1;1;1;1;1;1;1;1;1;1;1;1;1;1;1;1;1;2;1;1;2;2;2;1;1;1;1;1;1;1;1
50660000;1;04/1998;1;1;296.0;92.0;130.0;5;1;1;1;1;129.0;1;92.0;92.0;96.0;139.0;296.0;231.0;190.0;169.0;152.0;140.0;127.0;123.0;114.0;117.0;113.0;111.0;111.0;110.0;108.0;109.0;111.0;113.0;121.0;121.0;118.0;116.0;115.0;113.0;111.0;110.0;;1;1;1;1;1;1;1;1;1;1;1;1;1;1;1;1;1;1;1;1;1;1;1;1;1;1;1;1;1;1;0
50660000;2;04/1998;1;1;196.0;92.0;121.6;5;1;2;2;2;0.0;0;92.0;92.0;96.0;139.0;196.0;190.0;170.0;140.0;130.0;120.0;118.0;123.0;114.0;117.0;113.0;111.0;111.0;110.0;108.0;109.0;111.0;113.0;121.0;121.0;118.0;116.0;115.0;113.0;111.0;110.0;;1;1;1;1;2;2;2;2;2;2;2;1;1;1;1;1;1;1;1;1;1;1;1;1;1;1;1;1;1;1;
50660000;1;05/1998;1;1;145.0;106.0;126.0;23;4;1;1;1;129.0;1;110.0;108.0;107.0;106.0;106.0;107.0;108.0;132.0;132.0;132.0;130.0;126.0;132.0;141.0;142.0;139.0;134.0;124.0;123.0;127.0;135.0;139.0;145.0;137.0;131.0;128.0;126.0;125.0;123.0;122.0;120.0;1;1;1;1;1;1;1;1;1;1;1;1;1;1;1;1;1;1;1;1;1;1;1;1;1;1;1;1;1;1;1
50660000;2;05/1998;1;1;145.0;106.0;126.9355;23;4;2;2;2;0.0;0;110.0;108.0;107.0;106.0;106.0;107.0;108.0;132.0;140.0;142.0;140.0;136.0;132.0;141.0;142.0;139.0;134.0;124.0;123.0;127.0;135.0;139.0;145.0;137.0;131.0;128.0;126.0;125.0;123.0;122.0;120.0;1;1;1;1;1;1;1;1;2;2;2;2;1;1;1;1;1;1;1;1;1;1;1;1;1;1;1;1;1;1;1
50660000;1;06/1998;1;1;327.0;108.0;192.0;6;2;1;1;1;129.0;1;110.0;108.0;146.0;185.0;273.0;327.0;285.0;278.0;265.0;260.0;260.0;257.0;232.0;190.0;167.0;166.0;190.0;212.0;191.0;186.0;185.0;167.0;156.0;151.0;144.0;137.0;135.0;127.0;125.0;151.0;;1;1;1;1;1;1;1;1;1;1;1;1;1;1;1;1;1;1;1;1;1;1;1;1;1;1;1;1;1;1;0
50660000;2;06/1998;1;1;327.0;108.0;192.2;6;2;1;1;1;0.0;0;110.0;108.0;146.0;185.0;273.0;327.0;285.0;278.0;265.0;260.0;260.0;257.0;232.0;190.0;167.0;166.0;190.0;212.0;191.0;186.0;185.0;167.0;156.0;151.0;144.0;137.0;135.0;127.0;125.0;151.0;;1;1;1;1;1;1;1;1;1;1;1;1;1;1;1;1;1;1;1;1;1;1;1;1;1;1;1;1;1;1;
50660000;1;07/1998;1;1;306.0;143.0;193.0;2;31;1;1;1;129.0;1;266.0;306.0;302.0;291.0;256.0;229.0;184.0;177.0;156.0;151.0;157.0;168.0;199.0;217.0;229.0;228.0;191.0;181.0;174.0;169.0;166.0;164.0;164.0;162.0;159.0;162.0;160.0;159.0;157.0;146.0;143.0;1;1;1;1;1;1;1;1;1;1;1;1;1;1;1;1;1;1;1;1;1;1;1;1;1;1;1;1;1;1;1
50660000;2;07/1998;1;1;306.0;143.0;192.6774;2;31;1;1;1;0.0;0;266.0;306.0;302.0;291.0;256.0;229.0;184.0;177.0;156.0;151.0;157.0;168.0;199.0;217.0;229.0;228.0;191.0;181.0;174.0;169.0;166.0;164.0;164.0;162.0;159.0;162.0;160.0;159.0;157.0;146.0;143.0;1;1;1;1;1;1;1;1;1;1;1;1;1;1;1;1;1;1;1;1;1;1;1;1;1;1;1;1;1;1;1
50660000;1;08/1998;1;1;169.0;124.0;138.0;12;22;1;1;1;129.0;1;139.0;136.0;135.0;136.0;137.0;138.0;142.0;145.0;148.0;148.0;159.0;169.0;149.0;142.0;137.0;134.0;134.0;132.0;130.0;130.0;126.0;124.0;130.0;142.0;144.0;141.0;135.0;132.0;132.0;132.0;134.0;1;1;1;1;1;1;1;1;1;1;1;1;1;1;1;1;1;1;1;1;1;1;1;1;1;1;1;1;1;1;1
50660000;2;08/1998;1;1;300.0;124.0;155.4839;3;22;2;2;2;0.0;0;139.0;240.0;300.0;240.0;200.0;180.0;170.0;160.0;148.0;155.0;159.0;169.0;149.0;142.0;137.0;134.0;134.0;132.0;130.0;130.0;126.0;124.0;130.0;142.0;144.0;141.0;135.0;132.0;132.0;132.0;134.0;1;2;2;2;2;2;2;2;1;2;1;1;1;1;1;1;1;1;1;1;1;1;1;1;1;1;1;1;1;1;1
50660000;1;09/1998;1;1;158.0;126.0;138.0;5;25;1;1;1;129.0;1;142.0;150.0;155.0;157.0;158.0;156.0;154.0;148.0;146.0;144.0;144.0;144.0;141.0;138.0;137.0;134.0;134.0;132.0;132.0;130.0;130.0;128.0;128.0;128.0;126.0;126.0;126.0;126.0;126.0;126.0;;1;1;1;1;1;1;1;1;1;1;1;1;1;1;1;1;1;1;1;1;1;1;1;1;1;1;1;1;1;1;0
50660000;2;09/1998;1;1;158.0;126.0;138.2;5;25;1;1;1;0.0;0;142.0;150.0;155.0;157.0;158.0;156.0;154.0;148.0;146.0;144.0;144.0;144.0;141.0;138.0;137.0;134.0;134.0;132.0;132.0;130.0;130.0;128.0;128.0;128.0;126.0;126.0;126.0;126.0;126.0;126.0;;1;1;1;1;1;1;1;1;1;1;1;1;1;1;1;1;1;1;1;1;1;1;1;1;1;1;1;1;1;1;
50660000;2;10/1998;1;1;126.0;106.0;117.871;1;29;2;2;2;0.0;0;126.0;126.0;126.0;126.0;126.0;124.0;124.0;124.0;122.0;122.0;122.0;122.0;122.0;121.0;121.0;120.0;120.0;118.0;117.0;116.0;115.0;114.0;113.0;112.0;111.0;110.0;108.0;108.0;106.0;106.0;106.0;1;1;1;1;1;1;1;1;1;1;1;1;1;1;1;1;1;2;2;2;2;1;2;2;2;2;1;1;1;1;1
50660000;1;10/1998;1;1;126.0;106.0;118.0;1;29;1;1;1;129.0;1;126.0;126.0;126.0;126.0;126.0;124.0;124.0;124.0;122.0;122.0;122.0;122.0;122.0;121.0;121.0;120.0;120.0;120.0;120.0;118.0;117.0;114.0;110.0;110.0;108.0;108.0;108.0;108.0;106.0;106.0;106.0;1;1;1;1;1;1;1;1;1;1;1;1;1;1;1;1;1;1;1;1;1;1;1;1;1;1;1;1;1;1;1
50660000;2;11/1998;1;1;106.0;100.0;103.2;1;30;1;1;1;0.0;0;106.0;106.0;104.0;104.0;104.0;104.0;104.0;104.0;104.0;104.0;104.0;103.0;102.0;102.0;102.0;102.0;102.0;102.0;102.0;102.0;102.0;102.0;103.0;106.0;105.0;104.0;103.0;102.0;102.0;100.0;;1;1;1;1;1;1;1;1;1;1;1;1;1;1;1;1;1;1;1;1;1;1;1;1;1;1;1;1;1;1;
50660000;1;11/1998;1;1;106.0;100.0;103.0;1;30;1;1;1;129.0;1;106.0;106.0;104.0;104.0;104.0;104.0;104.0;104.0;104.0;104.0;104.0;103.0;102.0;102.0;102.0;102.0;102.0;102.0;102.0;102.0;102.0;102.0;103.0;106.0;105.0;104.0;103.0;102.0;102.0;100.0;;1;1;1;1;1;1;1;1;1;1;1;1;1;1;1;1;1;1;1;1;1;1;1;1;1;1;1;1;1;1;0
50660000;2;12/1998;1;1;106.0;102.0;103.6452;2;1;1;1;1;0.0;0;102.0;106.0;106.0;105.0;104.0;104.0;104.0;106.0;106.0;106.0;106.0;106.0;106.0;104.0;104.0;104.0;104.0;104.0;102.0;102.0;102.0;102.0;102.0;102.0;102.0;102.0;102.0;102.0;102.0;102.0;102.0;1;1;1;1;1;1;1;1;1;1;1;1;1;1;1;1;1;1;1;1;1;1;1;1;1;1;1;1;1;1;1
50660000;1;12/1998;1;1;106.0;102.0;104.0;2;1;1;1;1;129.0;1;102.0;106.0;106.0;105.0;104.0;104.0;104.0;106.0;106.0;106.0;106.0;106.0;106.0;104.0;104.0;104.0;104.0;104.0;102.0;102.0;102.0;102.0;102.0;102.0;102.0;102.0;102.0;102.0;102.0;102.0;102.0;1;1;1;1;1;1;1;1;1;1;1;1;1;1;1;1;1;1;1;1;1;1;1;1;1;1;1;1;1;1;1
50660000;2;01/1999;1;1;120.0;94.0;102.7097;12;9;1;1;1;0.0;0;102.0;102.0;102.0;100.0;98.0;98.0;96.0;95.0;94.0;107.0;116.0;120.0;118.0;116.0;112.0;108.0;107.0;105.0;104.0;102.0;102.0;100.0;100.0;100.0;99.0;98.0;98.0;97.0;96.0;96.0;96.0;1;1;1;1;1;1;1;1;1;1;1;1;1;1;1;1;1;1;1;1;1;1;1;1;1;1;1;1;1;1;1
50660000;1;01/1999;1;1;120.0;94.0;103.0;12;9;1;1;1;;0;102.0;102.0;102.0;100.0;98.0;98.0;96.0;95.0;94.0;107.0;116.0;120.0;118.0;116.0;112.0;108.0;107.0;105.0;104.0;102.0;102.0;100.0;100.0;100.0;99.0;98.0;98.0;97.0;96.0;96.0;96.0;1;1;1;1;1;1;1;1;1;1;1;1;1;1;1;1;1;1;1;1;1;1;1;1;1;1;1;1;1;1;1
50660000;2;02/1999;1;1;114.0;94.0;103.8571;20;2;2;2;2;0.0;0;96.0;94.0;94.0;94.0;95.0;96.0;96.0;96.0;103.0;100.0;98.0;99.0;113.0;112.0;111.0;110.0;109.0;111.0;112.0;114.0;112.0;110.0;110.0;108.0;106.0;104.0;103.0;102.0;;;;1;1;1;1;1;1;1;1;1;1;1;1;1;2;2;2;2;2;2;1;1;1;1;1;1;1;1;1;;;
50660000;1;02/1999;1;1;193.0;94.0;113.0;14;2;1;1;1;;0;96.0;94.0;94.0;94.0;95.0;96.0;96.0;96.0;103.0;100.0;98.0;99.0;113.0;193.0;183.0;173.0;142.0;120.0;117.0;114.0;112.0;110.0;110.0;108.0;106.0;104.0;103.0;102.0;;;;1;1;1;1;1;1;1;1;1;1;1;1;1;1;1;1;1;1;1;1;1;1;1;1;1;1;1;1;0;0;0
50660000;2;03/1999;1;1;112.0;90.0;98.3871;27;17;2;2;2;0.0;0;102.0;102.0;100.0;100.0;98.0;98.0;98.0;96.0;94.0;94.0;94.0;94.0;94.0;92.0;92.0;91.0;90.0;92.0;92.0;106.0;104.0;102.0;103.0;100.0;98.0;98.0;112.0;106.0;104.0;102.0;102.0;1;1;1;1;1;1;1;1;1;1;1;1;1;1;1;1;1;1;1;2;2;2;1;1;1;1;2;2;2;1;1
50660000;1;03/1999;1;1;112.0;90.0;98.0;20;17;1;1;1;;0;102.0;102.0;100.0;100.0;98.0;98.0;98.0;96.0;94.0;94.0;94.0;94.0;94.0;92.0;92.0;91.0;90.0;92.0;92.0;112.0;106.0;104.0;103.0;100.0;98.0;98.0;106.0;104.0;102.0;102.0;102.0;1;1;1;1;1;1;1;1;1;1;1;1;1;1;1;1;1;1;1;1;1;1;1;1;1;1;1;1;1;1;1
50660000;2;04/1999;1;1;104.0;94.0;97.900002;2;17;1;1;1;0.0;0;103.0;104.0;104.0;104.0;104.0;102.0;100.0;100.0;98.0;98.0;97.0;96.0;96.0;96.0;96.0;96.0;94.0;95.0;95.0;94.0;94.0;94.0;96.0;96.0;96.0;97.0;96.0;98.0;98.0;100.0;;1;1;1;1;1;1;1;1;1;1;1;1;1;1;1;1;1;1;1;1;1;1;1;1;1;1;1;1;1;1;
50660000;1;04/1999;1;1;104.0;94.0;98.0;2;17;1;1;1;;0;103.0;104.0;104.0;104.0;104.0;102.0;100.0;100.0;98.0;98.0;97.0;96.0;96.0;96.0;96.0;96.0;94.0;95.0;95.0;94.0;94.0;94.0;96.0;96.0;96.0;97.0;96.0;98.0;98.0;100.0;;1;1;1;1;1;1;1;1;1;1;1;1;1;1;1;1;1;1;1;1;1;1;1;1;1;1;1;1;1;1;0
50660000;2;05/1999;1;1;520.0;107.0;162.5806;17;1;2;2;2;0.0;0;107.0;115.0;114.0;114.0;110.0;110.0;109.0;108.0;116.0;116.0;118.0;119.0;114.0;112.0;170.0;264.0;520.0;351.0;310.0;247.0;196.0;159.0;157.0;152.0;143.0;139.0;137.0;136.0;129.0;124.0;124.0;1;1;1;1;1;1;1;1;1;1;1;1;1;1;1;1;2;1;1;1;1;1;1;1;1;1;1;1;1;1;1
50660000;1;05/1999;1;1;351.0;107.0;156.0;18;1;1;1;1;;0;107.0;115.0;114.0;114.0;110.0;110.0;109.0;108.0;116.0;116.0;118.0;119.0;114.0;112.0;170.0;264.0;302.0;351.0;310.0;247.0;196.0;159.0;157.0;152.0;143.0;139.0;137.0;136.0;129.0;124.0;124.0;1;1;1;1;1;1;1;1;1;1;1;1;1;1;1;1;1;1;1;1;1;1;1;1;1;1;1;1;1;1;1
50660000;2;06/1999;1;1;224.0;122.0;154.9333;16;2;2;2;2;0.0;0;124.0;122.0;122.0;122.0;132.0;136.0;138.0;136.0;138.0;144.0;157.0;166.0;180.0;200.0;221.0;224.0;217.0;211.0;203.0;174.0;149.0;142.0;148.0;144.0;138.0;135.0;132.0;129.0;138.0;126.0;;1;1;1;1;1;1;1;1;1;1;1;1;2;2;1;1;1;1;1;1;1;1;1;1;1;1;1;1;1;1;
50660000;1;06/1999;1;1;224.0;122.0;153.0;16;2;1;1;1;;0;124.0;122.0;122.0;122.0;132.0;136.0;138.0;136.0;138.0;144.0;157.0;166.0;166.0;167.0;221.0;224.0;217.0;211.0;203.0;174.0;149.0;142.0;148.0;144.0;138.0;135.0;132.0;129.0;138.0;126.0;;1;1;1;1;1;1;1;1;1;1;1;1;1;1;1;1;1;1;1;1;1;1;1;1;1;1;1;1;1;1;0
50660000;2;07/1999;1;1;204.0;114.0;132.871;13;8;2;2;2;0.0;0;126.0;126.0;124.0;122.0;118.0;116.0;116.0;114.0;114.0;116.0;116.0;133.0;204.0;184.0;177.0;154.0;148.0;146.0;143.0;137.0;132.0;130.0;130.0;128.0;128.0;127.0;124.0;122.0;120.0;121.0;123.0;1;1;1;1;1;1;1;1;1;1;1;1;1;1;1;1;1;1;1;1;1;1;1;1;1;1;1;1;1;1;2
50660000;1;07/1999;1;1;;;;;;0;0;0;;0;126.0;126.0;124.0;122.0;118.0;116.0;116.0;114.0;114.0;116.0;116.0;133.0;204.0;184.0;177.0;154.0;148.0;146.0;143.0;137.0;132.0;130.0;130.0;128.0;128.0;127.0;124.0;122.0;120.0;121.0;;1;1;1;1;1;1;1;1;1;1;1;1;1;1;1;1;1;1;1;1;1;1;1;1;1;1;1;1;1;1;0
50660000;2;08/1999;1;1;376.0;124.0;225.5161;18;1;1;1;1;0.0;0;124.0;130.0;130.0;130.0;142.0;181.0;192.0;245.0;260.0;278.0;251.0;212.0;178.0;163.0;153.0;141.0;224.0;376.0;348.0;332.0;321.0;294.0;283.0;277.0;270.0;256.0;258.0;225.0;217.0;206.0;194.0;1;1;1;1;1;1;1;1;1;1;1;1;1;1;1;1;1;1;1;1;1;1;1;1;1;1;1;1;1;1;1
50660000;1;08/1999;1;1;376.0;124.0;226.0;18;1;1;1;1;;0;124.0;130.0;130.0;130.0;142.0;181.0;192.0;245.0;260.0;278.0;251.0;212.0;178.0;163.0;153.0;141.0;224.0;376.0;348.0;332.0;321.0;294.0;283.0;277.0;270.0;256.0;258.0;225.0;217.0;206.0;194.0;1;1;1;1;1;1;1;1;1;1;1;1;1;1;1;1;1;1;1;1;1;1;1;1;1;1;1;1;1;1;1
50660000;2;09/1999;1;1;186.0;118.0;141.6333;2;19;1;1;1;0.0;0;183.0;186.0;173.0;165.0;149.0;138.0;136.0;134.0;132.0;130.0;130.0;130.0;130.0;128.0;126.0;126.0;124.0;122.0;118.0;123.0;130.0;127.0;124.0;124.0;186.0;180.0;165.0;152.0;141.0;137.0;;1;1;1;1;1;1;1;1;1;1;1;1;1;1;1;1;1;1;1;1;1;1;1;1;1;1;1;1;1;1;
50660000;1;09/1999;1;1;186.0;118.0;142.0;2;19;1;1;1;;0;183.0;186.0;173.0;165.0;149.0;138.0;136.0;134.0;132.0;130.0;130.0;130.0;130.0;128.0;126.0;126.0;124.0;122.0;118.0;123.0;130.0;127.0;124.0;124.0;186.0;180.0;165.0;152.0;141.0;137.0;;1;1;1;1;1;1;1;1;1;1;1;1;1;1;1;1;1;1;1;1;1;1;1;1;1;1;1;1;1;1;0
50660000;2;10/1999;1;1;224.0;124.0;147.6774;25;5;2;2;2;0.0;0;133.0;128.0;126.0;125.0;124.0;150.0;190.0;180.0;160.0;150.0;130.0;125.0;124.0;126.0;133.0;152.0;196.0;182.0;157.0;139.0;133.0;129.0;125.0;124.0;224.0;191.0;160.0;144.0;135.0;140.0;143.0;1;1;1;1;1;2;2;2;2;2;2;1;1;1;1;1;1;1;1;1;1;1;1;1;1;1;1;1;1;1;1
50660000;1;10/1999;1;1;224.0;122.0;141.0;25;6;1;1;1;;0;133.0;128.0;126.0;125.0;124.0;122.0;122.0;122.0;122.0;127.0;126.0;125.0;124.0;126.0;133.0;152.0;196.0;182.0;157.0;139.0;133.0;129.0;125.0;124.0;224.0;191.0;160.0;144.0;135.0;140.0;143.0;1;1;1;1;1;1;1;1;1;1;1;1;1;1;1;1;1;1;1;1;1;1;1;1;1;1;1;1;1;1;1
50660000;2;11/1999;1;1;226.0;124.0;154.39999;4;18;1;1;1;0.0;0;151.0;172.0;197.0;226.0;225.0;226.0;188.0;157.0;145.0;137.0;133.0;131.0;130.0;129.0;127.0;126.0;126.0;124.0;125.0;158.0;157.0;176.0;174.0;163.0;152.0;138.0;137.0;136.0;134.0;132.0;;1;1;1;1;1;1;1;1;1;1;1;1;1;1;1;1;1;1;1;1;1;1;1;1;1;1;1;1;1;1;
50660000;1;11/1999;1;1;226.0;124.0;154.0;4;18;1;1;1;;0;151.0;172.0;197.0;226.0;225.0;226.0;188.0;157.0;145.0;137.0;133.0;131.0;130.0;129.0;127.0;126.0;126.0;124.0;125.0;158.0;157.0;176.0;174.0;163.0;152.0;138.0;137.0;136.0;134.0;132.0;;1;1;1;1;1;1;1;1;1;1;1;1;1;1;1;1;1;1;1;1;1;1;1;1;1;1;1;1;1;1;0
50660000;2;12/1999;1;1;292.0;114.0;155.7097;21;16;1;1;1;0.0;0;130.0;128.0;126.0;124.0;124.0;124.0;122.0;121.0;120.0;120.0;118.0;118.0;116.0;116.0;115.0;114.0;118.0;125.0;214.0;256.0;292.0;209.0;197.0;190.0;186.0;184.0;177.0;185.0;188.0;186.0;184.0;1;1;1;1;1;1;1;1;1;1;1;1;1;1;1;1;1;1;1;1;1;1;1;1;1;1;1;1;1;1;1
50660000;1;12/1999;1;1;292.0;114.0;156.0;21;16;1;1;1;;0;130.0;128.0;126.0;124.0;124.0;124.0;122.0;121.0;120.0;120.0;118.0;118.0;116.0;116.0;115.0;114.0;118.0;125.0;214.0;256.0;292.0;209.0;197.0;190.0;186.0;184.0;177.0;185.0;188.0;186.0;184.0;1;1;1;1;1;1;1;1;1;1;1;1;1;1;1;1;1;1;1;1;1;1;1;1;1;1;1;1;1;1;1
50660000;2;01/2000;1;1;262.0;116.0;156.871;27;20;2;2;2;0.0;0;164.0;158.0;147.0;144.0;141.0;140.0;142.0;135.0;136.0;134.0;132.0;129.0;127.0;125.0;121.0;120.0;120.0;119.0;118.0;116.0;123.0;152.0;174.0;180.0;203.0;241.0;262.0;260.0;230.0;206.0;164.0;1;1;1;1;1;1;1;1;1;1;1;1;1;1;1;1;1;1;1;1;1;1;2;1;1;1;1;1;1;1;1
50660000;1;01/2000;1;1;262.0;116.0;157.0;27;20;1;1;1;;0;164.0;158.0;147.0;144.0;141.0;140.0;142.0;135.0;136.0;134.0;132.0;129.0;127.0;125.0;121.0;120.0;120.0;119.0;118.0;116.0;123.0;152.0;184.0;180.0;203.0;241.0;262.0;260.0;230.0;206.0;164.0;1;1;1;1;1;1;1;1;1;1;1;1;1;1;1;1;1;1;1;1;1;1;1;1;1;1;1;1;1;1;1
50660000;2;02/2000;1;1;213.0;120.0;144.82761;27;12;2;2;2;0.0;0;137.0;128.0;124.0;130.0;142.0;147.0;162.0;168.0;139.0;124.0;122.0;120.0;125.0;126.0;128.0;126.0;127.0;135.0;139.0;140.0;145.0;152.0;158.0;155.0;163.0;176.0;213.0;190.0;159.0;;;1;1;1;2;1;1;1;1;1;1;1;1;1;1;1;1;1;1;1;1;1;1;1;1;1;1;1;1;1;;
50660000;1;02/2000;1;1;213.0;120.0;147.0;27;12;1;1;1;;0;137.0;128.0;124.0;181.0;142.0;147.0;162.0;168.0;139.0;124.0;122.0;120.0;125.0;126.0;128.0;126.0;127.0;135.0;139.0;140.0;145.0;152.0;158.0;155.0;163.0;176.0;213.0;190.0;159.0;;;1;1;1;1;1;1;1;1;1;1;1;1;1;1;1;1;1;1;1;1;1;1;1;1;1;1;1;1;1;0;0
50660000;2;03/2000;1;1;154.0;117.0;133.5161;11;24;1;1;1;0.0;0;146.0;142.0;133.0;140.0;147.0;147.0;142.0;140.0;138.0;136.0;154.0;147.0;142.0;136.0;134.0;133.0;131.0;127.0;126.0;144.0;132.0;125.0;121.0;117.0;119.0;121.0;131.0;125.0;122.0;120.0;121.0;1;1;1;1;1;1;1;1;1;1;1;1;1;1;1;1;1;1;1;1;1;1;1;1;1;1;1;1;1;1;1
50660000;1;03/2000;1;1;154.0;117.0;134.0;11;24;1;1;1;;0;146.0;142.0;133.0;140.0;147.0;147.0;142.0;140.0;138.0;136.0;154.0;147.0;142.0;136.0;134.0;133.0;131.0;127.0;126.0;144.0;132.0;125.0;121.0;117.0;119.0;121.0;131.0;125.0;122.0;120.0;121.0;1;1;1;1;1;1;1;1;1;1;1;1;1;1;1;1;1;1;1;1;1;1;1;1;1;1;1;1;1;1;1
50660000;2;04/2000;1;1;266.0;122.0;182.46671;5;1;2;2;2;0.0;0;122.0;126.0;153.0;213.0;266.0;152.0;144.0;137.0;133.0;130.0;128.0;127.0;141.0;133.0;153.0;239.0;266.0;251.0;247.0;241.0;236.0;233.0;226.0;204.0;168.0;146.0;137.0;173.0;205.0;244.0;;1;1;1;2;2;1;1;1;1;1;1;1;1;1;1;1;1;1;1;1;1;1;1;1;1;1;1;1;1;1;
50660000;1;04/2000;1;1;266.0;122.0;177.0;17;1;1;1;1;;0;122.0;126.0;153.0;151.0;151.0;152.0;144.0;137.0;133.0;130.0;128.0;127.0;141.0;133.0;153.0;239.0;266.0;251.0;247.0;241.0;236.0;233.0;226.0;204.0;168.0;146.0;137.0;173.0;205.0;244.0;;1;1;1;1;1;1;1;1;1;1;1;1;1;1;1;1;1;1;1;1;1;1;1;1;1;1;1;1;1;1;0
50660000;2;05/2000;1;1;376.0;120.0;181.871;25;21;2;2;2;0.0;0;218.0;173.0;155.0;147.0;160.0;270.0;180.0;176.0;155.0;142.0;141.0;138.0;136.0;136.0;134.0;131.0;128.0;126.0;124.0;122.0;120.0;160.0;213.0;314.0;376.0;256.0;240.0;227.0;221.0;217.0;202.0;1;1;1;1;1;2;1;1;1;1;1;1;1;1;1;1;1;1;1;1;1;1;1;1;1;1;1;1;1;1;1
50660000;1;05/2000;1;1;376.0;120.0;179.0;25;21;1;1;1;;0;218.0;173.0;155.0;147.0;160.0;185.0;180.0;176.0;155.0;142.0;141.0;138.0;136.0;136.0;134.0;131.0;128.0;126.0;124.0;122.0;120.0;160.0;213.0;314.0;376.0;256.0;240.0;227.0;221.0;217.0;202.0;1;1;1;1;1;1;1;1;1;1;1;1;1;1;1;1;1;1;1;1;1;1;1;1;1;1;1;1;1;1;1
50660000;2;06/2000;1;1;277.0;149.0;195.3;8;19;1;1;1;0.0;0;197.0;194.0;187.0;183.0;215.0;221.0;235.0;277.0;273.0;252.0;219.0;211.0;201.0;183.0;173.0;159.0;156.0;154.0;149.0;150.0;152.0;153.0;154.0;177.0;219.0;223.0;212.0;201.0;185.0;194.0;;1;1;1;1;1;1;1;1;1;1;1;1;1;1;1;1;1;1;1;1;1;1;1;1;1;1;1;1;1;1;
50660000;1;06/2000;1;1;282.0;148.0;195.0;9;19;1;1;1;;0;197.0;194.0;187.0;183.0;215.0;221.0;235.0;277.0;273.0;252.0;219.0;211.0;201.0;183.0;173.0;159.0;156.0;154.0;149.0;150.0;152.0;153.0;154.0;177.0;219.0;223.0;212.0;201.0;185.0;194.0;;1;1;1;1;1;1;1;1;1;1;1;1;1;1;1;1;1;1;1;1;1;1;1;1;1;1;1;1;1;1;0
50660000;2;07/2000;1;1;187.0;134.0;151.0645;1;26;1;1;1;0.0;0;187.0;176.0;163.0;146.0;158.0;154.0;154.0;154.0;154.0;153.0;149.0;146.0;146.0;144.0;141.0;139.0;137.0;136.0;179.0;176.0;158.0;147.0;142.0;138.0;136.0;134.0;134.0;135.0;161.0;155.0;151.0;1;1;1;1;1;1;1;1;1;1;1;1;1;1;1;1;1;1;1;1;1;1;1;1;1;1;1;1;1;1;1
50660000;1;07/2000;1;1;188.0;134.0;151.0;1;26;1;1;1;;0;187.0;176.0;163.0;146.0;158.0;154.0;154.0;154.0;154.0;153.0;149.0;146.0;146.0;144.0;141.0;139.0;137.0;136.0;179.0;176.0;158.0;147.0;142.0;138.0;136.0;134.0;134.0;135.0;161.0;155.0;151.0;1;1;1;1;1;1;1;1;1;1;1;1;1;1;1;1;1;1;1;1;1;1;1;1;1;1;1;1;1;1;1
50660000;2;08/2000;1;1;308.0;141.0;190.7419;9;31;1;1;1;0.0;0;148.0;145.0;147.0;155.0;162.0;213.0;285.0;295.0;308.0;284.0;249.0;227.0;214.0;192.0;185.0;179.0;176.0;170.0;164.0;164.0;178.0;184.0;182.0;185.0;183.0;178.0;167.0;157.0;151.0;145.0;141.0;1;1;1;1;1;1;1;1;1;1;1;1;1;1;1;1;1;1;1;1;1;1;1;1;1;1;1;1;1;1;1
50660000;1;08/2000;1;1;308.0;140.0;191.0;9;31;1;1;1;;0;148.0;145.0;147.0;155.0;162.0;213.0;285.0;295.0;308.0;284.0;249.0;227.0;214.0;192.0;185.0;179.0;176.0;170.0;164.0;164.0;178.0;184.0;182.0;185.0;183.0;178.0;167.0;157.0;151.0;145.0;141.0;1;1;1;1;1;1;1;1;1;1;1;1;1;1;1;1;1;1;1;1;1;1;1;1;1;1;1;1;1;1;1
50660000;2;09/2000;1;1;538.0;136.0;229.3;14;5;2;2;2;0.0;0;140.0;140.0;138.0;138.0;136.0;142.0;148.0;146.0;144.0;146.0;182.0;233.0;391.0;538.0;473.0;434.0;394.0;346.0;275.0;242.0;220.0;202.0;186.0;172.0;162.0;158.0;154.0;212.0;233.0;254.0;;1;1;1;1;1;1;1;1;1;1;1;2;2;2;2;2;2;2;2;2;2;2;1;1;1;1;1;1;2;1;
50660000;1;09/2000;1;1;554.0;136.0;229.0;14;5;0;0;0;;0;140.0;140.0;138.25;138.0;136.0;142.5;148.0;146.0;144.0;146.0;182.5;244.5;411.5;546.0;464.5;429.0;392.0;337.0;270.5;237.75;218.0;199.25;185.5;172.25;162.5;158.0;154.5;212.5;234.5;253.5;;1;1;1;1;1;1;1;1;1;1;1;1;1;1;1;1;1;1;1;1;1;1;1;1;1;1;1;1;1;1;0
50660000;2;10/2000;1;1;259.0;132.0;153.7742;2;21;1;1;1;0.0;0;256.0;259.0;238.0;206.0;176.0;165.0;156.0;147.0;145.0;142.0;140.0;140.0;138.0;138.0;140.0;140.0;138.0;138.0;136.0;133.0;132.0;132.0;138.0;138.0;138.0;137.0;140.0;137.0;136.0;134.0;134.0;1;1;1;1;1;1;1;1;1;1;1;1;1;1;1;1;1;1;1;1;1;1;1;1;1;1;1;1;1;1;1
50660000;1;10/2000;1;1;260.0;130.0;154.0;2;22;0;0;0;;0;256.0;259.0;238.0;206.0;176.0;165.0;156.0;147.0;145.0;142.0;140.0;140.0;138.0;138.0;140.0;140.0;138.0;138.0;136.0;133.0;132.0;132.0;138.0;138.0;138.0;137.0;140.0;137.0;136.0;134.0;134.0;1;1;1;1;1;1;1;1;1;1;1;1;1;1;1;1;1;1;1;1;1;1;1;1;1;1;1;1;1;1;1
50660000;1;11/2000;1;1;190.0;124.0;146.0;8;30;0;0;0;;0;132.0;134.0;137.0;154.0;152.0;153.0;147.0;183.0;185.0;186.0;169.0;165.0;164.0;165.0;151.0;144.0;137.0;138.0;139.0;136.0;135.0;132.0;132.0;133.0;130.0;128.0;128.0;128.0;126.0;125.0;;1;1;1;1;1;1;1;1;1;1;1;1;1;1;1;1;1;1;1;1;1;1;1;1;1;1;1;1;1;1;0
50660000;2;11/2000;1;1;186.0;125.0;145.60001;10;30;1;1;1;0.0;0;132.0;134.0;137.0;154.0;152.0;153.0;147.0;183.0;185.0;186.0;169.0;165.0;164.0;165.0;151.0;144.0;137.0;138.0;139.0;136.0;135.0;132.0;132.0;133.0;130.0;128.0;128.0;128.0;126.0;125.0;;1;1;1;1;1;1;1;1;1;1;1;1;1;1;1;1;1;1;1;1;1;1;1;1;1;1;1;1;1;1;
50660000;1;12/2000;1;1;168.0;118.0;132.0;13;11;0;0;0;;0;124.0;124.0;124.0;124.0;124.0;122.0;122.0;121.0;120.0;120.0;119.0;122.0;157.0;143.0;150.0;154.0;150.0;147.0;142.0;136.0;134.0;132.0;133.0;135.0;135.0;134.0;134.0;129.0;128.0;126.0;124.0;1;1;1;1;1;1;1;1;1;1;1;1;1;1;1;1;1;1;1;1;1;1;1;1;1;1;1;1;1;1;1
50660000;2;12/2000;1;1;154.0;119.0;131.3548;16;11;2;2;2;0.0;0;124.0;124.0;124.0;124.0;124.0;122.0;122.0;121.0;120.0;120.0;119.0;122.0;140.0;143.0;150.0;154.0;150.0;147.0;142.0;136.0;134.0;132.0;133.0;135.0;135.0;134.0;134.0;129.0;128.0;126.0;124.0;1;1;1;1;1;1;1;1;1;1;1;1;2;1;1;1;1;1;1;1;1;1;1;1;1;1;1;1;1;1;1
50660000;2;01/2001;1;1;138.0;114.0;122.3871;5;30;1;1;1;0.0;0;124.0;122.0;122.0;136.0;138.0;135.0;132.0;131.0;129.0;126.0;124.0;128.0;126.0;124.0;122.0;122.0;122.0;120.0;120.0;118.0;118.0;117.0;116.0;116.0;116.0;116.0;116.0;115.0;115.0;114.0;114.0;1;1;1;1;1;1;1;1;1;1;1;1;1;1;1;1;1;1;1;1;1;1;1;1;1;1;1;1;1;1;1
50660000;1;01/2001;1;1;138.0;114.0;122.0;5;30;0;0;0;;0;124.0;122.0;122.0;136.0;138.0;135.0;132.0;131.0;129.0;126.5;124.0;128.0;126.0;124.0;122.0;122.0;122.0;120.0;120.0;118.0;118.0;117.0;116.0;116.0;116.0;116.0;116.0;115.0;115.0;114.0;114.0;;;;;2;;;;;;;;;;;;;;;;;;;;;;;;;;
50660000;2;02/2001;1;1;118.0;108.0;111.8571;5;18;2;2;2;0.0;0;114.0;112.0;112.0;112.0;118.0;116.0;116.0;114.0;112.0;111.0;110.0;110.0;110.0;110.0;110.0;110.0;109.0;108.0;110.0;112.0;112.0;112.0;112.0;110.0;110.0;112.0;112.0;116.0;;;;1;1;1;1;1;1;1;1;1;1;1;1;1;1;1;1;1;1;1;1;1;1;1;1;1;1;1;2;;;
50660000;1;02/2001;1;1;118.0;108.0;112.0;5;18;0;0;0;;0;114.0;112.0;112.0;111.5;118.0;116.0;116.0;114.5;112.0;111.0;110.0;110.0;110.0;110.0;110.0;110.0;109.0;108.5;110.0;111.5;112.0;112.0;112.0;110.0;110.0;111.5;112.0;112.0;;;;1;1;1;1;1;1;1;1;1;1;1;1;1;1;1;1;1;1;1;1;1;1;1;1;1;1;1;1;0;0;0
50660000;2;03/2001;1;1;149.0;108.0;121.8387;19;11;2;2;2;0.0;0;116.0;118.0;115.0;112.0;110.0;110.0;110.0;110.0;110.0;110.0;108.0;108.0;109.0;116.0;123.0;126.0;142.0;145.0;149.0;146.0;145.0;135.0;132.0;127.0;124.0;120.0;118.0;122.0;121.0;120.0;120.0;2;1;1;1;1;1;1;1;1;1;1;1;1;1;1;1;1;1;1;1;1;1;1;1;1;1;1;1;1;1;1
50660000;1;03/2001;1;1;150.0;102.0;122.0;19;1;0;0;0;;0;109.0;118.0;115.0;112.0;110.0;110.0;110.0;110.0;110.0;110.0;108.0;108.0;109.0;116.0;123.0;126.0;142.0;145.0;149.0;145.5;145.0;135.0;132.0;127.0;124.0;120.0;118.0;122.0;121.0;120.0;120.5;1;1;1;1;1;1;1;1;1;1;1;1;1;1;1;1;1;1;1;1;1;1;1;1;1;1;1;1;1;1;1
50660000;2;04/2001;1;1;148.0;116.0;123.9;16;23;2;2;2;0.0;0;122.0;120.0;118.0;127.0;135.0;130.0;128.0;126.0;124.0;121.0;118.0;118.0;118.0;118.0;125.0;148.0;145.0;127.0;122.0;119.0;117.0;118.0;116.0;117.0;118.0;120.0;124.0;128.0;126.0;124.0;;1;1;1;1;1;1;1;1;1;1;1;1;1;1;1;2;1;1;1;1;1;1;1;1;1;1;1;1;1;1;
50660000;1;04/2001;1;1;162.0;116.0;124.0;16;23;0;0;0;;0;122.0;120.0;118.0;127.0;135.0;130.0;128.0;126.0;124.0;121.0;118.0;118.0;118.0;118.0;125.0;158.0;145.0;127.0;121.5;119.0;117.0;118.0;116.0;117.0;117.5;120.0;124.0;128.0;126.0;124.0;;1;1;1;1;1;1;1;1;1;1;1;1;1;1;1;1;1;1;1;1;1;1;1;1;1;1;1;1;1;1;0
50660000;2;05/2001;1;1;137.0;112.0;119.6129;3;25;1;1;1;0.0;0;123.0;131.0;137.0;134.0;133.0;136.0;133.0;128.0;120.0;120.0;118.0;116.0;116.0;114.0;114.0;114.0;116.0;116.0;116.0;116.0;116.0;115.0;115.0;114.0;112.0;112.0;112.0;112.0;112.0;112.0;125.0;1;1;1;1;1;1;1;1;1;1;1;1;1;1;1;1;1;1;1;1;1;1;1;1;1;1;1;1;1;1;1
50660000;1;05/2001;1;1;138.0;112.0;120.0;3;25;0;0;0;;0;123.0;131.0;137.0;134.0;133.0;136.0;133.0;128.0;119.5;120.5;118.0;116.0;116.0;114.0;114.0;114.0;116.0;116.0;116.0;116.0;116.0;115.0;115.0;114.0;112.0;112.0;112.0;112.0;112.0;112.0;125.0;1;1;1;1;1;1;1;1;1;1;1;1;1;1;1;1;1;1;1;1;1;1;1;1;1;1;1;1;1;1;1
50660000;2;06/2001;1;1;190.0;120.0;144.6667;18;1;2;2;2;0.0;0;120.0;122.0;123.0;127.0;131.0;130.0;127.0;125.0;125.0;153.0;158.0;159.0;153.0;147.0;136.0;133.0;153.0;190.0;181.0;172.0;165.0;159.0;154.0;148.0;146.0;144.0;140.0;138.0;142.0;139.0;;1;1;1;1;1;1;1;1;1;1;1;1;1;1;1;1;1;2;2;2;2;1;1;1;1;1;1;1;1;1;
50660000;1;06/2001;1;1;238.0;120.0;149.0;20;1;0;0;0;;0;120.0;122.0;123.0;127.0;131.0;130.0;127.0;124.5;124.5;153.0;158.0;159.0;153.0;147.0;136.0;133.0;153.0;210.0;219.0;228.0;188.0;159.0;154.0;148.0;146.0;144.0;140.0;138.0;142.5;139.0;;;;;;;;;;;;;;;;;;;3;3;3;;;;;;;;;;;0
50660000;2;07/2001;1;1;221.0;132.0;158.6452;18;4;1;1;1;0.0;0;138.0;135.0;134.0;132.0;134.0;146.0;156.0;190.0;203.0;197.0;181.0;176.0;166.0;152.0;144.0;144.0;154.0;221.0;212.0;190.0;186.0;171.0;160.0;148.0;140.0;136.0;138.0;136.0;134.0;132.0;132.0;1;1;1;1;1;1;1;1;1;1;1;1;1;1;1;1;1;1;1;1;1;1;1;1;1;1;1;1;1;1;1
50660000;1;07/2001;1;1;224.0;130.0;159.0;18;5;0;0;0;;0;138.0;135.0;134.0;132.0;134.0;146.0;156.0;190.0;203.0;197.0;181.0;176.0;166.0;152.0;144.0;144.0;154.0;221.0;212.0;190.0;186.0;171.0;160.0;148.0;140.0;136.0;138.0;136.0;134.0;132.0;132.0;1;1;1;1;1;1;1;1;1;1;1;1;1;1;1;1;1;1;1;1;1;1;1;1;1;1;1;1;1;1;1
50660000;2;08/2001;1;1;296.0;130.0;174.1613;19;2;2;2;2;0.0;0;132.0;130.0;130.0;134.0;136.0;140.0;142.0;143.0;151.0;159.0;162.0;167.0;166.0;168.0;167.0;176.0;189.0;256.0;296.0;277.0;262.0;190.0;149.0;196.0;194.0;185.0;175.0;160.0;160.0;156.0;151.0;1;1;1;1;1;1;1;1;1;1;1;1;1;1;1;1;1;1;1;1;1;2;2;1;1;1;1;1;1;1;1
50660000;1;08/2001;1;1;310.0;130.0;178.0;19;2;1;1;1;;0;132.0;130.0;130.0;134.0;136.0;140.0;142.0;143.0;151.0;159.0;162.0;167.0;166.0;168.0;167.0;176.0;189.0;256.0;296.0;277.0;262.0;240.0;218.0;196.0;194.0;185.0;175.0;160.0;160.0;156.0;151.0;1;1;1;1;1;1;1;1;1;1;1;1;1;1;1;1;1;1;1;1;1;2;2;1;1;1;1;1;1;1;1
50660000;2;09/2001;1;1;380.0;134.0;203.76669;22;17;1;1;1;0.0;0;151.0;163.0;175.0;168.0;172.0;184.0;177.0;186.0;180.0;174.0;164.0;156.0;144.0;140.0;136.0;136.0;134.0;174.0;174.0;206.0;322.0;380.0;377.0;359.0;320.0;285.0;236.0;200.0;176.0;164.0;;1;1;1;1;1;1;1;1;1;1;1;1;1;1;1;1;1;1;1;1;1;1;1;1;1;1;1;1;1;1;
50660000;1;09/2001;1;1;386.0;134.0;204.0;22;17;0;0;0;;0;151.0;163.0;175.0;168.0;171.5;184.0;177.0;186.0;180.0;173.5;163.5;156.0;144.0;140.0;136.0;136.0;134.0;174.0;174.0;206.0;322.0;380.0;377.0;359.0;320.0;285.0;235.5;200.0;176.0;163.5;;1;1;1;1;1;1;1;1;1;1;1;1;1;1;1;1;1;1;1;1;1;1;1;1;1;1;1;1;1;1;0
50660000;2;10/2001;1;1;374.0;127.0;200.0;16;12;1;1;1;0.0;0;150.0;143.0;138.0;136.0;134.0;132.0;132.0;131.0;129.0;129.0;128.0;127.0;127.0;165.0;266.0;374.0;346.0;352.0;348.0;335.0;321.0;251.0;217.0;177.0;163.0;154.0;206.0;226.0;216.0;181.0;166.0;1;1;1;1;1;1;1;1;1;1;1;1;1;1;1;1;1;1;1;1;1;1;1;1;1;1;1;1;1;1;1
50660000;1;10/2001;1;1;380.0;127.0;200.0;16;12;0;0;0;;0;149.5;143.0;138.5;136.0;134.0;132.0;132.0;131.0;129.0;129.0;128.0;127.5;127.5;165.0;265.5;374.0;346.0;352.0;348.0;335.0;321.0;251.0;217.5;177.0;163.0;153.5;206.0;226.0;216.0;181.0;166.0;1;1;1;1;1;1;1;1;1;1;1;1;1;1;1;1;1;1;1;1;1;1;1;1;1;1;1;1;1;1;1
50660000;1;11/2001;1;1;204.0;120.0;133.0;26;17;0;0;0;;0;151.0;147.0;144.0;138.0;135.0;133.0;130.0;128.0;127.0;124.0;124.0;124.0;122.0;122.0;122.0;122.0;120.0;120.0;120.0;120.0;120.0;120.0;120.0;120.0;120.0;194.0;183.5;152.0;149.0;145.0;;1;1;1;1;1;1;1;1;1;1;1;1;1;1;1;1;1;1;1;1;1;1;1;1;1;1;1;1;1;1;0
50660000;2;11/2001;1;1;151.0;120.0;126.4333;1;17;2;2;2;0.0;0;151.0;147.0;144.0;138.0;135.0;133.0;130.0;128.0;127.0;124.0;124.0;124.0;122.0;122.0;122.0;122.0;120.0;120.0;120.0;120.0;120.0;120.0;120.0;120.0;120.0;124.0;124.0;124.0;124.0;124.0;;1;1;1;1;1;1;1;1;1;1;1;1;1;1;1;1;1;1;1;1;1;1;1;1;1;2;2;2;2;2;
50660000;1;12/2001;1;1;142.0;114.0;121.0;1;25;0;0;0;;0;141.0;137.0;133.0;127.0;124.0;124.0;124.0;124.0;124.0;124.0;125.5;124.0;122.0;120.0;120.0;118.0;118.0;118.0;117.0;116.0;116.0;116.0;116.0;116.0;114.0;114.0;114.0;114.0;114.0;114.0;114.0;1;1;1;1;1;1;1;1;1;1;1;1;1;1;1;1;1;1;1;1;1;1;1;1;1;1;1;1;1;1;1
50660000;2;12/2001;1;1;194.0;114.0;127.3226;7;25;2;2;2;0.0;0;141.0;137.0;133.0;127.0;124.0;184.0;194.0;162.0;149.0;136.0;125.0;124.0;122.0;120.0;120.0;118.0;118.0;118.0;117.0;116.0;116.0;116.0;116.0;116.0;114.0;114.0;114.0;114.0;114.0;114.0;114.0;1;1;1;1;1;2;2;2;2;2;1;1;1;1;1;1;1;1;1;1;1;1;1;1;1;1;1;1;1;1;1
50660000;1;01/2002;1;1;386.0;118.0;246.0;12;1;0;0;0;;0;147.0;272.0;277.0;197.5;216.0;260.0;240.0;209.0;177.0;185.0;264.5;385.0;373.0;318.0;261.0;252.0;257.0;279.5;275.0;242.0;210.0;183.5;172.0;228.0;292.0;281.5;327.0;278.5;220.0;177.5;163.0;1;1;1;1;1;1;1;1;1;1;1;1;1;1;1;1;1;1;1;1;1;1;1;1;1;1;1;1;1;1;1
50660000;2;01/2002;1;1;385.0;147.0;245.871;12;1;1;1;1;0.0;0;147.0;272.0;277.0;198.0;216.0;260.0;240.0;209.0;177.0;185.0;264.0;385.0;373.0;318.0;261.0;252.0;257.0;280.0;275.0;242.0;210.0;184.0;172.0;228.0;292.0;282.0;327.0;278.0;220.0;178.0;163.0;1;1;1;1;1;1;1;1;1;1;1;1;1;1;1;1;1;1;1;1;1;1;1;1;1;1;1;1;1;1;1
50660000;2;02/2002;1;1;280.0;128.0;174.28571;12;27;1;1;1;0.0;0;153.0;150.0;154.0;152.0;161.0;207.0;228.0;197.0;201.0;224.0;256.0;280.0;233.0;205.0;180.0;174.0;161.0;159.0;162.0;151.0;144.0;146.0;144.0;137.0;134.0;131.0;128.0;128.0;;;;1;1;1;1;1;1;1;1;1;1;1;1;1;1;1;1;1;1;1;1;1;1;1;1;1;1;1;1;;;
50660000;1;02/2002;1;1;296.0;128.0;174.0;12;27;0;0;0;;0;153.0;150.0;154.0;151.5;161.0;207.0;228.5;197.0;201.0;224.0;256.0;280.0;233.0;205.0;180.5;174.0;161.0;159.0;162.0;151.0;144.0;145.5;144.0;137.0;134.0;131.0;128.0;128.0;;;;1;1;1;1;1;1;1;1;1;1;1;1;1;1;1;1;1;1;1;1;1;1;1;1;1;1;1;1;0;0;0
50660000;1;03/2002;1;1;132.0;118.0;123.0;31;28;0;0;0;;0;126.0;124.0;125.0;126.0;128.0;127.0;126.0;125.0;126.0;124.0;124.0;122.5;122.0;121.0;120.0;120.0;120.0;120.0;122.0;129.0;126.0;124.0;123.0;121.0;120.0;120.0;120.0;118.0;122.0;125.0;130.0;1;1;1;1;1;1;1;1;1;1;1;1;1;1;1;1;1;1;1;1;1;1;1;1;1;1;1;1;1;1;1
50660000;2;03/2002;1;1;130.0;118.0;123.4516;31;28;1;1;1;0.0;0;126.0;124.0;125.0;126.0;128.0;127.0;126.0;125.0;126.0;124.0;124.0;123.0;122.0;121.0;120.0;120.0;120.0;120.0;122.0;129.0;126.0;124.0;123.0;121.0;120.0;120.0;120.0;118.0;122.0;125.0;130.0;1;1;1;1;1;1;1;1;1;1;1;1;1;1;1;1;1;1;1;1;1;1;1;1;1;1;1;1;1;1;1
50660000;1;04/2002;1;1;152.0;116.0;127.0;2;30;0;0;0;;0;145.0;150.0;135.5;131.0;132.0;141.0;134.0;137.0;139.0;134.0;126.0;124.0;124.0;124.0;125.0;124.0;124.0;122.0;121.5;120.0;120.0;119.0;120.0;121.5;122.0;120.0;120.0;118.5;118.0;116.0;;1;1;1;1;1;1;1;1;1;1;1;1;1;1;1;1;1;1;1;1;1;1;1;1;1;1;1;1;1;1;0
50660000;2;04/2002;1;1;150.0;116.0;126.9667;2;30;1;1;1;0.0;0;145.0;150.0;136.0;131.0;132.0;141.0;134.0;137.0;139.0;134.0;126.0;124.0;124.0;124.0;125.0;124.0;124.0;122.0;122.0;120.0;120.0;119.0;120.0;122.0;122.0;120.0;120.0;118.0;118.0;116.0;;1;1;1;1;1;1;1;1;1;1;1;1;1;1;1;1;1;1;1;1;1;1;1;1;1;1;1;1;1;1;
50660000;1;05/2002;1;1;;;;;;0;0;0;;0;116.0;117.0;122.0;124.0;125.0;135.0;182.5;260.0;245.0;193.0;178.0;166.0;145.0;138.0;137.0;134.0;129.0;126.0;125.0;124.0;124.0;124.0;135.0;150.0;160.0;167.0;161.0;151.0;140.0;131.0;;1;1;1;1;1;1;1;1;1;1;1;1;1;1;1;1;1;1;1;1;1;1;1;1;1;1;1;1;1;1;0
50660000;2;05/2002;1;1;260.0;116.0;148.1935;8;1;2;2;2;0.0;0;116.0;117.0;122.0;124.0;125.0;135.0;182.0;260.0;245.0;193.0;178.0;166.0;145.0;138.0;137.0;134.0;129.0;126.0;125.0;124.0;124.0;124.0;135.0;150.0;160.0;167.0;161.0;151.0;140.0;131.0;130.0;1;1;1;1;1;1;1;1;1;1;1;1;1;1;1;1;1;1;1;1;1;1;1;1;1;1;1;1;1;1;2
50660000;1;06/2002;1;1;188.0;126.0;148.0;14;7;0;0;0;;0;129.0;128.0;128.0;128.0;127.0;128.0;127.0;126.0;127.0;131.0;154.0;174.0;182.0;187.0;184.0;177.0;164.0;159.0;147.0;137.0;134.0;137.0;144.0;148.0;153.0;154.5;150.0;150.0;160.0;160.0;;1;1;1;1;1;1;1;1;1;1;1;1;1;1;1;1;1;1;1;1;1;1;1;1;1;1;1;1;1;1;0
50660000;2;06/2002;1;1;187.0;126.0;147.8;14;8;1;1;1;0.0;0;129.0;128.0;128.0;128.0;127.0;128.0;127.0;126.0;127.0;131.0;154.0;174.0;182.0;187.0;184.0;177.0;164.0;159.0;147.0;137.0;134.0;137.0;144.0;148.0;153.0;154.0;150.0;150.0;160.0;160.0;;1;1;1;1;1;1;1;1;1;1;1;1;1;1;1;1;1;1;1;1;1;1;1;1;1;1;1;1;1;1;
50660000;2;07/2002;1;1;241.0;134.0;161.9032;13;8;1;1;1;0.0;0;157.0;155.0;152.0;148.0;146.0;139.0;136.0;134.0;135.0;170.0;224.0;235.0;241.0;215.0;182.0;166.0;150.0;146.0;144.0;147.0;153.0;156.0;167.0;165.0;161.0;159.0;157.0;151.0;146.0;142.0;140.0;1;1;1;1;1;1;1;1;1;1;1;1;1;1;1;1;1;1;1;1;1;1;1;1;1;1;1;1;1;1;1
50660000;1;07/2002;1;1;242.0;132.0;162.0;13;9;0;0;0;;0;157.0;155.0;152.0;148.0;146.0;139.0;136.0;134.0;135.0;170.0;224.0;235.0;241.0;215.0;182.0;166.0;150.0;146.0;144.0;147.0;153.0;155.5;167.0;165.0;161.0;159.0;157.0;151.0;146.0;142.0;140.0;1;1;1;1;1;1;1;1;1;1;1;1;1;1;1;1;1;1;1;1;1;1;1;1;1;1;1;1;1;1;1
50660000;2;08/2002;1;1;151.0;126.0;135.0968;23;11;1;1;1;0.0;0;139.0;137.0;134.0;132.0;131.0;130.0;130.0;130.0;128.0;127.0;126.0;126.0;126.0;126.0;130.0;137.0;140.0;138.0;137.0;141.0;144.0;144.0;151.0;148.0;146.0;143.0;140.0;138.0;135.0;128.0;126.0;1;1;1;1;1;1;1;1;1;1;1;1;1;1;1;1;1;1;1;1;1;1;1;1;1;1;1;1;1;1;1
50660000;1;08/2002;1;1;152.0;126.0;135.0;23;10;0;0;0;;0;139.0;137.0;134.0;132.0;131.0;130.0;130.0;130.0;128.0;127.0;126.0;126.0;126.0;126.0;130.0;137.0;139.5;138.0;137.0;141.0;144.0;144.5;151.0;148.0;146.0;143.0;140.0;138.0;135.0;128.0;126.0;1;1;1;1;1;1;1;1;1;1;1;1;1;1;1;1;1;1;1;1;1;1;1;1;1;1;1;1;1;1;1
50660000;1;09/2002;1;1;130.0;115.0;122.0;11;28;1;1;1;;0;126.0;126.0;126.0;124.0;124.0;125.0;126.0;126.0;126.0;127.0;130.0;128.0;127.0;126.0;124.0;122.0;120.0;119.0;118.0;120.0;120.0;120.0;120.0;119.0;118.0;117.0;116.0;115.0;117.0;121.0;;1;1;1;1;1;1;1;1;1;1;1;1;1;1;1;1;1;1;1;1;1;1;1;1;1;1;1;1;1;1;0
50660000;2;09/2002;1;1;130.0;115.0;122.4333;11;28;1;1;1;0.0;0;126.0;126.0;126.0;124.0;124.0;125.0;126.0;126.0;126.0;127.0;130.0;128.0;127.0;126.0;124.0;122.0;120.0;119.0;118.0;120.0;120.0;120.0;120.0;119.0;118.0;117.0;116.0;115.0;117.0;121.0;;1;1;1;1;1;1;1;1;1;1;1;1;1;1;1;1;1;1;1;1;1;1;1;1;1;1;1;1;1;1;
50660000;2;10/2002;1;1;145.0;110.0;117.3548;2;25;1;1;1;0.0;0;127.0;145.0;137.0;134.0;130.0;128.0;120.0;120.0;120.0;118.0;118.0;116.0;116.0;114.0;114.0;114.0;114.0;112.0;112.0;112.0;112.0;112.0;112.0;111.0;110.0;110.0;110.0;110.0;110.0;110.0;110.0;1;1;1;1;1;1;1;1;1;1;1;1;1;1;1;1;1;1;1;1;1;1;1;1;1;1;1;1;1;1;1
50660000;1;10/2002;1;1;146.0;110.0;117.0;2;25;0;0;0;;0;127.0;145.0;137.0;134.0;130.0;128.0;120.0;120.0;120.0;118.0;118.0;116.0;116.0;114.0;114.0;114.0;114.0;112.0;112.0;112.0;112.0;112.0;112.0;111.0;110.5;110.0;110.0;110.0;110.0;110.0;110.0;1;1;1;1;1;1;1;1;1;1;1;1;1;1;1;1;1;1;1;1;1;1;1;1;1;1;1;1;1;1;1
50660000;2;11/2002;1;1;134.0;108.0;115.3;8;5;1;1;1;0.0;0;110.0;110.0;110.0;110.0;108.0;108.0;108.0;134.0;128.0;126.0;122.0;120.0;120.0;120.0;125.0;122.0;118.0;116.0;114.0;112.0;111.0;112.0;116.0;113.0;112.0;112.0;112.0;110.0;110.0;110.0;;1;1;1;1;1;1;1;1;1;1;1;1;1;1;1;1;1;1;1;1;1;1;1;1;1;1;1;1;1;1;
50660000;1;11/2002;1;1;136.0;108.0;115.0;8;5;0;0;0;;0;110.0;110.0;110.0;110.0;108.5;108.0;108.0;134.0;128.0;126.0;122.0;120.0;120.0;120.0;125.0;122.0;118.0;116.0;114.0;112.0;111.0;112.0;116.0;113.0;112.0;112.0;112.0;110.0;110.0;110.0;;1;1;1;1;1;1;1;1;1;1;1;1;1;1;1;1;1;1;1;1;1;1;1;1;1;1;1;1;1;1;0
50660000;2;12/2002;1;1;117.0;102.0;107.1613;27;24;1;1;1;0.0;0;110.0;108.0;108.0;108.0;108.0;108.0;108.0;107.0;106.0;106.0;106.0;106.0;106.0;105.0;104.0;104.0;104.0;104.0;104.0;104.0;104.0;104.0;104.0;102.0;103.0;112.0;117.0;116.0;114.0;112.0;110.0;1;1;1;1;1;1;1;1;1;1;1;1;1;1;1;1;1;1;1;1;1;1;1;1;1;1;1;1;1;1;1
50660000;1;12/2002;1;1;118.0;102.0;107.0;27;24;0;0;0;;0;110.0;108.5;108.0;108.0;108.0;108.0;108.0;107.0;106.0;106.0;106.0;106.0;106.0;105.0;104.0;104.0;104.0;104.0;104.0;104.0;104.0;104.0;104.0;102.0;103.0;112.0;117.0;116.0;114.0;112.0;110.0;1;1;1;1;1;1;1;1;1;1;1;1;1;1;1;1;1;1;1;1;1;1;1;1;1;1;1;1;1;1;1
50660000;2;01/2003;1;1;110.0;96.0;102.0323;1;17;1;1;1;0.0;0;110.0;110.0;108.0;108.0;106.0;106.0;104.0;102.0;102.0;102.0;100.0;100.0;100.0;98.0;98.0;98.0;96.0;97.0;98.0;98.0;98.0;98.0;98.0;104.0;106.0;105.0;104.0;103.0;102.0;102.0;102.0;1;1;1;1;1;1;1;1;1;1;1;1;1;1;1;1;1;1;1;1;1;1;1;1;1;1;1;1;1;1;1
50660000;1;01/2003;1;1;110.0;96.0;102.0;1;17;0;0;0;;0;110.0;110.0;108.0;108.0;106.0;106.0;104.0;102.0;102.0;102.0;100.0;100.0;100.0;98.5;98.0;98.0;96.5;97.0;98.0;98.0;98.0;98.0;98.0;104.0;106.0;105.0;104.0;103.5;102.0;102.0;102.0;1;1;1;1;1;1;1;1;1;1;1;1;1;1;1;1;1;1;1;1;1;1;1;1;1;1;1;1;1;1;1
50660000;2;02/2003;1;1;110.0;96.0;101.7857;25;21;1;1;1;0.0;0;104.0;102.0;102.0;104.0;104.0;103.0;102.0;102.0;102.0;104.0;104.0;103.0;102.0;101.0;98.0;98.0;98.0;98.0;98.0;98.0;96.0;98.0;98.0;103.0;110.0;108.0;106.0;104.0;;;;1;1;1;1;1;1;1;1;1;1;1;1;1;1;1;1;1;1;1;1;1;1;1;1;1;1;1;1;;;
50660000;1;02/2003;1;1;111.0;96.0;102.0;25;21;0;0;0;;0;104.0;102.0;102.0;104.0;104.0;103.0;102.0;102.0;102.5;104.0;104.0;103.0;102.0;101.0;98.5;98.0;98.0;98.0;98.0;98.0;96.5;98.0;98.0;103.0;110.5;108.5;106.0;104.0;;;;1;1;1;1;1;1;1;1;1;1;1;1;1;1;1;1;1;1;1;1;1;1;1;1;1;1;1;1;0;0;0
50660000;2;03/2003;1;1;134.0;102.0;109.7419;22;5;1;1;1;0.0;0;104.0;104.0;104.0;103.0;102.0;102.0;102.0;102.0;102.0;104.0;104.0;104.0;106.0;105.0;104.0;103.0;110.0;116.0;122.0;126.0;128.0;134.0;127.0;122.0;115.0;110.0;108.0;106.0;108.0;107.0;108.0;1;1;1;1;1;1;1;1;1;1;1;1;1;1;1;1;1;1;1;1;1;1;1;1;1;1;1;1;1;1;1
50660000;1;03/2003;1;1;136.0;102.0;110.0;22;5;0;0;0;;0;104.0;104.0;104.0;103.0;102.0;102.0;102.0;102.0;102.0;104.0;104.0;104.0;106.0;105.0;104.0;103.5;110.0;115.5;122.0;126.0;128.0;134.0;127.0;122.0;115.0;110.5;108.0;106.0;108.5;107.0;108.0;1;1;1;1;1;1;1;1;1;1;1;1;1;1;1;1;1;1;1;1;1;1;1;1;1;1;1;1;1;1;1
50660000;2;04/2003;1;1;116.0;99.0;105.2;18;14;1;1;1;0.0;0;108.0;108.0;110.0;110.0;106.0;106.0;104.0;102.0;102.0;100.0;100.0;100.0;100.0;99.0;100.0;108.0;113.0;116.0;114.0;113.0;108.0;106.0;105.0;104.0;104.0;102.0;102.0;102.0;102.0;102.0;;1;1;1;1;1;1;1;1;1;1;1;1;1;1;1;1;1;1;1;1;1;1;1;1;1;1;1;1;1;1;
50660000;1;04/2003;1;1;116.0;98.0;105.0;18;14;0;0;0;;0;108.0;107.5;110.5;109.5;106.0;105.5;104.0;102.5;102.0;100.5;100.0;100.0;100.0;99.0;100.0;108.0;113.0;116.0;114.5;113.0;108.0;106.0;105.0;104.0;104.0;102.5;102.0;102.0;102.0;102.0;;1;1;1;1;1;1;1;1;1;1;1;1;1;1;1;1;1;1;1;1;1;1;1;1;1;1;1;1;1;1;0
50660000;1;05/2003;1;1;310.0;100.0;150.0;4;3;0;0;0;;0;102.0;102.0;101.0;279.0;230.0;215.0;194.0;170.0;144.0;133.0;151.0;163.0;178.0;174.0;173.0;169.0;161.0;153.0;143.0;146.0;138.0;135.0;130.0;127.0;121.0;118.0;116.0;116.0;120.0;127.0;127.0;1;1;1;1;1;1;1;1;1;1;1;1;1;1;1;1;1;1;1;1;1;1;1;1;1;1;1;1;1;1;1
50660000;2;05/2003;1;1;279.0;101.0;150.1935;4;3;1;1;1;0.0;0;102.0;102.0;101.0;279.0;230.0;215.0;194.0;170.0;144.0;133.0;151.0;163.0;178.0;174.0;173.0;169.0;161.0;153.0;143.0;146.0;138.0;135.0;130.0;127.0;121.0;118.0;116.0;116.0;120.0;127.0;127.0;1;1;1;1;1;1;1;1;1;1;1;1;1;1;1;1;1;1;1;1;1;1;1;1;1;1;1;1;1;1;1
50660000;1;06/2003;1;1;178.0;120.0;139.0;25;19;0;0;0;;0;126.0;135.0;145.0;150.0;144.0;139.0;136.0;138.0;138.0;136.0;136.0;140.0;140.0;136.0;132.0;126.0;122.0;122.0;120.0;121.5;124.0;122.0;120.5;137.0;177.0;177.0;173.0;159.0;147.0;143.0;;1;1;1;1;1;1;1;1;1;1;1;1;1;1;1;1;1;1;1;1;1;1;1;1;1;1;1;1;1;1;0
50660000;2;06/2003;1;1;177.0;120.0;138.73331;25;19;1;1;1;0.0;0;126.0;135.0;145.0;150.0;144.0;139.0;136.0;138.0;138.0;136.0;136.0;140.0;140.0;136.0;132.0;126.0;122.0;122.0;120.0;122.0;124.0;122.0;120.0;137.0;177.0;177.0;173.0;159.0;147.0;143.0;;1;1;1;1;1;1;1;1;1;1;1;1;1;1;1;1;1;1;1;1;1;1;1;1;1;1;1;1;1;1;
50660000;1;07/2003;1;1;266.0;118.0;167.0;20;8;0;0;0;;0;138.0;135.0;131.0;129.5;128.0;125.0;120.0;122.0;126.0;128.0;132.0;138.0;142.0;146.0;153.0;170.0;184.0;230.0;261.0;264.0;255.0;238.0;209.0;184.0;184.0;171.0;175.0;183.0;177.0;159.0;148.0;1;1;1;1;1;1;1;1;1;1;1;1;1;1;1;1;1;1;1;1;1;1;1;1;1;1;1;1;1;1;1
50660000;2;07/2003;1;1;264.0;120.0;167.2903;20;7;1;1;1;0.0;0;138.0;135.0;131.0;130.0;128.0;125.0;120.0;122.0;126.0;128.0;132.0;138.0;142.0;146.0;153.0;170.0;184.0;230.0;261.0;264.0;255.0;238.0;209.0;184.0;184.0;171.0;175.0;183.0;177.0;159.0;148.0;1;1;1;1;1;1;1;1;1;1;1;1;1;1;1;1;1;1;1;1;1;1;1;1;1;1;1;1;1;1;1
50660000;2;08/2003;1;1;156.0;123.0;140.5806;12;7;1;1;1;0.0;0;144.0;139.0;136.0;134.0;129.0;125.0;123.0;127.0;136.0;147.0;155.0;156.0;144.0;142.0;140.0;142.0;139.0;134.0;129.0;126.0;154.0;156.0;154.0;154.0;154.0;153.0;150.0;142.0;136.0;131.0;127.0;1;1;1;1;1;1;1;1;1;1;1;1;1;1;1;1;1;1;1;1;1;1;1;1;1;1;1;1;1;1;1
50660000;1;08/2003;1;1;158.0;122.0;141.0;12;7;0;0;0;;0;144.0;139.0;136.0;134.0;129.0;125.0;123.0;127.0;136.0;147.0;155.0;156.0;144.0;142.0;140.0;142.0;139.0;134.0;129.0;126.0;154.0;156.0;154.5;154.0;154.0;153.0;150.0;142.0;136.0;131.0;127.0;1;1;1;1;1;1;1;1;1;1;1;1;1;1;1;1;1;1;1;1;1;1;1;1;1;1;1;1;1;1;1
50660000;2;09/2003;1;1;227.0;114.0;139.46671;10;28;1;1;1;0.0;0;124.0;123.0;122.0;122.0;122.0;137.0;186.0;197.0;217.0;227.0;190.0;171.0;153.0;147.0;137.0;136.0;129.0;126.0;126.0;124.0;123.0;119.0;118.0;118.0;116.0;116.0;116.0;114.0;114.0;114.0;;1;1;1;1;1;1;1;1;1;1;1;1;1;1;1;1;1;1;1;1;1;1;1;1;1;1;1;1;1;1;
50660000;1;09/2003;1;1;236.0;114.0;139.0;10;28;0;0;0;;0;124.0;123.0;122.0;122.0;122.0;137.0;186.0;197.0;217.0;227.0;190.0;171.0;153.0;147.0;137.0;136.0;129.0;126.0;126.0;124.0;123.0;119.0;118.0;118.0;116.0;116.0;115.5;114.0;114.0;114.0;;1;1;1;1;1;1;1;1;1;1;1;1;1;1;1;1;1;1;1;1;1;1;1;1;1;1;1;1;1;1;0
50660000;2;10/2003;1;1;154.0;108.0;117.4194;16;13;1;1;1;0.0;0;112.0;112.0;111.0;110.0;110.0;117.0;113.0;111.0;110.0;110.0;110.0;109.0;108.0;110.0;122.0;154.0;149.0;143.0;135.0;123.0;118.0;116.0;116.0;114.0;114.0;114.0;112.0;114.0;114.0;116.0;113.0;1;1;1;1;1;1;1;1;1;1;1;1;1;1;1;1;1;1;1;1;1;1;1;1;1;1;1;1;1;1;1
50660000;1;10/2003;1;1;154.0;108.0;117.0;16;13;0;0;0;;0;112.0;112.0;111.0;110.0;110.0;117.0;113.0;111.0;110.0;110.0;110.0;109.0;108.0;110.0;122.0;154.0;149.0;143.0;135.0;123.0;118.0;116.0;116.0;114.0;114.0;114.0;112.0;114.0;114.0;116.0;113.0;;;;;;;;;;;;;;;;;;;;;;;;;;;;;;;
50660000;2;11/2003;1;1;324.0;112.0;147.8333;4;1;1;1;1;0.0;0;112.0;112.0;114.0;324.0;284.0;193.0;166.0;176.0;178.0;176.0;170.0;160.0;145.0;138.0;136.0;134.0;129.0;126.0;124.0;120.0;123.0;124.0;126.0;127.0;125.0;122.0;120.0;118.0;117.0;116.0;;1;1;1;1;1;1;1;1;1;1;1;1;1;1;1;1;1;1;1;1;1;1;1;1;1;1;1;1;1;1;
50660000;1;11/2003;1;1;364.0;110.0;148.0;4;3;0;0;0;;0;112.0;112.0;114.0;324.0;284.0;193.0;166.0;176.0;178.0;176.0;170.0;160.0;145.0;138.0;136.0;134.0;129.0;126.0;124.0;120.0;123.0;124.0;126.0;127.0;125.0;122.0;120.0;118.0;117.0;116.0;;1;1;1;1;1;1;1;1;1;1;1;1;1;1;1;1;1;1;1;1;1;1;1;1;1;1;1;1;1;1;0
50660000;2;12/2003;1;1;116.0;104.0;107.129;1;23;1;1;1;0.0;0;116.0;114.0;110.0;110.0;110.0;110.0;110.0;109.0;108.0;106.0;106.0;106.0;106.0;107.0;111.0;108.0;108.0;106.0;106.0;106.0;106.0;106.0;104.0;104.0;104.0;104.0;104.0;104.0;104.0;104.0;104.0;1;1;1;1;1;1;1;1;1;1;1;1;1;1;1;1;1;1;1;1;1;1;1;1;1;1;1;1;1;1;1
50660000;1;12/2003;1;1;116.0;104.0;107.0;1;23;0;0;0;;0;116.0;114.0;110.0;110.0;110.0;110.0;109.5;109.0;108.5;106.0;106.0;106.0;106.0;107.0;111.0;108.0;108.0;106.0;106.0;106.0;106.0;106.0;104.0;104.0;104.0;104.0;104.0;104.0;104.0;104.0;104.0;;;;;;;;;;;;;;;;;;;;;;;;;;;;;;;
50660000;2;01/2004;1;1;724.0;101.0;275.83871;20;6;2;2;2;0.0;0;104.0;102.0;102.0;102.0;102.0;101.0;101.0;102.0;102.0;102.0;102.0;102.0;110.0;146.0;157.0;197.0;251.0;277.0;422.0;724.0;640.0;608.0;547.0;542.0;524.0;473.0;404.0;364.0;333.0;304.0;304.0;1;1;1;1;1;1;1;1;1;1;1;1;1;2;1;1;1;1;1;1;1;1;1;1;1;1;1;1;1;1;1
50660000;1;01/2004;1;1;732.0;101.0;277.0;20;6;1;1;1;;0;104.0;102.0;102.0;102.0;102.0;101.0;101.0;102.0;102.0;102.0;102.0;102.0;110.0;196.0;157.0;197.0;251.0;277.0;422.0;724.0;640.0;608.0;547.0;542.0;524.0;473.0;404.0;364.0;333.0;304.0;304.0;1;1;1;1;1;1;1;1;1;1;1;1;1;1;1;1;1;1;1;1;1;1;1;1;1;1;1;1;1;1;1
50660000;2;02/2004;1;1;316.0;134.0;185.20689;2;26;1;1;1;0.0;0;310.0;316.0;288.0;258.0;243.0;234.0;234.0;226.0;208.0;193.0;184.0;178.0;168.0;165.0;160.0;148.0;144.0;140.0;138.0;150.0;158.0;151.0;145.0;139.0;136.0;134.0;134.0;134.0;155.0;;;1;1;1;1;1;1;1;1;1;1;1;1;1;1;1;1;1;1;1;1;1;1;1;1;1;1;1;1;1;;
50660000;1;02/2004;1;1;318.0;134.0;185.0;2;26;0;0;0;;0;310.0;316.0;288.0;258.0;243.0;234.0;234.0;226.0;208.0;193.0;184.0;178.0;168.0;165.0;160.0;148.0;144.0;140.0;138.0;150.0;158.0;151.0;145.0;139.0;136.0;134.0;134.0;134.0;155.0;;;1;1;1;1;1;1;1;1;1;1;1;1;1;1;1;1;1;1;1;1;1;1;1;1;1;1;1;1;1;0;0
50660000;1;03/2004;1;1;324.0;118.0;161.0;3;27;0;0;0;;0;157.0;175.0;315.0;279.0;248.0;223.0;203.0;187.0;171.0;160.0;146.0;139.0;138.0;180.0;208.0;171.0;148.0;144.0;143.0;137.0;129.5;124.0;124.0;122.5;122.0;120.0;118.0;118.0;118.0;118.0;118.0;1;1;1;1;1;1;1;1;1;1;1;1;1;1;1;1;1;1;1;1;1;1;1;1;1;1;1;1;1;1;1
50660000;2;03/2004;1;1;315.0;118.0;161.4516;3;27;1;1;1;0.0;0;157.0;175.0;315.0;279.0;248.0;223.0;203.0;187.0;171.0;160.0;146.0;139.0;138.0;180.0;208.0;171.0;148.0;144.0;143.0;137.0;130.0;124.0;124.0;123.0;122.0;120.0;118.0;118.0;118.0;118.0;118.0;1;1;1;1;1;1;1;1;1;1;1;1;1;1;1;1;1;1;1;1;1;1;1;1;1;1;1;1;1;1;1
50660000;1;04/2004;1;1;179.0;116.0;126.0;30;3;0;0;0;;0;118.0;118.0;116.0;116.0;116.0;116.0;116.0;116.0;116.0;122.0;118.0;118.0;120.0;132.5;133.5;124.0;120.0;118.0;118.0;118.0;117.0;118.0;118.0;122.0;132.0;133.0;139.0;167.0;169.0;173.5;;1;1;1;1;1;1;1;1;1;1;1;1;1;1;1;1;1;1;1;1;1;1;1;1;1;1;1;1;1;1;0
50660000;2;04/2004;1;1;174.0;116.0;125.9667;30;3;1;1;1;0.0;0;118.0;118.0;116.0;116.0;116.0;116.0;116.0;116.0;116.0;122.0;118.0;118.0;120.0;132.0;134.0;124.0;120.0;118.0;118.0;118.0;117.0;118.0;118.0;122.0;132.0;133.0;139.0;167.0;169.0;174.0;;1;1;1;1;1;1;1;1;1;1;1;1;1;1;1;1;1;1;1;1;1;1;1;1;1;1;1;1;1;1;
50660000;1;05/2004;1;1;226.0;124.0;145.0;13;27;0;0;0;;0;166.0;151.0;135.0;130.5;141.0;138.0;138.0;136.0;136.0;138.0;149.0;176.0;224.0;214.0;185.0;163.0;148.0;146.0;145.0;145.0;135.0;131.0;130.0;128.0;128.0;126.0;125.0;124.0;124.0;125.0;128.0;1;1;1;1;1;1;1;1;1;1;1;1;1;1;1;1;1;1;1;1;1;1;1;1;1;1;1;1;1;1;1
50660000;2;05/2004;1;1;224.0;124.0;145.4194;13;28;1;1;1;0.0;0;166.0;151.0;135.0;130.0;141.0;138.0;138.0;136.0;136.0;138.0;149.0;176.0;224.0;214.0;185.0;163.0;148.0;146.0;145.0;145.0;135.0;131.0;130.0;128.0;128.0;126.0;125.0;124.0;124.0;125.0;128.0;1;1;1;1;1;1;1;1;1;1;1;1;1;1;1;1;1;1;1;1;1;1;1;1;1;1;1;1;1;1;1
50660000;2;06/2004;1;1;156.0;124.0;133.6333;11;23;1;1;1;0.0;0;132.0;140.0;138.0;136.0;133.0;130.0;132.0;136.0;152.0;154.0;156.0;146.0;143.0;137.0;134.0;132.0;128.0;126.0;126.0;126.0;126.0;126.0;124.0;124.0;124.0;124.0;124.0;125.0;133.0;142.0;;1;1;1;1;1;1;1;1;1;1;1;1;1;1;1;1;1;1;1;1;1;1;1;1;1;1;1;1;1;1;
50660000;1;06/2004;1;1;162.0;124.0;134.0;9;23;0;0;0;;0;131.5;140.0;138.0;136.0;133.0;130.0;132.0;136.0;152.0;154.0;156.0;146.0;143.0;137.0;134.0;132.0;128.0;126.0;126.0;126.0;126.0;126.0;124.0;124.0;124.0;124.0;124.0;125.0;133.0;142.0;;1;1;1;1;1;1;1;1;1;1;1;1;1;1;1;1;1;1;1;1;1;1;1;1;1;1;1;1;1;1;0
50660000;2;07/2004;1;1;170.0;125.0;147.3226;10;31;2;2;2;0.0;0;163.0;157.0;155.0;154.0;166.0;148.0;143.0;144.0;166.0;170.0;156.0;148.0;146.0;145.0;151.0;154.0;152.0;147.0;141.0;138.0;136.0;137.0;151.0;157.0;149.0;144.0;137.0;132.0;129.0;126.0;125.0;1;1;1;1;2;1;1;1;1;1;1;1;1;1;1;1;1;1;1;1;1;1;1;1;1;1;1;1;1;1;1
50660000;1;07/2004;1;1;198.0;124.0;148.0;5;31;0;0;0;;0;163.0;157.0;155.0;154.0;186.0;148.0;143.0;143.5;166.0;170.0;156.0;148.0;146.0;145.0;151.0;154.0;152.0;147.0;141.0;138.0;136.0;137.0;151.0;157.0;149.0;144.0;137.0;132.0;129.0;126.0;125.0;1;1;1;1;1;1;1;1;1;1;1;1;1;1;1;1;1;1;1;1;1;1;1;1;1;1;1;1;1;1;1
50660000;2;08/2004;1;1;187.0;128.0;148.2903;19;31;1;1;1;0.0;0;163.0;172.0;164.0;157.0;156.0;166.0;159.0;149.0;141.0;138.0;142.0;144.0;139.0;136.0;136.0;138.0;134.0;140.0;187.0;182.0;167.0;155.0;147.0;144.0;142.0;139.0;137.0;134.0;132.0;129.0;128.0;1;1;1;1;1;1;1;1;1;1;1;1;1;1;1;1;1;1;1;1;1;1;1;1;1;1;1;1;1;1;1
50660000;1;08/2004;1;1;200.0;128.0;148.0;19;30;0;0;0;;0;163.0;172.0;164.0;157.0;156.0;166.0;159.0;149.0;141.0;138.0;142.0;144.0;139.0;136.0;136.0;138.0;134.0;140.0;187.0;182.0;167.0;155.0;147.0;144.0;142.0;139.0;137.0;134.0;132.0;129.0;128.0;1;1;1;1;1;1;1;1;1;1;1;1;1;1;1;1;1;1;1;1;1;1;1;1;1;1;1;1;1;1;1
50660000;1;09/2004;1;1;164.0;118.0;124.0;29;13;0;0;0;;0;125.0;122.0;122.0;122.0;121.0;120.0;120.0;120.0;120.0;120.5;120.0;119.5;118.0;118.0;118.0;118.0;118.0;118.0;119.0;120.0;120.0;120.0;120.0;120.0;120.0;126.0;135.0;155.0;163.0;156.0;;1;1;1;1;1;1;1;1;1;1;1;1;1;1;1;1;1;1;1;1;1;1;1;1;1;1;1;1;1;1;0
50660000;2;09/2004;1;1;163.0;118.0;124.4667;29;13;1;1;1;0.0;0;125.0;122.0;122.0;122.0;121.0;120.0;120.0;120.0;120.0;120.0;120.0;120.0;118.0;118.0;118.0;118.0;118.0;118.0;119.0;120.0;120.0;120.0;120.0;120.0;120.0;126.0;135.0;155.0;163.0;156.0;;1;1;1;1;1;1;1;1;1;1;1;1;1;1;1;1;1;1;1;1;1;1;1;1;1;1;1;1;1;1;
50660000;2;10/2004;1;1;154.0;112.0;123.4194;1;27;1;1;1;0.0;0;154.0;152.0;147.0;143.0;137.0;128.0;123.0;118.0;118.0;118.0;118.0;117.0;116.0;116.0;117.0;145.0;137.0;130.0;120.0;118.0;117.0;116.0;114.0;117.0;116.0;114.0;112.0;112.0;112.0;112.0;112.0;1;1;1;1;1;1;1;1;1;1;1;1;1;1;1;1;1;1;1;1;1;1;1;1;1;1;1;1;1;1;1
50660000;1;10/2004;1;1;154.0;112.0;123.0;1;27;0;0;0;;0;154.0;152.0;147.0;143.0;137.0;128.0;123.0;118.0;118.0;118.0;118.0;117.0;116.0;116.0;117.0;145.0;137.0;130.0;120.0;118.0;117.0;116.0;114.0;117.0;116.0;114.0;112.0;112.0;112.0;112.0;112.0;1;1;1;1;1;1;1;1;1;1;1;1;1;1;1;1;1;1;1;1;1;1;1;1;1;1;1;1;1;1;1
50660000;2;11/2004;1;1;137.0;106.0;112.3667;28;17;2;2;2;0.0;0;110.0;110.0;109.0;108.0;109.0;112.0;110.0;110.0;110.0;110.0;110.0;108.0;108.0;108.0;108.0;107.0;106.0;106.0;106.0;107.0;106.0;106.0;106.0;107.0;116.0;126.0;132.0;137.0;134.0;129.0;;2;2;2;2;2;2;2;2;2;2;2;2;2;2;2;2;2;2;2;2;2;2;2;2;2;2;2;2;2;2;
50660000;1;12/2004;1;1;134.0;100.0;108.0;2;26;0;0;0;;0;127.0;133.0;131.0;128.0;125.0;119.0;116.0;112.5;108.0;106.0;106.0;106.0;106.0;106.0;104.0;104.0;104.0;104.0;103.0;102.0;102.0;102.0;102.0;101.0;101.0;100.5;100.0;100.0;100.0;100.0;100.0;1;1;1;1;1;1;1;1;1;1;1;1;1;1;1;1;1;1;1;1;1;1;1;1;1;1;1;1;1;1;1
50660000;2;12/2004;1;1;133.0;100.0;108.3226;2;26;1;1;1;0.0;0;127.0;133.0;131.0;128.0;125.0;119.0;116.0;112.0;108.0;106.0;106.0;106.0;106.0;106.0;104.0;104.0;104.0;104.0;103.0;102.0;102.0;102.0;102.0;101.0;101.0;100.0;100.0;100.0;100.0;100.0;100.0;1;1;1;1;1;1;1;1;1;1;1;1;1;1;1;1;1;1;1;1;1;1;1;1;1;1;1;1;1;1;1
50660000;1;01/2005;1;1;170.0;100.0;109.0;14;1;0;0;0;;0;100.0;100.0;100.0;100.0;100.0;100.0;100.0;100.0;100.0;100.0;100.0;100.0;100.0;169.0;135.0;128.0;126.0;127.0;121.0;116.0;113.0;110.0;108.0;105.0;104.0;104.0;102.0;104.0;104.0;104.0;104.0;1;1;1;1;1;1;1;1;1;1;1;1;1;1;1;1;1;1;1;1;1;1;1;1;1;1;1;1;1;1;1
50660000;2;01/2005;1;1;169.0;100.0;109.1613;14;1;1;1;1;0.0;0;100.0;100.0;100.0;100.0;100.0;100.0;100.0;100.0;100.0;100.0;100.0;100.0;100.0;169.0;135.0;128.0;126.0;127.0;121.0;116.0;113.0;110.0;108.0;105.0;104.0;104.0;102.0;104.0;104.0;104.0;104.0;1;1;1;1;1;1;1;1;1;1;1;1;1;1;1;1;1;1;1;1;1;1;1;1;1;1;1;1;1;1;1
50660000;1;02/2005;1;1;172.0;100.0;123.0;18;4;0;0;0;;0;104.0;102.0;102.0;100.0;100.0;100.0;100.0;105.0;115.0;120.5;119.0;116.0;117.0;120.0;126.0;127.0;144.0;168.0;166.0;156.0;150.0;141.5;136.0;129.0;122.0;119.0;116.0;114.0;;;;1;1;1;1;1;1;1;1;1;1;1;1;1;1;1;1;1;1;1;1;1;1;1;1;1;1;1;1;0;0;0
50660000;2;02/2005;1;1;168.0;100.0;122.6786;18;4;1;1;1;0.0;0;104.0;102.0;102.0;100.0;100.0;100.0;100.0;105.0;115.0;120.0;119.0;116.0;117.0;120.0;126.0;127.0;144.0;168.0;166.0;156.0;150.0;142.0;136.0;129.0;122.0;119.0;116.0;114.0;;;;1;1;1;1;1;1;1;1;1;1;1;1;1;1;1;1;1;1;1;1;1;1;1;1;1;1;1;1;;;
50660000;2;03/2005;1;1;112.0;102.0;104.5161;1;10;1;1;1;0.0;0;112.0;110.0;108.0;106.0;104.0;104.0;104.0;104.0;103.0;102.0;102.0;102.0;102.0;102.0;104.0;104.0;104.0;103.0;102.0;102.0;102.0;102.0;102.0;104.0;104.0;106.0;106.0;105.0;108.0;109.0;108.0;1;1;1;1;1;1;1;1;1;1;1;1;1;1;1;1;1;1;1;1;1;1;1;1;1;1;1;1;1;1;1
50660000;1;03/2005;1;1;112.0;102.0;105.0;1;9;0;0;0;;0;112.0;110.0;108.0;106.0;104.0;104.0;104.0;104.0;103.0;102.0;102.0;102.0;102.0;102.0;104.0;104.0;104.0;103.0;102.0;102.0;102.0;102.0;102.0;104.0;104.0;106.0;106.0;105.0;108.0;109.0;108.0;1;1;1;1;1;1;1;1;1;1;1;1;1;1;1;1;1;1;1;1;1;1;1;1;1;1;1;1;1;1;1
50660000;1;04/2005;1;1;360.0;106.0;150.0;22;1;0;0;0;;0;107.0;114.0;171.0;166.0;134.0;130.0;133.0;128.0;129.0;133.0;127.0;124.0;122.0;125.0;138.0;137.0;134.0;130.0;130.0;209.0;269.0;323.0;208.0;161.0;138.0;129.0;124.0;133.0;131.0;150.0;;1;1;1;1;1;1;1;1;1;1;1;1;1;1;1;1;1;1;1;1;1;1;1;1;1;1;1;1;1;1;0
50660000;2;04/2005;1;1;323.0;107.0;149.5667;22;1;1;1;1;0.0;0;107.0;114.0;171.0;166.0;134.0;130.0;133.0;128.0;129.0;133.0;127.0;124.0;122.0;125.0;138.0;137.0;134.0;130.0;130.0;209.0;269.0;323.0;208.0;161.0;138.0;129.0;124.0;133.0;131.0;150.0;;1;1;1;1;1;1;1;1;1;1;1;1;1;1;1;1;1;1;1;1;1;1;1;1;1;1;1;1;1;1;
50660000;1;05/2005;1;1;260.0;124.0;179.0;10;28;0;0;0;;0;160.0;239.0;185.0;170.0;178.0;180.0;186.0;199.0;229.0;254.0;227.0;226.0;220.0;219.0;216.0;215.0;230.0;196.0;182.0;171.0;166.0;150.0;138.0;135.0;131.0;128.0;126.0;125.0;126.0;128.0;129.0;;;;;;;;;;;;;;;;;;;;;;;;;;;;;;;
50660000;2;05/2005;1;1;254.0;125.0;179.4839;10;28;1;1;1;0.0;0;160.0;239.0;185.0;170.0;178.0;180.0;186.0;199.0;229.0;254.0;227.0;226.0;220.0;219.0;216.0;215.0;230.0;196.0;182.0;171.0;166.0;150.0;138.0;135.0;131.0;128.0;126.0;125.0;126.0;128.0;129.0;1;1;1;1;1;1;1;1;1;1;1;1;1;1;1;1;1;1;1;1;1;1;1;1;1;1;1;1;1;1;1
50660000;1;06/2005;1;1;226.0;132.0;167.0;5;1;0;0;0;;0;132.0;136.0;136.0;155.0;225.0;218.0;206.0;176.0;172.0;161.0;155.0;190.0;211.0;205.0;186.0;179.0;169.0;163.0;152.0;144.0;136.0;134.0;142.0;153.0;162.0;175.0;171.0;163.0;156.0;158.0;;1;1;1;1;1;1;1;1;1;1;1;1;1;1;1;1;1;1;1;1;1;1;1;1;1;1;1;1;1;1;0
50660000;2;06/2005;1;1;225.0;132.0;167.3667;5;1;1;1;1;0.0;0;132.0;136.0;136.0;155.0;225.0;218.0;206.0;176.0;172.0;161.0;155.0;190.0;211.0;205.0;186.0;179.0;169.0;163.0;152.0;144.0;136.0;134.0;142.0;153.0;162.0;175.0;171.0;163.0;156.0;158.0;;1;1;1;1;1;1;1;1;1;1;1;1;1;1;1;1;1;1;1;1;1;1;1;1;1;1;1;1;1;1;
50660000;1;07/2005;1;1;292.0;130.0;181.0;13;30;0;0;0;;0;156.0;149.0;139.0;136.0;132.0;132.5;132.0;156.0;175.0;247.0;256.0;278.0;289.0;273.0;265.0;255.0;240.0;227.0;219.0;193.0;164.0;154.0;151.0;147.0;144.0;141.0;138.5;136.0;133.5;130.0;130.0;1;1;1;1;1;1;1;1;1;1;1;1;1;1;1;1;1;1;1;1;1;1;1;1;1;1;1;1;1;1;1
50660000;2;07/2005;1;1;289.0;130.0;181.2258;13;30;1;1;1;0.0;0;156.0;149.0;139.0;136.0;132.0;132.0;132.0;156.0;175.0;247.0;256.0;278.0;289.0;273.0;265.0;255.0;240.0;227.0;219.0;193.0;164.0;154.0;151.0;147.0;144.0;141.0;138.0;136.0;134.0;130.0;130.0;1;1;1;1;1;1;1;1;1;1;1;1;1;1;1;1;1;1;1;1;1;1;1;1;1;1;1;1;1;1;1
50660000;1;08/2005;1;1;140.0;122.0;132.0;20;31;0;0;0;;0;128.0;128.0;130.0;130.0;132.0;134.0;134.0;132.0;130.0;129.0;130.0;130.0;130.0;132.0;134.0;134.0;134.0;134.0;136.0;139.0;136.0;136.0;136.0;134.0;134.0;133.0;132.0;131.0;129.0;125.0;122.0;1;1;1;1;1;1;1;1;1;1;1;1;1;1;1;1;1;1;1;1;1;1;1;1;1;1;1;1;1;1;1
50660000;2;08/2005;1;1;139.0;122.0;131.871;20;31;1;1;1;0.0;0;128.0;128.0;130.0;130.0;132.0;134.0;134.0;132.0;130.0;129.0;130.0;130.0;130.0;132.0;134.0;134.0;134.0;134.0;136.0;139.0;136.0;136.0;136.0;134.0;134.0;133.0;132.0;131.0;129.0;125.0;122.0;1;1;1;1;1;1;1;1;1;1;1;1;1;1;1;1;1;1;1;1;1;1;1;1;1;1;1;1;1;1;1
50660000;2;09/2005;1;1;120.0;110.0;115.4333;1;28;1;1;1;0.0;0;120.0;118.0;118.0;116.0;115.0;114.0;114.0;112.0;112.0;115.0;117.0;118.0;120.0;120.0;120.0;120.0;118.0;117.0;115.0;114.0;114.0;116.0;115.0;116.0;114.0;113.0;112.0;110.0;110.0;110.0;;1;1;1;1;1;1;1;1;1;1;1;1;1;1;1;1;1;1;1;1;1;1;1;1;1;1;1;1;1;1;
50660000;1;09/2005;1;1;120.0;110.0;115.0;1;28;0;0;0;;0;120.0;118.0;118.0;116.0;115.0;114.0;113.5;112.0;112.0;115.0;117.0;118.0;120.0;120.0;120.0;120.0;118.0;117.0;115.0;114.0;114.0;116.0;115.0;116.0;114.0;113.0;112.0;110.0;110.0;110.0;;1;1;1;1;1;1;1;1;1;1;1;1;1;1;1;1;1;1;1;1;1;1;1;1;1;1;1;1;1;1;0
50660000;2;10/2005;1;1;113.0;102.0;108.0645;6;25;1;1;1;0.0;0;112.0;112.0;112.0;112.0;112.0;113.0;112.0;112.0;110.0;110.0;110.0;110.0;110.0;110.0;110.0;110.0;110.0;108.0;108.0;108.0;106.0;106.0;105.0;104.0;102.0;102.0;104.0;104.0;102.0;102.0;102.0;1;1;1;1;1;1;1;1;1;1;1;1;1;1;1;1;1;1;1;1;1;1;1;1;1;1;1;1;1;1;1
50660000;1;10/2005;1;1;114.0;102.0;108.0;6;25;0;0;0;;0;112.0;112.0;112.0;112.0;112.0;113.0;112.0;112.0;110.0;110.0;110.0;110.0;110.0;110.0;110.0;110.0;110.0;108.0;108.0;108.0;106.0;106.0;105.0;104.0;102.0;102.0;104.0;104.0;102.0;102.0;102.0;1;1;1;1;1;1;1;1;1;1;1;1;1;1;1;1;1;1;1;1;1;1;1;1;1;1;1;1;1;1;1
50660000;2;11/2005;1;1;124.0;100.0;104.8;15;5;1;1;1;0.0;0;102.0;102.0;102.0;101.0;100.0;100.0;100.0;100.0;100.0;101.0;102.0;102.0;103.0;110.0;124.0;118.0;117.0;112.0;107.0;104.0;104.0;104.0;102.0;102.0;102.0;104.0;104.0;105.0;106.0;104.0;;1;1;1;1;1;1;1;1;1;1;1;1;1;1;1;1;1;1;1;1;1;1;1;1;1;1;1;1;1;1;
50660000;1;11/2005;1;1;126.0;100.0;105.0;15;4;0;0;0;;0;102.0;102.0;102.0;101.0;100.0;100.0;100.0;100.0;100.5;101.0;102.0;102.0;103.0;110.0;124.0;118.0;117.0;112.0;107.0;104.0;104.0;104.0;102.0;102.0;102.0;104.0;104.0;105.0;106.5;104.0;;1;1;1;1;1;1;1;1;1;1;1;1;1;1;1;1;1;1;1;1;1;1;1;1;1;1;1;1;1;1;0
50660000;2;12/2005;1;1;120.0;100.0;104.3548;11;18;2;2;2;0.0;0;104.0;103.0;102.0;102.0;104.0;104.0;102.0;102.0;106.0;111.0;120.0;112.0;105.0;104.0;104.0;104.0;102.0;100.0;100.0;100.0;100.0;102.0;107.0;110.0;108.0;105.0;104.0;102.0;102.0;102.0;102.0;1;1;1;1;1;1;1;1;1;1;1;1;1;1;1;1;1;1;1;1;1;1;1;1;1;1;1;1;1;1;2
50660000;1;12/2005;1;1;;;;;;0;0;0;;0;104.0;103.0;102.0;102.0;104.0;104.0;102.0;102.0;106.0;111.0;120.0;112.0;105.0;104.0;104.0;104.0;102.0;100.0;100.0;100.0;100.0;102.5;107.0;110.0;108.0;105.0;104.0;102.0;102.0;102.0;;;;;;;;;;;;;;;;;;1;1;;;;;;;;;;;;;0
50660000;2;01/2006;1;1;102.0;94.0;96.161301;1;19;1;1;1;0.0;0;102.0;100.0;100.0;100.0;100.0;100.0;98.0;97.0;96.0;96.0;98.0;97.0;96.0;96.0;96.0;96.0;96.0;95.0;94.0;94.0;94.0;94.0;94.0;94.0;94.0;94.0;94.0;94.0;94.0;94.0;94.0;1;1;1;1;1;1;1;1;1;1;1;1;1;1;1;1;1;1;1;1;1;1;1;1;1;1;1;1;1;1;1
50660000;1;01/2006;1;1;102.0;94.0;96.0;1;18;0;0;0;;0;102.0;100.0;100.0;100.0;100.0;100.0;98.0;97.0;96.0;96.0;98.0;97.0;96.0;96.0;96.0;96.0;96.0;95.0;94.0;94.0;94.0;94.0;94.0;94.0;94.0;94.0;94.0;94.0;94.0;94.0;94.0;1;1;1;1;1;1;1;1;1;1;1;1;1;1;1;1;1;1;1;1;1;1;1;1;1;1;1;1;1;1;1
50660000;2;02/2006;1;1;102.0;92.0;96.0;17;28;1;1;1;0.0;0;94.0;94.0;95.0;96.0;94.0;94.0;94.0;94.0;94.0;94.0;94.0;94.0;95.0;96.0;96.0;98.0;102.0;101.0;100.0;100.0;99.0;100.0;98.0;97.0;95.0;94.0;94.0;92.0;;;;1;1;1;1;1;1;1;1;1;1;1;1;1;1;1;1;1;1;1;1;1;1;1;1;1;1;1;1;;;
50660000;1;02/2006;1;1;102.0;92.0;96.0;17;28;0;0;0;;0;94.0;94.0;95.0;96.0;94.0;94.0;94.0;94.0;94.0;94.0;94.5;94.0;95.0;96.0;96.5;98.0;102.0;101.0;100.0;100.0;99.0;100.0;98.5;97.0;95.0;94.0;93.5;92.5;;;;;;;;;;;;;;;;;;;;;;;;;;;;;;;;0;0;0
50660000;2;03/2006;1;1;140.0;92.0;101.3871;30;1;1;1;1;0.0;0;92.0;92.0;92.0;92.0;98.0;96.0;95.0;94.0;94.0;92.0;92.0;95.0;96.0;96.0;98.0;100.0;105.0;102.0;100.0;98.0;98.0;98.0;98.0;98.0;107.0;106.0;104.0;104.0;132.0;140.0;139.0;1;1;1;1;1;1;1;1;1;1;1;1;1;1;1;1;1;1;1;1;1;1;1;1;1;1;1;1;1;1;1
50660000;1;03/2006;1;1;148.0;92.0;101.0;29;1;0;0;0;;0;92.0;92.0;92.0;92.0;98.0;96.0;95.0;94.0;94.0;92.0;92.0;95.0;96.0;96.0;97.5;100.0;105.0;102.0;100.0;98.0;98.0;98.0;97.5;98.0;107.0;106.0;104.0;104.0;132.0;140.0;139.0;1;1;1;1;1;1;1;1;1;1;1;1;1;1;1;1;1;1;1;1;1;1;1;1;1;1;1;1;1;1;1
50660000;2;04/2006;1;1;241.0;116.0;158.96671;27;15;1;1;1;0.0;0;150.0;155.0;156.0;164.0;167.0;158.0;146.0;136.0;130.0;128.0;131.0;127.0;128.0;127.0;116.0;117.0;118.0;123.0;147.0;166.0;164.0;202.0;152.0;142.0;208.0;235.0;241.0;211.0;222.0;202.0;;1;1;1;1;1;1;1;1;1;1;1;1;1;1;1;1;1;1;1;1;1;1;1;1;1;1;1;1;1;1;
50660000;1;04/2006;1;1;246.0;116.0;159.0;26;15;0;0;0;;0;150.0;155.0;156.0;164.0;167.0;158.0;146.0;136.0;130.0;128.0;131.0;127.0;128.0;127.0;116.0;117.0;118.0;123.0;147.0;166.0;164.0;202.0;152.0;142.0;208.0;235.0;241.0;211.0;222.0;202.0;;;;;;;;;;;;;;;;;;;;;;;;;;;;;;;;
50660000;2;05/2006;1;1;414.0;112.0;172.8387;28;23;1;1;1;0.0;0;175.0;168.0;163.0;150.0;145.0;139.0;129.0;122.0;122.0;123.0;119.0;117.0;116.0;115.0;191.0;152.0;140.0;132.0;119.0;115.0;114.0;113.0;112.0;112.0;155.0;187.0;339.0;414.0;390.0;350.0;320.0;1;1;1;1;1;1;1;1;1;1;1;1;1;1;1;1;1;1;1;1;1;1;1;1;1;1;1;1;1;1;1
50660000;1;05/2006;1;1;422.0;112.0;173.0;28;14;0;0;0;;0;175.0;168.0;163.0;150.0;145.0;139.0;129.0;122.0;122.0;123.0;119.0;117.0;116.0;115.0;191.0;152.0;140.0;132.0;119.0;115.0;114.0;113.0;112.0;112.0;155.0;187.0;339.0;414.0;390.0;350.5;320.0;;;;;;;;;;;;;;;;;;;;;;;;;;;;;;;
50660000;2;06/2006;1;1;543.0;132.0;260.20001;15;10;1;1;1;0.0;0;294.0;242.0;228.0;190.0;144.0;146.0;147.0;137.0;136.0;132.0;140.0;304.0;477.0;535.0;543.0;449.0;378.0;331.0;294.0;283.0;279.0;276.0;272.0;242.0;214.0;200.0;184.0;183.0;191.0;235.0;;1;1;1;1;1;1;1;1;1;1;1;1;1;1;1;1;1;1;1;1;1;1;1;1;1;1;1;1;1;1;
50660000;1;06/2006;1;1;552.0;132.0;260.0;15;10;0;0;0;;0;294.0;242.0;228.0;190.0;144.0;146.0;147.0;137.0;135.5;132.0;140.0;304.0;477.0;535.0;543.0;448.5;378.0;331.0;294.0;283.0;279.0;276.0;272.0;242.0;214.0;200.0;184.0;183.0;191.0;235.0;;1;1;1;1;1;1;1;1;1;1;1;1;1;1;1;1;1;1;1;1;1;1;1;1;1;1;1;1;1;1;0
50660000;2;07/2006;1;1;473.0;160.0;261.6452;16;31;1;1;1;0.0;0;381.0;425.0;399.0;353.0;316.0;281.0;271.0;239.0;221.0;209.0;190.0;172.0;165.0;164.0;265.0;473.0;470.0;427.0;375.0;310.0;246.0;202.0;184.0;180.0;180.0;177.0;175.0;171.0;167.0;163.0;160.0;1;1;1;1;1;1;1;1;1;1;1;1;1;1;1;1;1;1;1;1;1;1;1;1;1;1;1;1;1;1;1
50660000;1;07/2006;1;1;484.0;160.0;262.0;16;31;0;0;0;;0;381.0;425.0;399.0;353.0;316.0;281.0;271.0;239.0;221.0;209.0;189.5;172.0;165.0;164.5;265.0;473.0;470.0;427.0;375.0;310.0;246.0;202.0;184.0;180.0;180.0;177.0;175.0;171.0;167.0;163.0;160.0;1;1;1;1;1;1;1;1;1;1;1;1;1;1;1;1;1;1;1;1;1;1;1;1;1;1;1;1;1;1;1
50660000;1;08/2006;1;1;178.0;132.0;147.0;8;22;0;0;0;;0;156.0;154.0;152.0;150.0;148.0;146.0;145.0;173.0;174.0;175.0;170.0;161.0;152.0;142.0;142.0;146.0;144.0;143.0;138.0;137.0;135.0;132.0;134.0;134.0;134.0;142.0;148.0;143.0;143.0;136.0;143.0;1;1;1;1;1;1;1;1;1;1;1;1;1;1;1;1;1;1;1;1;1;1;1;1;1;1;1;1;1;1;1
50660000;2;08/2006;1;1;175.0;132.0;147.4839;10;22;1;1;1;0.0;0;156.0;154.0;152.0;150.0;148.0;146.0;145.0;173.0;174.0;175.0;170.0;161.0;152.0;142.0;142.0;146.0;144.0;143.0;138.0;137.0;135.0;132.0;134.0;134.0;134.0;142.0;148.0;143.0;143.0;136.0;143.0;1;1;1;1;1;1;1;1;1;1;1;1;1;1;1;1;1;1;1;1;1;1;1;1;1;1;1;1;1;1;1
50660000;1;09/2006;1;1;312.0;122.0;159.0;29;27;0;0;0;;0;144.0;139.0;135.0;131.0;129.0;128.0;133.5;156.0;166.0;190.0;185.0;183.0;180.0;176.0;173.0;167.0;158.0;154.0;149.0;146.0;146.0;142.0;139.0;136.0;131.0;127.0;123.0;191.0;224.0;297.0;;1;1;1;1;1;1;1;1;1;1;1;1;1;1;1;1;1;1;1;1;1;1;1;1;1;1;1;1;1;1;0
50660000;2;09/2006;1;1;297.0;123.0;159.3;30;27;1;1;1;0.0;0;144.0;139.0;135.0;131.0;129.0;128.0;134.0;156.0;166.0;190.0;185.0;183.0;180.0;176.0;173.0;167.0;158.0;154.0;149.0;146.0;146.0;142.0;139.0;136.0;131.0;127.0;123.0;191.0;224.0;297.0;;1;1;1;1;1;1;1;1;1;1;1;1;1;1;1;1;1;1;1;1;1;1;1;1;1;1;1;1;1;1;
50660000;1;10/2006;1;1;288.0;124.0;156.0;1;16;0;0;0;;0;287.0;278.0;262.0;246.0;176.0;154.0;151.0;148.0;146.0;144.0;138.0;133.0;130.0;128.0;126.0;125.0;124.0;124.0;125.0;130.0;133.0;139.0;155.0;160.0;151.0;144.0;138.0;136.0;133.0;130.0;135.0;1;1;1;1;1;1;1;1;1;1;1;1;1;1;1;1;1;1;1;1;1;1;1;1;1;1;1;1;1;1;1
50660000;2;10/2006;1;1;287.0;124.0;155.7742;1;17;1;1;1;0.0;0;287.0;278.0;262.0;246.0;176.0;154.0;151.0;148.0;146.0;144.0;138.0;133.0;130.0;128.0;126.0;125.0;124.0;124.0;125.0;130.0;133.0;139.0;155.0;160.0;151.0;144.0;138.0;136.0;133.0;130.0;135.0;1;1;1;1;1;1;1;1;1;1;1;1;1;1;1;1;1;1;1;1;1;1;1;1;1;1;1;1;1;1;1
50660000;1;11/2006;1;1;162.0;116.0;133.0;12;29;0;0;0;;0;140.0;146.0;143.0;138.0;135.0;133.0;130.0;130.0;128.0;128.0;129.0;160.0;156.0;154.0;151.0;144.0;139.0;135.0;129.0;125.0;122.0;121.5;121.0;124.0;124.0;122.0;120.0;119.0;117.0;116.0;;1;1;1;1;1;1;1;1;1;1;1;1;1;1;1;1;1;1;1;1;1;1;1;1;1;1;1;1;1;1;0
50660000;2;11/2006;1;1;160.0;116.0;132.6667;12;30;1;1;1;0.0;0;140.0;146.0;143.0;138.0;135.0;133.0;130.0;130.0;128.0;128.0;129.0;160.0;156.0;154.0;151.0;144.0;139.0;135.0;129.0;125.0;122.0;122.0;121.0;124.0;124.0;122.0;120.0;119.0;117.0;116.0;;1;1;1;1;1;1;1;1;1;1;1;1;1;1;1;1;1;1;1;1;1;1;1;1;1;1;1;1;1;1;
50660000;1;12/2006;1;1;114.0;104.0;107.0;1;22;0;0;0;;0;114.0;114.0;112.5;112.0;112.0;110.0;109.5;108.5;108.0;108.0;107.5;107.0;106.0;106.0;106.0;106.0;106.0;106.0;106.0;106.0;106.0;104.0;104.0;104.0;104.0;104.0;104.0;104.0;104.0;104.0;104.0;1;1;1;1;1;1;1;1;1;1;1;1;1;1;1;1;1;1;1;1;1;1;1;1;1;1;1;1;1;1;1
50660000;2;12/2006;1;1;114.0;104.0;107.0;1;22;1;1;1;0.0;0;114.0;114.0;112.0;112.0;112.0;110.0;110.0;108.0;108.0;108.0;108.0;107.0;106.0;106.0;106.0;106.0;106.0;106.0;106.0;106.0;106.0;104.0;104.0;104.0;104.0;104.0;104.0;104.0;104.0;104.0;104.0;1;1;1;1;1;1;1;1;1;1;1;1;1;1;1;1;1;1;1;1;1;1;1;1;1;1;1;1;1;1;1
50660000;2;01/2007;1;1;105.0;98.0;102.6452;19;30;1;1;1;0.0;0;104.0;104.0;104.0;104.0;104.0;104.0;104.0;104.0;104.0;104.0;104.0;104.0;104.0;104.0;103.0;102.0;102.0;102.0;105.0;104.0;104.0;102.0;102.0;102.0;102.0;100.0;100.0;100.0;100.0;98.0;98.0;1;1;1;1;1;1;1;1;1;1;1;1;1;1;1;1;1;1;1;1;1;1;1;1;1;1;1;1;1;1;1
50660000;1;01/2007;1;1;105.0;98.0;103.0;19;30;2;2;2;;0;104.0;104.0;104.0;104.0;104.0;104.0;104.0;104.0;104.0;104.0;104.0;104.0;104.0;104.0;103.0;102.0;102.0;102.0;105.0;104.0;104.0;102.0;102.0;102.0;102.0;100.0;100.0;100.0;100.0;98.0;98.0;1;1;1;1;1;1;1;1;1;1;1;1;1;1;1;1;1;1;1;1;1;1;1;1;1;1;1;1;2;1;1
50660000;1;02/2007;1;1;254.0;96.0;147.0;22;2;0;0;0;;0;98.0;96.5;96.0;96.0;96.0;96.0;96.0;98.0;98.0;98.0;98.0;98.0;98.0;122.0;137.5;143.0;150.0;153.0;176.0;212.0;222.0;247.0;250.0;246.0;238.0;195.0;190.0;174.0;;;;1;1;1;1;1;1;1;1;1;1;1;1;1;1;1;1;1;1;1;1;1;1;1;1;1;1;1;1;0;0;0
50660000;2;02/2007;1;1;250.0;96.0;147.0714;23;2;1;1;1;0.0;0;98.0;96.0;96.0;96.0;96.0;96.0;96.0;98.0;98.0;98.0;98.0;98.0;98.0;122.0;138.0;143.0;150.0;153.0;176.0;212.0;222.0;247.0;250.0;246.0;238.0;195.0;190.0;174.0;;;;1;1;1;1;1;1;1;1;1;1;1;1;1;1;1;1;1;1;1;1;1;1;1;1;1;1;1;1;;;
50660000;2;03/2007;1;1;233.0;118.0;143.4516;16;7;1;1;1;0.0;0;157.0;136.0;133.0;127.0;125.0;122.0;118.0;120.0;121.0;122.0;124.0;130.0;160.0;205.0;225.0;233.0;226.0;184.0;164.0;140.0;132.0;132.0;129.0;127.0;124.0;123.0;124.0;124.0;123.0;119.0;118.0;1;1;1;1;1;1;1;1;1;1;1;1;1;1;1;1;1;1;1;1;1;1;1;1;1;1;1;1;1;1;1
50660000;1;03/2007;1;1;233.0;118.0;143.0;16;7;2;2;2;;0;157.0;136.0;133.0;127.0;125.0;122.0;118.0;120.0;121.0;122.0;124.0;130.0;160.0;205.0;225.0;233.0;226.0;184.0;164.0;140.0;132.0;132.0;129.0;127.0;124.0;123.0;124.0;124.0;123.0;119.0;118.0;1;1;1;1;1;1;1;1;1;1;1;1;1;1;1;1;1;1;1;1;1;1;1;1;1;1;1;1;1;1;2
50660000;2;04/2007;1;1;215.0;107.0;121.8667;29;11;1;1;1;0.0;0;118.0;116.0;116.0;114.0;113.0;110.0;110.0;108.0;108.0;108.0;107.0;110.0;114.0;113.0;112.0;112.0;112.0;112.0;114.0;113.0;112.0;112.0;112.0;113.0;116.0;118.0;124.0;184.0;215.0;210.0;;1;1;1;1;1;1;1;1;1;1;1;1;1;1;1;1;1;1;1;1;1;1;1;1;1;1;1;1;1;1;
50660000;1;04/2007;1;1;216.0;107.0;122.0;29;11;0;0;0;;0;118.0;116.0;116.0;114.0;113.0;110.0;110.0;108.0;108.0;108.0;107.0;110.0;114.0;113.0;112.0;112.0;112.0;112.0;114.0;113.0;112.0;112.0;112.0;113.0;116.0;118.0;124.0;184.5;215.0;210.0;;1;1;1;1;1;1;1;1;1;1;1;1;1;1;1;1;1;1;1;1;1;1;1;1;1;1;1;1;1;1;0
50660000;2;05/2007;1;1;205.0;120.0;154.9355;31;9;1;1;1;0.0;0;194.0;182.0;170.0;162.0;149.0;129.0;126.0;121.0;120.0;124.0;128.0;127.0;125.0;124.0;135.0;184.0;166.0;178.0;182.0;172.0;163.0;153.0;147.0;136.0;130.0;143.0;164.0;183.0;183.0;198.0;205.0;1;1;1;1;1;1;1;1;1;1;1;1;1;1;1;1;1;1;1;1;1;1;1;1;1;1;1;1;1;1;1
50660000;1;05/2007;1;1;216.0;118.0;155.0;31;10;0;0;0;;0;193.5;181.5;170.0;162.0;149.0;129.0;126.0;121.0;119.5;124.0;128.0;127.0;125.5;124.0;135.0;184.0;166.0;178.0;182.5;172.0;163.0;153.0;147.0;136.0;130.0;143.0;164.0;183.0;183.0;198.0;205.0;1;1;1;1;1;1;1;1;1;1;1;1;1;1;1;1;1;1;1;1;1;1;1;1;1;1;1;1;1;1;1
50660000;2;06/2007;1;1;254.0;132.0;165.1333;1;17;1;1;1;0.0;0;254.0;247.0;236.0;218.0;194.0;163.0;152.0;142.0;151.0;148.0;146.0;150.0;148.0;143.0;138.0;135.0;132.0;133.0;136.0;139.0;144.0;146.0;151.0;157.0;163.0;171.0;181.0;185.0;180.0;171.0;;1;1;1;1;1;1;1;1;1;1;1;1;1;1;1;1;1;1;1;1;1;1;1;1;1;1;1;1;1;1;
50660000;1;06/2007;1;1;256.0;132.0;165.0;1;17;0;0;0;;0;254.0;247.0;236.0;218.0;194.0;163.0;152.0;142.0;151.0;148.0;146.0;150.0;148.0;143.0;138.0;135.0;132.0;133.0;136.0;139.0;144.0;146.0;151.0;157.0;163.0;171.0;181.0;185.0;180.0;171.0;;1;1;1;1;1;1;1;1;1;1;1;1;1;1;1;1;1;1;1;1;1;1;1;1;1;1;1;1;1;1;0
50660000;1;07/2007;1;1;216.0;120.0;152.0;5;24;1;1;1;;0;163.0;159.0;159.0;194.0;212.0;210.0;190.0;180.0;178.0;175.0;172.0;168.0;166.0;159.0;155.0;150.0;145.0;141.0;137.0;133.0;127.0;123.0;122.0;121.0;120.0;121.0;122.0;124.0;125.0;131.0;135.0;;;;;;;;;;;;;;;;;;;;;;;;;;;;;;;
50660000;2;07/2007;1;1;212.0;120.0;152.1613;5;25;1;1;1;0.0;0;163.0;159.0;159.0;194.0;212.0;210.0;190.0;180.0;178.0;175.0;172.0;168.0;166.0;159.0;155.0;150.0;145.0;141.0;137.0;133.0;127.0;123.0;122.0;121.0;120.0;121.0;122.0;124.0;125.0;131.0;135.0;1;1;1;1;1;1;1;1;1;1;1;1;1;1;1;1;1;1;1;1;1;1;1;1;1;1;1;1;1;1;1
50660000;1;08/2007;1;1;134.0;118.0;124.0;1;9;0;0;0;;0;134.0;132.0;130.0;128.0;126.0;124.0;125.0;120.0;119.0;119.0;123.0;124.5;126.0;128.0;126.0;126.0;124.0;124.0;123.0;122.0;121.0;120.0;119.5;122.0;124.0;122.0;122.0;122.0;122.0;124.0;124.0;1;1;1;1;1;1;1;1;1;1;1;1;1;1;1;1;1;1;1;1;1;1;1;1;1;1;1;1;1;1;1
50660000;2;08/2007;1;1;134.0;119.0;124.0968;1;9;1;1;1;0.0;0;134.0;132.0;130.0;128.0;126.0;124.0;125.0;120.0;119.0;119.0;123.0;125.0;126.0;128.0;126.0;126.0;124.0;124.0;123.0;122.0;121.0;120.0;120.0;122.0;124.0;122.0;122.0;122.0;122.0;124.0;124.0;1;1;1;1;1;1;1;1;1;1;1;1;1;1;1;1;1;1;1;1;1;1;1;1;1;1;1;1;1;1;1
50660000;2;09/2007;1;1;154.0;118.0;128.60001;10;19;1;1;1;0.0;0;123.0;122.0;122.0;122.0;123.0;124.0;126.0;131.0;144.0;154.0;148.0;140.0;139.0;134.0;131.0;127.0;122.0;120.0;118.0;123.0;128.0;128.0;128.0;127.0;126.0;125.0;125.0;126.0;126.0;126.0;;1;1;1;1;1;1;1;1;1;1;1;1;1;1;1;1;1;1;1;1;1;1;1;1;1;1;1;1;1;1;
50660000;1;09/2007;1;1;156.0;118.0;129.0;10;19;0;0;0;;0;123.0;122.0;122.0;122.0;123.0;124.0;126.0;131.0;144.0;154.0;147.5;140.0;139.0;134.0;131.0;127.0;122.0;120.0;118.5;122.5;128.0;128.0;128.0;127.5;126.0;125.0;125.0;126.0;126.0;126.0;;1;1;1;1;1;1;1;1;1;1;1;1;1;1;1;1;1;1;1;1;1;1;1;1;1;1;1;1;1;1;0
50660000;1;10/2007;1;1;126.0;102.0;110.0;1;30;0;0;0;;0;125.0;119.0;116.0;114.0;114.0;114.0;112.0;112.0;112.0;112.0;112.0;112.0;111.0;110.0;110.0;110.0;110.0;109.0;108.0;108.0;108.0;108.0;107.0;107.0;106.0;106.0;106.0;104.0;104.0;102.0;102.0;1;1;1;1;1;1;1;1;1;1;1;1;1;1;1;1;1;1;1;1;1;1;1;1;1;1;1;1;1;1;1
50660000;2;10/2007;1;1;125.0;102.0;110.0;1;30;1;1;1;0.0;0;125.0;119.0;116.0;114.0;114.0;114.0;112.0;112.0;112.0;112.0;112.0;112.0;111.0;110.0;110.0;110.0;110.0;109.0;108.0;108.0;108.0;108.0;107.0;107.0;106.0;106.0;106.0;104.0;104.0;102.0;102.0;1;1;1;1;1;1;1;1;1;1;1;1;1;1;1;1;1;1;1;1;1;1;1;1;1;1;1;1;1;1;1
50660000;1;11/2007;1;1;102.0;95.0;97.0;1;25;0;0;0;;0;102.0;102.0;100.0;100.0;100.0;99.5;98.0;98.0;98.0;98.0;98.0;97.5;97.0;96.0;96.0;96.0;96.0;96.0;96.0;96.0;96.0;96.0;96.0;96.0;95.0;96.0;96.0;96.0;96.0;96.0;;1;1;1;1;1;1;1;1;1;1;1;1;1;1;1;1;1;1;1;1;1;1;1;1;1;1;1;1;1;1;0
50660000;2;11/2007;1;1;102.0;95.0;97.333298;1;25;1;1;1;0.0;0;102.0;102.0;100.0;100.0;100.0;100.0;98.0;98.0;98.0;98.0;98.0;98.0;97.0;96.0;96.0;96.0;96.0;96.0;96.0;96.0;96.0;96.0;96.0;96.0;95.0;96.0;96.0;96.0;96.0;96.0;;1;1;1;1;1;1;1;1;1;1;1;1;1;1;1;1;1;1;1;1;1;1;1;1;1;1;1;1;1;1;
50660000;1;12/2007;1;1;98.0;94.0;95.0;29;3;0;0;0;;0;96.0;96.0;94.5;94.0;94.0;94.0;94.0;94.0;95.0;94.0;94.0;94.0;94.0;94.0;94.0;94.0;94.0;94.0;94.0;94.0;94.0;94.0;94.0;94.0;94.0;94.5;96.0;96.5;98.0;98.0;96.0;1;1;1;1;1;1;1;1;1;1;1;1;1;1;1;1;1;1;1;1;1;1;1;1;1;1;1;1;1;1;1
50660000;2;12/2007;1;1;98.0;94.0;94.6129;29;3;1;1;1;0.0;0;96.0;96.0;94.0;94.0;94.0;94.0;94.0;94.0;95.0;94.0;94.0;94.0;94.0;94.0;94.0;94.0;94.0;94.0;94.0;94.0;94.0;94.0;94.0;94.0;94.0;94.0;96.0;96.0;98.0;98.0;96.0;1;1;1;1;1;1;1;1;1;1;1;1;1;1;1;1;1;1;1;1;1;1;1;1;1;1;1;1;1;1;1
50660000;2;01/2008;1;1;96.0;86.0;90.838699;1;27;1;1;1;0.0;0;96.0;96.0;95.0;94.0;94.0;93.0;93.0;92.0;92.0;92.0;92.0;92.0;92.0;92.0;92.0;92.0;92.0;91.0;90.0;90.0;90.0;90.0;90.0;88.0;88.0;88.0;86.0;86.0;86.0;86.0;86.0;1;1;1;1;1;1;1;1;1;1;1;1;1;1;1;1;1;1;1;1;1;1;1;1;1;1;1;1;1;1;1
50660000;1;01/2008;1;1;96.0;86.0;91.0;1;27;0;0;0;;0;96.0;96.0;95.0;94.0;94.0;93.0;93.0;92.0;92.0;92.0;92.0;92.0;92.0;92.0;92.0;92.0;92.0;91.0;90.0;90.0;90.0;90.0;90.0;88.0;88.0;88.0;86.0;86.0;86.0;86.0;86.0;;;;;;;;;;;;;;;;;;;;;;;;;;;;;;;
50660000;1;02/2008;1;1;114.0;84.0;89.0;29;8;0;0;0;;0;86.0;86.0;86.0;86.0;86.0;86.0;86.0;85.0;84.0;84.0;84.0;84.0;84.0;84.0;85.0;86.0;86.0;96.0;94.0;94.0;94.0;94.0;94.0;92.0;92.0;92.0;92.0;92.0;109.0;;;1;1;1;1;1;1;1;1;1;1;1;1;1;1;1;1;1;1;1;1;1;1;1;1;1;1;1;1;1;0;0
50660000;2;02/2008;1;1;109.0;84.0;89.069;29;9;1;1;1;0.0;0;86.0;86.0;86.0;86.0;86.0;86.0;86.0;85.0;84.0;84.0;84.0;84.0;84.0;84.0;85.0;86.0;86.0;96.0;94.0;94.0;94.0;94.0;94.0;92.0;92.0;92.0;92.0;92.0;109.0;;;1;1;1;1;1;1;1;1;1;1;1;1;1;1;1;1;1;1;1;1;1;1;1;1;1;1;1;1;1;;
50660000;2;03/2008;1;1;147.0;103.0;123.6129;31;18;1;1;1;0.0;0;132.0;123.0;120.0;116.0;110.0;108.0;119.0;118.0;116.0;126.0;131.0;136.0;127.0;120.0;115.0;108.0;106.0;103.0;114.0;120.0;125.0;130.0;135.0;135.0;131.0;127.0;125.0;130.0;136.0;143.0;147.0;1;1;1;1;1;1;1;1;1;1;1;1;1;1;1;1;1;1;1;1;1;1;1;1;1;1;1;1;1;1;1
50660000;1;03/2008;1;1;148.0;100.0;124.0;31;18;0;0;0;;0;132.0;123.0;120.0;116.0;110.0;108.5;119.0;118.0;116.0;126.0;131.0;136.0;127.0;120.0;115.0;108.0;106.0;103.0;114.0;120.0;125.0;130.0;135.0;135.0;131.0;127.0;125.0;130.0;136.0;143.0;147.0;1;1;1;1;1;1;1;1;1;1;1;1;1;1;1;1;1;1;1;1;1;1;1;1;1;1;1;1;1;1;1
50660000;2;04/2008;1;1;183.0;108.0;134.8667;3;28;1;1;1;0.0;0;158.0;167.0;183.0;179.0;177.0;170.0;156.0;153.0;148.0;147.0;141.0;136.0;130.0;128.0;127.0;126.0;126.0;124.0;124.0;122.0;118.0;116.0;115.0;114.0;113.0;112.0;110.0;108.0;110.0;108.0;;1;1;1;1;1;1;1;1;1;1;1;1;1;1;1;1;1;1;1;1;1;1;1;1;1;1;1;1;1;1;
50660000;1;04/2008;1;1;184.0;108.0;135.0;3;28;0;0;0;;0;158.0;167.0;183.0;179.0;177.0;170.0;156.0;153.0;148.5;147.0;141.0;136.0;130.5;128.0;127.0;126.0;126.0;124.0;124.0;122.0;118.0;116.0;115.0;114.0;113.0;112.0;110.0;108.5;110.0;108.0;;;;;;;;;;;;;;;;;1;1;1;1;1;1;1;1;1;1;1;1;1;1;1;0
50660000;2;05/2008;1;1;260.0;108.0;149.5806;27;1;1;1;1;0.0;0;108.0;111.0;122.0;143.0;138.0;126.0;117.0;114.0;154.0;140.0;137.0;134.0;132.0;127.0;122.0;124.0;122.0;125.0;131.0;136.0;137.0;147.0;143.0;171.0;203.0;254.0;260.0;227.0;209.0;165.0;158.0;1;1;1;1;1;1;1;1;1;1;1;1;1;1;1;1;1;1;1;1;1;1;1;1;1;1;1;1;1;1;1
50660000;1;05/2008;1;1;264.0;108.0;150.0;26;1;0;0;0;;0;108.0;111.0;122.0;143.0;138.5;126.0;117.0;114.0;154.0;140.0;137.0;134.0;132.0;127.0;121.5;124.0;122.0;125.0;131.0;136.0;137.0;147.0;143.0;171.0;203.0;254.0;260.0;227.0;209.0;165.0;158.0;;;;;;;;;;;;;;;;;;;;;;;;;;;;;;;
50660000;2;06/2008;1;1;162.0;111.0;136.03329;4;29;1;1;1;0.0;0;150.0;145.0;152.0;162.0;157.0;157.0;157.0;157.0;156.0;151.0;148.0;145.0;142.0;139.0;137.0;136.0;134.0;132.0;130.0;127.0;126.0;124.0;123.0;118.0;116.0;114.0;112.0;112.0;111.0;111.0;;1;1;1;1;1;1;1;1;1;1;1;1;1;1;1;1;1;1;1;1;1;1;1;1;1;1;1;1;1;1;
50660000;1;06/2008;1;1;164.0;110.0;136.0;4;29;0;0;0;;0;150.0;145.0;152.0;162.0;157.0;157.0;157.0;157.0;155.5;151.0;147.5;145.0;142.0;139.0;137.0;136.0;134.0;132.0;130.0;127.0;126.0;124.0;123.0;118.0;116.0;114.0;112.0;112.0;111.0;111.0;;1;1;1;1;1;1;1;1;1;1;1;1;1;1;1;1;1;1;1;1;1;1;1;1;1;1;1;1;1;1;0
50660000;1;07/2008;1;1;168.0;114.0;148.0;16;1;0;0;0;;0;114.0;117.0;121.0;131.0;140.0;150.0;159.0;162.0;156.0;155.0;154.0;149.0;146.0;145.0;150.0;166.0;167.5;165.0;158.0;154.0;151.0;147.0;146.0;144.0;142.0;141.0;139.0;137.0;144.0;158.0;166.0;1;1;1;1;1;1;1;1;1;1;1;1;1;1;1;1;1;1;1;1;1;1;1;1;1;1;1;1;1;1;1
50660000;2;07/2008;1;1;168.0;114.0;147.5806;17;1;1;1;1;0.0;0;114.0;117.0;121.0;131.0;140.0;150.0;159.0;162.0;156.0;155.0;154.0;149.0;146.0;145.0;150.0;166.0;168.0;165.0;158.0;154.0;151.0;147.0;146.0;144.0;142.0;141.0;139.0;137.0;144.0;158.0;166.0;1;1;1;1;1;1;1;1;1;1;1;1;1;1;1;1;1;1;1;1;1;1;1;1;1;1;1;1;1;1;1
50660000;2;08/2008;1;1;170.0;123.0;138.871;1;18;1;1;1;0.0;0;170.0;167.0;163.0;160.0;158.0;156.0;153.0;149.0;146.0;141.0;137.0;133.0;129.0;124.0;128.0;132.0;131.0;123.0;127.0;133.0;134.0;134.0;134.0;134.0;134.0;132.0;132.0;130.0;130.0;128.0;123.0;1;1;1;1;1;1;1;1;1;1;1;1;1;1;1;1;1;1;1;1;1;1;1;1;1;1;1;1;1;1;1
50660000;1;08/2008;1;1;172.0;120.0;139.0;1;31;0;0;0;;0;170.0;167.0;163.0;160.0;158.0;156.0;153.0;149.0;146.0;141.0;137.0;133.0;129.0;124.0;128.0;132.0;131.0;123.0;127.0;133.0;134.0;134.0;134.0;134.0;133.5;132.0;132.0;130.0;130.0;128.0;123.0;1;1;1;1;1;1;1;1;1;1;1;1;1;1;1;1;1;1;1;1;1;1;1;1;1;1;1;1;1;1;1
50660000;2;09/2008;1;1;141.0;110.0;117.5667;3;19;1;1;1;0.0;0;121.0;129.0;141.0;135.0;129.0;126.0;123.0;122.0;120.0;118.0;118.0;116.0;115.0;114.0;114.0;114.0;114.0;113.0;110.0;111.0;112.0;114.0;114.0;112.0;112.0;112.0;111.0;111.0;112.0;114.0;;1;1;1;1;1;1;1;1;1;1;1;1;1;1;1;1;1;1;1;1;1;1;1;1;1;1;1;1;1;1;
50660000;1;09/2008;1;1;142.0;110.0;118.0;3;19;0;0;0;;0;121.0;129.0;141.0;135.0;129.0;126.0;123.0;122.0;120.0;118.0;118.0;116.5;115.0;114.0;114.0;114.0;114.0;113.0;110.0;111.0;112.5;114.0;113.5;112.0;112.0;112.0;111.0;111.0;112.0;114.0;;1;1;1;1;1;1;1;1;1;1;1;1;1;1;1;1;1;1;1;1;1;1;1;1;1;1;1;1;1;1;0
50660000;2;10/2008;1;1;133.0;104.0;113.2581;16;29;1;1;1;0.0;0;115.0;113.0;112.0;112.0;112.0;110.0;110.0;110.0;110.0;110.0;110.0;110.0;112.0;115.0;127.0;133.0;128.0;125.0;124.0;123.0;118.0;115.0;110.0;108.0;108.0;108.0;106.0;105.0;104.0;104.0;104.0;1;1;1;1;1;1;1;1;1;1;1;1;1;1;1;1;1;1;1;1;1;1;1;1;1;1;1;1;1;1;1
50660000;1;10/2008;1;1;134.0;104.0;113.0;16;28;0;0;0;;0;115.0;113.0;111.5;112.0;112.0;110.0;110.0;110.0;110.0;110.0;110.0;110.5;112.0;115.0;127.0;133.0;128.0;125.0;124.0;123.0;118.0;115.0;110.0;108.0;108.0;108.0;106.0;105.0;104.0;104.0;104.0;1;1;1;1;1;1;1;1;1;1;1;1;1;1;1;1;1;1;1;1;1;1;1;1;1;1;1;1;1;1;1
50660000;1;11/2008;1;1;104.0;92.0;97.0;1;26;0;0;0;;0;104.0;102.0;102.0;102.0;102.0;102.0;102.0;100.0;100.0;98.0;98.0;98.0;96.0;96.0;96.0;96.0;96.0;96.0;96.0;94.0;94.0;94.0;94.0;95.0;95.0;93.5;92.0;92.0;92.0;98.5;;1;1;1;1;1;1;1;1;1;1;1;1;1;1;1;1;1;1;1;1;1;1;1;1;1;1;1;1;1;1;0
50660000;2;11/2008;1;1;104.0;92.0;97.199997;1;27;1;1;1;0.0;0;104.0;102.0;102.0;102.0;102.0;102.0;102.0;100.0;100.0;98.0;98.0;98.0;96.0;96.0;96.0;96.0;96.0;96.0;96.0;94.0;94.0;94.0;94.0;95.0;95.0;94.0;92.0;92.0;92.0;98.0;;1;1;1;1;1;1;1;1;1;1;1;1;1;1;1;1;1;1;1;1;1;1;1;1;1;1;1;1;1;1;
50660000;2;12/2008;1;1;141.0;99.0;111.3871;11;1;1;1;1;0.0;0;99.0;99.0;99.0;100.0;100.0;100.0;100.0;112.0;121.0;127.0;141.0;134.0;125.0;124.0;120.0;118.0;118.0;116.0;115.0;114.0;112.0;112.0;111.0;110.0;110.0;107.0;104.0;103.0;102.0;100.0;100.0;1;1;1;1;1;1;1;1;1;1;1;1;1;1;1;1;1;1;1;1;1;1;1;1;1;1;1;1;1;1;1
50660000;1;12/2008;1;1;142.0;99.0;111.0;11;1;0;0;0;;0;99.0;99.0;99.0;100.0;100.0;100.0;100.0;112.0;121.0;127.0;141.0;134.0;125.0;124.0;120.0;118.0;118.0;116.0;115.0;114.0;112.0;112.0;111.0;110.0;110.0;107.0;104.0;103.0;102.0;100.0;100.0;1;1;1;1;1;1;1;1;1;1;1;1;1;1;1;1;1;1;1;1;1;1;1;1;1;1;1;1;1;1;1
50660000;2;01/2009;1;1;104.0;92.0;97.3871;14;27;2;2;2;0.0;0;100.0;100.0;99.0;98.0;96.0;96.0;96.0;96.0;96.0;96.0;96.0;99.0;101.0;104.0;104.0;102.0;100.0;99.0;98.0;98.0;98.0;96.0;96.0;96.0;94.0;94.0;92.0;93.0;94.0;96.0;96.0;1;1;1;1;1;1;1;1;1;1;1;1;1;1;1;1;1;1;1;1;1;1;1;1;1;1;1;1;1;1;2
50660000;1;01/2009;1;1;;;;;;0;0;0;;0;100.0;100.0;99.0;98.0;96.0;96.0;96.0;96.0;96.0;96.0;96.0;99.0;101.0;104.0;104.0;102.0;100.0;99.0;98.0;98.0;98.0;96.0;96.0;96.0;94.0;94.0;92.0;93.0;94.0;96.0;;;;;;;;;;;;;;;;;;;;;;;;;;;;;;;;
50660000;1;02/2009;1;1;128.0;90.0;103.0;27;12;0;0;0;;0;96.0;96.0;95.0;94.0;94.0;94.0;93.0;92.0;92.0;92.0;93.0;90.0;90.0;91.0;92.0;95.0;101.0;108.0;111.0;114.0;115.0;117.0;118.0;121.0;124.0;126.0;127.0;125.0;;;;1;1;1;1;1;1;1;1;1;1;1;1;1;1;1;1;1;1;1;1;1;1;1;1;1;1;1;1;0;0;0
50660000;2;02/2009;1;1;127.0;90.0;103.4286;27;12;1;1;1;0.0;0;96.0;96.0;95.0;94.0;94.0;94.0;93.0;92.0;92.0;92.0;93.0;90.0;90.0;91.0;92.0;95.0;101.0;108.0;111.0;114.0;115.0;117.0;118.0;121.0;124.0;126.0;127.0;125.0;;;;1;1;1;1;1;1;1;1;1;1;1;1;1;1;1;1;1;1;1;1;1;1;1;1;1;1;1;1;;;
50660000;2;03/2009;1;1;112.0;90.0;96.645203;1;31;1;1;1;0.0;0;112.0;109.0;106.0;104.0;102.0;100.0;100.0;100.0;98.0;97.0;96.0;96.0;96.0;95.0;94.0;94.0;94.0;94.0;94.0;94.0;94.0;94.0;94.0;94.0;94.0;94.0;92.0;92.0;92.0;91.0;90.0;1;1;1;1;1;1;1;1;1;1;1;1;1;1;1;1;1;1;1;1;1;1;1;1;1;1;1;1;1;1;1
50660000;1;03/2009;1;1;114.0;90.0;97.0;1;30;0;0;0;;0;112.0;109.0;106.0;104.0;102.0;100.0;100.0;100.0;98.0;97.0;96.0;96.0;96.0;95.0;94.0;94.0;94.0;94.0;94.0;94.0;94.0;94.0;94.0;94.0;94.0;94.0;92.0;92.0;92.0;91.0;90.0;1;1;1;1;1;1;1;1;1;1;1;1;1;1;1;1;1;1;1;1;1;1;1;1;1;1;1;1;1;1;1
50660000;2;04/2009;1;1;119.0;90.0;98.366699;22;1;1;1;1;0.0;0;90.0;90.0;90.0;90.0;90.0;90.0;90.0;90.0;90.0;90.0;90.0;90.0;90.0;90.0;92.0;92.0;95.0;96.0;99.0;103.0;112.0;119.0;116.0;115.0;111.0;110.0;108.0;106.0;106.0;111.0;;1;1;1;1;1;1;1;1;1;1;1;1;1;1;1;1;1;1;1;1;1;1;1;1;1;1;1;1;1;1;
50660000;1;04/2009;1;1;120.0;90.0;98.0;22;1;0;0;0;;0;90.0;90.0;90.0;90.0;90.0;90.0;90.0;90.0;90.0;90.0;90.0;90.0;90.0;90.0;91.5;92.5;95.0;96.0;99.0;103.0;112.0;119.0;116.0;115.0;111.0;110.0;108.0;106.0;106.0;111.0;;1;1;1;1;1;1;1;1;1;1;1;1;1;1;1;1;1;1;1;1;1;1;1;1;1;1;1;1;1;1;0
50660000;2;05/2009;1;1;576.0;112.0;295.80649;10;1;1;1;1;0.0;0;112.0;115.0;127.0;151.0;275.0;301.0;196.0;186.0;184.0;576.0;481.0;473.0;362.0;318.0;307.0;274.0;224.0;226.0;274.0;271.0;294.0;389.0;411.0;447.0;426.0;354.0;290.0;245.0;215.0;260.0;406.0;1;1;1;1;1;1;1;1;1;1;1;1;1;1;1;1;1;1;1;1;1;1;1;1;1;1;1;1;1;1;1
50660000;1;05/2009;1;1;588.0;112.0;296.0;10;1;0;0;0;;0;112.0;115.0;127.5;151.0;275.0;301.0;196.5;185.5;184.0;576.0;481.0;473.0;362.0;318.0;307.0;274.0;224.0;226.0;274.0;271.0;294.0;389.0;411.0;447.0;426.0;354.0;290.0;245.0;215.0;260.0;406.0;1;1;1;1;1;1;1;1;1;1;1;1;1;1;1;1;1;1;1;1;1;1;1;1;1;1;1;1;1;1;1
50660000;2;06/2009;1;1;467.0;151.0;204.76669;1;14;1;1;1;0.0;0;467.0;413.0;326.0;263.0;248.0;211.0;186.0;173.0;201.0;182.0;181.0;173.0;159.0;151.0;154.0;159.0;163.0;165.0;160.0;162.0;165.0;168.0;182.0;189.0;198.0;198.0;196.0;196.0;188.0;166.0;;1;1;1;1;1;1;1;1;1;1;1;1;1;1;1;1;1;1;1;1;1;1;1;1;1;1;1;1;1;1;
50660000;1;06/2009;1;1;478.0;149.0;205.0;1;15;0;0;0;;0;467.0;413.0;326.5;263.0;248.0;211.0;186.0;173.0;201.0;182.0;181.0;173.0;159.0;151.0;154.5;159.0;163.0;165.0;160.0;162.0;165.0;168.0;182.0;189.0;198.5;198.0;196.0;196.0;188.0;166.0;;1;1;1;1;1;1;1;1;1;1;1;1;1;1;1;1;1;1;1;1;1;1;1;1;1;1;1;1;1;1;0
50660000;2;07/2009;1;1;241.0;133.0;166.0;13;7;1;1;1;0.0;0;155.0;152.0;147.0;140.0;137.0;135.0;133.0;140.0;154.0;173.0;203.0;222.0;241.0;237.0;212.0;185.0;181.0;167.0;166.0;177.0;171.0;164.0;164.0;163.0;160.0;148.0;148.0;148.0;145.0;140.0;138.0;1;1;1;1;1;1;1;1;1;1;1;1;1;1;1;1;1;1;1;1;1;1;1;1;1;1;1;1;1;1;1
50660000;1;07/2009;1;1;242.0;132.0;166.0;13;7;0;0;0;;0;155.0;152.0;147.0;140.0;137.0;135.0;133.0;140.0;154.0;173.0;203.0;222.0;241.0;237.0;212.0;185.0;181.0;167.0;166.0;177.0;171.0;164.0;164.0;163.0;160.0;148.0;148.5;148.0;145.0;140.0;138.0;1;1;1;1;1;1;1;1;1;1;1;1;1;1;1;1;1;1;1;1;1;1;1;1;1;1;1;1;1;1;1
50660000;1;08/2009;1;1;168.0;126.0;139.0;19;14;0;0;0;;0;136.0;136.5;138.0;137.0;136.0;136.0;136.0;135.0;134.0;134.0;133.0;130.5;128.5;127.0;128.0;133.0;144.0;155.0;167.0;157.0;151.0;147.0;147.0;147.0;144.0;144.0;140.0;137.0;136.0;134.0;133.0;1;1;1;1;1;1;1;1;1;1;1;1;1;1;1;1;1;1;1;1;1;1;1;1;1;1;1;1;1;1;1
50660000;2;08/2009;1;1;167.0;127.0;139.3548;19;14;1;1;1;0.0;0;136.0;136.0;138.0;137.0;136.0;136.0;136.0;135.0;134.0;134.0;133.0;130.0;128.0;127.0;128.0;133.0;144.0;155.0;167.0;157.0;151.0;147.0;147.0;147.0;144.0;144.0;140.0;137.0;136.0;134.0;133.0;1;1;1;1;1;1;1;1;1;1;1;1;1;1;1;1;1;1;1;1;1;1;1;1;1;1;1;1;1;1;1
50660000;2;09/2009;1;1;147.0;114.0;128.8667;8;28;1;1;1;0.0;0;131.0;128.0;126.0;130.0;134.0;136.0;145.0;147.0;141.0;137.0;134.0;133.0;132.0;130.0;131.0;136.0;139.0;137.0;135.0;128.0;124.0;122.0;121.0;119.0;117.0;116.0;115.0;114.0;114.0;114.0;;1;1;1;1;1;1;1;1;1;1;1;1;1;1;1;1;1;1;1;1;1;1;1;1;1;1;1;1;1;1;
50660000;1;09/2009;1;1;148.0;113.0;129.0;8;30;0;0;0;;0;131.0;128.0;126.0;130.0;134.0;136.0;145.0;147.0;141.0;137.0;134.0;133.0;132.0;130.0;131.0;136.0;139.0;137.0;135.0;128.0;124.0;122.0;121.0;119.0;117.0;116.0;115.0;114.0;114.0;113.5;;1;1;1;1;1;1;1;1;1;1;1;1;1;1;1;1;1;1;1;1;1;1;1;1;1;1;1;1;1;1;0
50660000;2;10/2009;1;1;180.0;112.0;123.871;14;1;1;1;1;0.0;0;112.0;113.0;116.0;118.0;119.0;120.0;118.0;116.0;116.0;116.0;115.0;138.0;172.0;180.0;175.0;150.0;129.0;121.0;118.0;116.0;115.0;112.0;112.0;112.0;112.0;113.0;119.0;118.0;118.0;116.0;115.0;1;1;1;1;1;1;1;1;1;1;1;1;1;1;1;1;1;1;1;1;1;1;1;1;1;1;1;1;1;1;1
50660000;1;10/2009;1;1;184.0;112.0;124.0;14;1;0;0;0;;0;112.0;113.0;116.0;118.0;119.0;120.0;118.0;116.0;116.0;116.0;115.0;138.0;172.0;180.0;175.0;150.0;129.0;121.0;118.0;116.0;115.0;112.0;112.0;112.0;112.0;113.0;119.0;117.5;118.0;116.0;115.0;1;1;1;1;1;1;1;1;1;1;1;1;1;1;1;1;1;1;1;1;1;1;1;1;1;1;1;1;1;1;1
50660000;2;11/2009;1;1;114.0;100.0;104.1333;1;24;1;1;1;0.0;0;114.0;114.0;112.0;110.0;110.0;108.0;107.0;106.0;106.0;106.0;104.0;104.0;104.0;102.0;102.0;102.0;102.0;102.0;102.0;102.0;102.0;102.0;101.0;100.0;100.0;100.0;100.0;100.0;100.0;100.0;;1;1;1;1;1;1;1;1;1;1;1;1;1;1;1;1;1;1;1;1;1;1;1;1;1;1;1;1;1;1;
50660000;1;11/2009;1;1;114.0;100.0;104.0;1;24;0;0;0;;0;114.0;114.0;112.0;110.0;110.0;108.0;107.0;106.0;106.0;106.0;104.0;104.0;104.0;102.0;102.0;102.0;102.0;102.0;102.0;102.0;102.0;102.0;101.5;100.0;100.0;100.0;100.0;100.0;100.0;100.0;;1;1;1;1;1;1;1;1;1;1;1;1;1;1;1;1;1;1;1;1;1;1;1;1;1;1;1;1;1;1;0
50660000;2;12/2009;1;1;100.0;96.0;98.064499;1;29;2;2;2;0.0;0;100.0;100.0;100.0;100.0;99.0;99.0;99.0;99.0;99.0;99.0;99.0;99.0;98.0;98.0;98.0;98.0;98.0;98.0;98.0;98.0;97.0;97.0;97.0;97.0;97.0;97.0;97.0;97.0;96.0;96.0;96.0;2;2;2;2;2;2;2;2;2;2;2;2;2;2;2;2;2;2;2;2;2;2;2;2;2;2;2;2;2;2;2
50660000;1;01/2010;1;1;106.0;96.0;98.0;11;1;0;0;0;;0;96.0;96.0;96.0;96.0;96.0;96.0;96.0;96.0;96.0;100.0;105.0;104.0;100.0;100.0;98.0;98.0;98.0;98.0;98.0;97.0;96.0;96.0;96.0;96.0;96.0;97.5;96.0;96.5;98.0;98.0;99.0;1;1;1;1;1;1;1;1;1;1;1;1;1;1;1;1;1;1;1;1;1;1;1;1;1;1;1;1;1;1;1
50660000;2;01/2010;1;1;105.0;96.0;97.580597;11;1;1;1;1;0.0;0;96.0;96.0;96.0;96.0;96.0;96.0;96.0;96.0;96.0;100.0;105.0;104.0;100.0;100.0;98.0;98.0;98.0;98.0;98.0;97.0;96.0;96.0;96.0;96.0;96.0;98.0;96.0;96.0;98.0;98.0;99.0;1;1;1;1;1;1;1;1;1;1;1;1;1;1;1;1;1;1;1;1;1;1;1;1;1;1;1;1;1;1;1
50660000;2;02/2010;1;1;103.0;98.0;98.892899;15;6;1;1;1;0.0;0;102.0;100.0;100.0;100.0;100.0;98.0;98.0;98.0;98.0;98.0;98.0;98.0;98.0;100.0;103.0;100.0;100.0;98.0;98.0;98.0;98.0;98.0;98.0;98.0;98.0;98.0;98.0;100.0;;;;1;1;1;1;1;1;1;1;1;1;1;1;1;1;1;1;1;1;1;1;1;1;1;1;1;1;1;1;;;
50660000;1;02/2010;1;1;104.0;98.0;99.0;15;6;0;0;0;;0;102.0;100.0;100.0;100.0;99.5;98.0;98.0;98.0;98.0;98.0;98.0;98.0;98.0;100.0;103.0;100.0;100.0;98.0;98.0;98.0;98.0;98.0;98.0;98.0;98.0;98.0;98.0;100.0;;;;1;1;1;1;1;1;1;1;1;1;1;1;1;1;1;1;1;1;1;1;1;1;1;1;1;1;1;1;0;0;0
50660000;2;03/2010;1;1;146.0;90.0;103.7742;29;26;2;2;2;0.0;0;100.0;100.0;100.0;100.0;100.0;99.0;104.0;102.0;99.0;98.0;98.0;98.0;96.0;94.0;98.0;119.0;116.0;111.0;104.0;99.0;105.0;108.0;96.0;96.0;92.0;90.0;90.0;116.0;146.0;124.0;119.0;2;2;2;2;2;2;2;2;2;2;2;2;2;2;2;2;2;2;2;2;2;2;2;2;2;2;2;2;2;2;2
50660000;1;03/2010;1;1;122.0;38.0;54.0;29;28;0;0;0;;0;50.0;50.5;50.5;50.0;49.5;49.0;53.5;52.0;49.0;48.0;48.0;47.5;46.0;44.0;48.5;69.0;66.0;61.0;54.0;49.0;55.0;58.0;46.0;45.5;42.0;40.0;39.5;66.0;96.5;73.5;69.0;1;1;1;1;1;1;1;1;1;1;1;1;1;1;1;1;1;1;1;1;1;1;1;1;1;1;1;1;1;1;1
50660000;2;04/2010;1;1;236.0;118.0;158.46671;19;30;1;1;1;0.0;0;120.0;124.0;170.0;138.0;129.0;128.0;143.0;145.0;129.0;133.0;140.0;147.0;154.0;186.0;210.0;235.0;222.0;214.0;236.0;226.0;192.0;151.0;138.0;144.0;146.0;149.0;135.0;129.0;123.0;118.0;;1;1;1;1;1;1;1;1;1;1;1;1;1;1;1;1;1;1;1;1;1;1;1;1;1;1;1;1;1;1;
50660000;1;04/2010;1;1;238.0;118.0;158.0;16;30;0;0;0;;0;120.0;124.0;170.0;137.5;129.0;128.0;143.0;145.0;129.0;133.0;140.0;147.0;154.0;186.0;210.0;234.5;222.5;214.0;236.0;226.0;191.5;151.0;138.0;144.0;146.0;149.0;135.0;129.0;123.0;118.0;;1;1;1;1;1;1;1;1;1;1;1;1;1;1;1;1;1;1;1;1;1;1;1;1;1;1;1;1;1;1;0
50660000;2;05/2010;1;1;184.0;110.0;128.0645;18;13;1;1;1;0.0;0;115.0;113.0;122.0;145.0;130.0;128.0;125.0;120.0;120.0;116.0;113.0;112.0;110.0;110.0;114.0;123.0;179.0;184.0;174.0;166.0;163.0;145.0;132.0;121.0;118.0;116.0;113.0;112.0;111.0;110.0;110.0;1;1;1;1;1;1;1;1;1;1;1;1;1;1;1;1;1;1;1;1;1;1;1;1;1;1;1;1;1;1;1
50660000;1;05/2010;1;1;194.0;110.0;128.0;17;13;0;0;0;;0;115.0;113.0;122.0;145.0;130.0;128.0;125.0;120.0;120.0;116.0;113.0;112.0;110.0;110.0;114.0;123.0;179.0;184.0;174.0;166.0;163.0;145.0;132.0;121.0;118.5;116.0;113.0;112.0;111.0;110.0;110.0;1;1;1;1;1;1;1;1;1;1;1;1;1;1;1;1;1;1;1;1;1;1;1;1;1;1;1;1;1;1;1
50660000;2;06/2010;1;1;200.0;110.0;142.03329;10;1;1;1;1;0.0;0;110.0;111.0;114.0;116.0;119.0;123.0;130.0;156.0;192.0;200.0;182.0;174.0;165.0;151.0;140.0;129.0;124.0;122.0;120.0;120.0;120.0;122.0;126.0;131.0;139.0;152.0;162.0;165.0;168.0;178.0;;1;1;1;1;1;1;1;1;1;1;1;1;1;1;1;1;1;1;1;1;1;1;1;1;1;1;1;1;1;1;
50660000;1;06/2010;1;1;204.0;110.0;142.0;9;1;0;0;0;;0;110.0;111.0;114.0;116.0;119.0;123.0;130.0;156.0;192.0;200.0;182.0;174.0;165.0;151.0;140.0;129.0;124.0;122.0;120.0;120.0;120.5;122.0;126.0;131.0;139.0;152.0;162.0;165.0;168.0;178.0;;;;;;;;;;;;;;;;;;;;;;;;;;;;;;;;0
50660000;2;07/2010;1;1;288.0;166.0;232.129;24;12;1;1;1;0.0;0;192.0;227.0;248.0;248.0;253.0;265.0;275.0;276.0;241.0;200.0;175.0;166.0;167.0;197.0;214.0;214.0;226.0;246.0;251.0;265.0;272.0;281.0;280.0;288.0;270.0;236.0;217.0;210.0;210.0;195.0;191.0;1;1;1;1;1;1;1;1;1;1;1;1;1;1;1;1;1;1;1;1;1;1;1;1;1;1;1;1;1;1;1
50660000;1;07/2010;1;1;289.0;164.0;232.0;24;12;0;0;0;;0;192.0;227.0;248.0;248.0;253.0;265.0;275.0;276.0;241.0;200.0;175.0;166.0;167.0;197.0;214.0;214.0;226.0;246.0;251.0;265.0;272.0;281.0;280.0;287.5;270.0;236.0;217.0;210.0;210.0;195.0;191.0;1;1;1;1;1;1;1;1;1;1;1;1;1;1;1;1;1;1;1;1;1;1;1;1;1;1;1;1;1;1;1
50660000;2;08/2010;1;1;185.0;130.0;146.9677;1;29;1;1;1;0.0;0;185.0;177.0;169.0;160.0;156.0;154.0;157.0;166.0;168.0;166.0;152.0;146.0;141.0;137.0;136.0;136.0;138.0;142.0;142.0;142.0;139.0;138.0;138.0;138.0;138.0;136.0;134.0;132.0;130.0;130.0;133.0;1;1;1;1;1;1;1;1;1;1;1;1;1;1;1;1;1;1;1;1;1;1;1;1;1;1;1;1;1;1;1
50660000;1;08/2010;1;1;186.0;129.0;147.0;1;30;0;0;0;;0;185.0;177.0;169.0;160.0;156.0;154.0;157.0;166.0;168.0;166.5;152.0;146.0;141.0;137.0;136.0;136.0;138.0;142.0;142.0;142.0;139.0;138.0;138.5;138.5;138.0;136.0;134.0;132.0;130.0;130.5;133.0;1;1;1;1;1;1;1;1;1;1;1;1;1;1;1;1;1;1;1;1;1;1;1;1;1;1;1;1;1;1;1
50660000;2;09/2010;1;1;140.0;116.0;128.46671;12;30;1;1;1;0.0;0;132.0;132.0;130.0;130.0;134.0;134.0;134.0;136.0;137.0;138.0;138.0;140.0;134.0;128.0;128.0;126.0;126.0;126.0;126.0;127.0;126.0;126.0;126.0;124.0;123.0;121.0;120.0;119.0;117.0;116.0;;1;1;1;1;1;1;1;1;1;1;1;1;1;1;1;1;1;1;1;1;1;1;1;1;1;1;1;1;1;1;
50660000;1;09/2010;1;1;141.0;116.0;128.0;12;29;0;0;0;;0;132.0;131.5;130.0;130.5;134.0;134.0;134.0;136.0;137.0;137.5;138.0;140.5;134.0;128.0;128.0;126.0;126.0;126.0;126.0;127.0;126.0;126.0;126.0;124.0;123.0;121.0;120.0;119.0;117.0;116.0;;;;;;;;;;;;;;;;;;;;;;;;;;;;;;;;0
50660000;2;10/2010;1;1;127.0;108.0;113.8387;22;14;1;1;1;0.0;0;116.0;116.0;116.0;114.0;114.0;112.0;112.0;112.0;112.0;110.0;110.0;110.0;110.0;108.0;108.0;108.0;108.0;108.0;108.0;110.0;116.0;127.0;127.0;124.0;121.0;119.0;114.0;114.0;116.0;115.0;114.0;1;1;1;1;1;1;1;1;1;1;1;1;1;1;1;1;1;1;1;1;1;1;1;1;1;1;1;1;1;1;1
50660000;1;10/2010;1;1;128.0;108.0;114.0;22;14;0;0;0;;0;116.0;116.0;116.0;114.0;114.0;112.0;112.0;112.0;112.0;110.0;110.0;110.0;110.0;108.0;108.0;108.0;108.0;108.0;108.0;110.0;116.0;127.0;127.0;124.0;121.0;119.0;114.0;114.5;116.0;115.0;114.0;;;;;;;;;;;;;;;;;;;;;;;;;;;;;;;
50660000;2;11/2010;1;1;114.0;99.0;104.3667;1;30;1;1;1;0.0;0;114.0;114.0;112.0;110.0;109.0;108.0;107.0;106.0;106.0;106.0;106.0;105.0;104.0;104.0;104.0;104.0;103.0;102.0;102.0;102.0;102.0;102.0;100.0;100.0;100.0;100.0;100.0;100.0;100.0;99.0;;1;1;1;1;1;1;1;1;1;1;1;1;1;1;1;1;1;1;1;1;1;1;1;1;1;1;1;1;1;1;
50660000;1;11/2010;1;1;114.0;99.0;104.0;1;30;0;0;0;;0;114.0;114.0;112.0;110.0;109.0;108.0;107.0;106.0;106.0;106.0;106.0;105.0;104.0;104.0;104.0;104.0;103.0;102.0;102.0;102.0;102.0;102.0;100.0;100.0;100.0;100.0;100.0;100.0;100.0;99.0;;1;1;1;1;1;1;1;1;1;1;1;1;1;1;1;1;1;1;1;1;1;1;1;1;1;1;1;1;1;1;0
50660000;2;12/2010;1;1;105.0;98.0;99.419403;22;3;1;1;1;0.0;0;99.0;99.0;98.0;98.0;98.0;98.0;98.0;98.0;98.0;100.0;101.0;102.0;101.0;100.0;100.0;100.0;100.0;100.0;100.0;100.0;103.0;105.0;101.0;99.0;98.0;98.0;98.0;98.0;98.0;98.0;98.0;1;1;1;1;1;1;1;1;1;1;1;1;1;1;1;1;1;1;1;1;1;1;1;1;1;1;1;1;1;1;1
50660000;1;12/2010;1;1;106.0;98.0;99.0;22;3;0;0;0;;0;99.0;99.0;98.0;98.0;98.0;98.0;98.0;98.0;98.0;99.5;101.0;102.0;101.0;100.0;100.0;100.0;100.0;100.0;100.0;100.0;103.0;105.0;101.0;99.0;98.0;98.0;98.0;98.0;98.0;98.0;98.0;1;1;1;1;1;1;1;1;1;1;1;1;1;1;1;1;1;1;1;1;1;1;1;1;1;1;1;1;1;1;1
50660000;2;01/2011;1;1;117.0;98.0;103.3548;9;1;1;1;1;0.0;0;98.0;98.0;98.0;98.0;98.0;98.0;98.0;105.0;117.0;110.0;108.0;106.0;106.0;106.0;104.0;100.0;100.0;100.0;98.0;103.0;107.0;108.0;106.0;104.0;105.0;106.0;106.0;106.0;104.0;102.0;101.0;1;1;1;1;1;1;1;1;1;1;1;1;1;1;1;1;1;1;1;1;1;1;1;1;1;1;1;1;1;1;1
50660000;1;01/2011;1;1;118.0;98.0;103.0;9;1;0;0;0;;0;98.0;98.0;98.0;98.0;98.0;98.0;98.0;105.0;117.0;110.0;108.0;106.5;106.0;105.5;104.0;100.0;100.0;100.0;98.5;103.0;107.0;108.0;106.0;104.0;105.0;106.0;106.0;106.0;104.0;102.0;101.0;1;1;1;1;1;1;1;1;1;1;1;1;1;1;1;1;1;1;1;1;1;1;1;1;1;1;1;1;1;1;1
50660000;2;02/2011;1;1;100.0;94.0;96.392899;1;12;1;1;1;0.0;0;100.0;100.0;100.0;99.0;98.0;98.0;99.0;98.0;98.0;96.0;96.0;94.0;94.0;94.0;94.0;94.0;96.0;96.0;97.0;98.0;96.0;96.0;96.0;96.0;94.0;94.0;94.0;94.0;;;;1;1;1;1;1;1;1;1;1;1;1;1;1;1;1;1;1;1;1;1;1;1;1;1;1;1;1;1;;;
50660000;1;02/2011;1;1;100.0;94.0;96.0;1;12;0;0;0;;0;100.0;100.0;100.0;99.0;98.0;98.0;99.0;98.0;98.0;96.0;96.0;94.0;94.0;94.0;94.0;94.0;96.0;96.0;97.0;98.0;96.0;96.0;96.0;96.0;94.0;94.0;94.0;94.0;;;;1;1;1;1;1;1;1;1;1;1;1;1;1;1;1;1;1;1;1;1;1;1;1;1;1;1;1;1;0;0;0
50660000;2;03/2011;1;1;128.0;94.0;104.4516;30;1;1;1;1;0.0;0;94.0;94.0;94.0;94.0;94.0;94.0;94.0;94.0;94.0;96.0;95.0;96.0;96.0;106.0;122.0;115.0;110.0;108.0;106.0;102.0;98.0;96.0;98.0;114.0;121.0;117.0;115.0;113.0;119.0;128.0;121.0;1;1;1;1;1;1;1;1;1;1;1;1;1;1;1;1;1;1;1;1;1;1;1;1;1;1;1;1;1;1;1
50660000;1;03/2011;1;1;130.0;94.0;104.0;30;1;0;0;0;;0;94.0;94.0;94.0;94.0;94.0;94.0;94.0;94.0;94.0;96.0;95.0;96.0;96.0;106.0;122.0;115.0;110.0;108.0;106.0;102.0;98.0;96.0;98.0;114.0;121.0;117.0;115.0;113.0;119.0;128.0;121.0;1;1;1;1;1;1;1;1;1;1;1;1;1;1;1;1;1;1;1;1;1;1;1;1;1;1;1;1;1;1;1
50660000;2;04/2011;1;1;287.0;100.0;151.6333;30;7;1;1;1;0.0;0;118.0;115.0;109.0;106.0;104.0;102.0;100.0;100.0;101.0;128.0;126.0;117.0;114.0;110.0;111.0;120.0;130.0;151.0;187.0;200.0;222.0;262.0;226.0;177.0;158.0;147.0;164.0;186.0;271.0;287.0;;1;1;1;1;1;1;1;1;1;1;1;1;1;1;1;1;1;1;1;1;1;1;1;1;1;1;1;1;1;1;
50660000;1;04/2011;1;1;288.0;100.0;152.0;30;7;0;0;0;;0;118.0;115.0;109.0;106.0;104.0;102.0;100.0;100.0;101.0;128.0;126.0;117.0;114.0;110.0;111.0;120.0;129.5;151.0;187.0;200.0;222.0;262.0;226.0;177.0;158.0;147.0;164.0;186.0;271.0;287.0;;1;1;1;1;1;1;1;1;1;1;1;1;1;1;1;1;1;1;1;1;1;1;1;1;1;1;1;1;1;1;0
50660000;2;05/2011;1;1;410.0;118.0;200.9355;25;14;1;1;1;0.0;0;330.0;289.0;271.0;211.0;188.0;160.0;147.0;140.0;135.0;131.0;127.0;124.0;120.0;118.0;122.0;123.0;122.0;123.0;137.0;154.0;159.0;143.0;154.0;360.0;410.0;374.0;333.0;344.0;319.0;200.0;161.0;1;1;1;1;1;1;1;1;1;1;1;1;1;1;1;1;1;1;1;1;1;1;1;1;1;1;1;1;1;1;1
50660000;1;05/2011;1;1;436.0;118.0;201.0;24;14;0;0;0;;0;330.0;289.0;271.0;211.0;188.0;160.0;147.0;140.0;135.0;131.0;127.0;124.0;120.0;118.0;122.0;123.0;122.0;123.0;137.0;154.0;159.0;143.0;154.0;360.0;410.0;374.0;333.0;344.0;319.0;200.0;161.0;1;1;1;1;1;1;1;1;1;1;1;1;1;1;1;1;1;1;1;1;1;1;1;1;1;1;1;1;1;1;1
50660000;2;06/2011;1;1;198.0;120.0;156.3333;19;29;1;1;1;0.0;0;146.0;158.0;170.0;168.0;166.0;187.0;191.0;192.0;184.0;157.0;138.0;138.0;138.0;136.0;137.0;161.0;178.0;190.0;198.0;185.0;169.0;165.0;147.0;141.0;135.0;127.0;126.0;122.0;120.0;120.0;;1;1;1;1;1;1;1;1;1;1;1;1;1;1;1;1;1;1;1;1;1;1;1;1;1;1;1;1;1;1;
50660000;1;06/2011;1;1;198.0;120.0;156.0;19;28;0;0;0;;0;146.0;158.0;170.0;167.5;166.0;187.0;191.0;192.0;183.5;157.0;138.0;138.0;138.0;136.0;137.0;161.0;178.0;190.0;198.0;185.0;169.0;165.0;147.0;141.0;135.0;127.0;126.0;122.0;120.0;120.0;;1;1;1;1;1;1;1;1;1;1;1;1;1;1;1;1;1;1;1;1;1;1;1;1;1;1;1;1;1;1;0
50660000;2;07/2011;1;1;130.0;116.0;119.6129;31;27;1;1;1;0.0;0;118.0;119.0;122.0;122.0;120.0;120.0;118.0;118.0;118.0;119.0;118.0;120.0;125.0;122.0;120.0;119.0;118.0;118.0;118.0;118.0;118.0;118.0;118.0;118.0;118.0;118.0;116.0;119.0;123.0;122.0;130.0;1;1;1;1;1;1;1;1;1;1;1;1;1;1;1;1;1;1;1;1;1;1;1;1;1;1;1;1;1;1;1
50660000;1;07/2011;1;1;132.0;116.0;120.0;31;27;0;0;0;;0;118.0;119.0;122.0;122.0;120.5;120.0;118.0;118.0;118.0;119.0;118.0;120.0;125.0;122.0;120.5;119.0;118.0;118.0;118.0;118.0;118.0;118.0;118.0;118.0;118.0;118.5;116.0;119.0;123.0;122.0;130.0;1;1;1;1;1;1;1;1;1;1;1;1;1;1;1;1;1;1;1;1;1;1;1;1;1;1;1;1;1;1;1
50660000;2;08/2011;1;1;138.0;115.0;122.0968;1;21;1;1;1;0.0;0;138.0;137.0;132.0;123.0;120.0;118.0;116.0;116.0;117.0;119.0;129.0;125.0;124.0;122.0;122.0;120.0;118.0;118.0;116.0;116.0;115.0;115.0;121.0;131.0;128.0;126.0;125.0;123.0;120.0;118.0;117.0;1;1;1;1;1;1;1;1;1;1;1;1;1;1;1;1;1;1;1;1;1;1;1;1;1;1;1;1;1;1;1
50660000;1;08/2011;1;1;138.0;114.0;122.0;1;21;0;0;0;;0;138.0;137.0;131.5;123.0;120.0;118.0;116.0;116.0;117.0;119.0;129.0;125.0;124.0;122.0;122.0;120.0;118.0;118.0;116.0;116.0;115.0;115.0;121.0;131.0;128.0;126.0;125.0;123.0;120.0;118.0;117.0;1;1;1;1;1;1;1;1;1;1;1;1;1;1;1;1;1;1;1;1;1;1;1;1;1;1;1;1;1;1;1
50660000;2;09/2011;1;1;122.0;102.0;109.6333;18;30;1;1;1;0.0;0;115.0;113.0;112.0;114.0;113.0;112.0;112.0;110.0;109.0;108.0;108.0;108.0;108.0;107.0;106.0;107.0;115.0;122.0;118.0;114.0;110.0;108.0;106.0;106.0;106.0;106.0;106.0;104.0;104.0;102.0;;1;1;1;1;1;1;1;1;1;1;1;1;1;1;1;1;1;1;1;1;1;1;1;1;1;1;1;1;1;1;
50660000;1;09/2011;1;1;122.0;102.0;110.0;18;30;0;0;0;;0;115.0;113.0;112.0;114.0;113.0;112.0;112.0;110.0;109.0;108.0;108.0;108.0;108.0;107.0;106.0;107.0;115.0;122.0;118.0;114.0;110.0;108.0;106.0;106.0;106.0;106.0;106.0;104.0;104.0;102.0;;1;1;1;1;1;1;1;1;1;1;1;1;1;1;1;1;1;1;1;1;1;1;1;1;1;1;1;1;1;1;0
50660000;2;10/2011;1;1;170.0;100.0;117.6452;21;4;1;1;1;0.0;0;102.0;102.0;102.0;100.0;100.0;100.0;100.0;100.0;102.0;102.0;103.0;102.0;102.0;103.0;104.0;102.0;101.0;100.0;130.0;147.0;170.0;160.0;156.0;151.0;143.0;137.0;131.0;127.0;125.0;122.0;121.0;1;1;1;1;1;1;1;1;1;1;1;1;1;1;1;1;1;1;1;1;1;1;1;1;1;1;1;1;1;1;1
50660000;1;10/2011;1;1;172.0;100.0;118.0;21;4;0;0;0;;0;102.0;102.0;102.0;100.0;100.0;100.0;100.0;100.0;102.0;102.5;103.5;102.0;102.0;103.0;104.0;102.0;101.0;100.0;130.0;147.0;170.0;160.0;156.0;151.0;143.0;137.0;131.0;127.0;125.0;122.0;121.0;1;1;1;1;1;1;1;1;1;1;1;1;1;1;1;1;1;1;1;1;1;1;1;1;1;1;1;1;1;1;1
50660000;1;11/2011;1;1;246.0;112.0;166.0;15;29;0;0;0;;0;122.0;135.0;196.0;221.0;215.0;200.0;189.0;212.0;202.0;192.0;182.0;182.0;190.0;222.0;240.0;220.0;195.0;188.0;157.0;133.0;127.0;124.0;121.0;118.0;117.0;116.0;116.0;114.0;113.0;112.0;;1;1;1;1;1;1;1;1;1;1;1;1;1;1;1;1;1;1;1;1;1;1;1;1;1;1;1;1;1;1;0
50660000;2;11/2011;1;1;240.0;112.0;165.7;15;30;1;1;1;0.0;0;122.0;135.0;196.0;221.0;215.0;200.0;189.0;212.0;202.0;192.0;182.0;182.0;190.0;222.0;240.0;220.0;195.0;188.0;157.0;133.0;127.0;124.0;121.0;118.0;117.0;116.0;116.0;114.0;113.0;112.0;;1;1;1;1;1;1;1;1;1;1;1;1;1;1;1;1;1;1;1;1;1;1;1;1;1;1;1;1;1;1;
50660000;1;12/2011;1;1;116.0;100.0;107.0;15;30;0;0;0;;0;112.0;112.0;110.0;110.0;110.0;110.0;109.0;108.5;108.0;108.0;108.0;108.0;110.0;110.0;115.0;112.0;108.0;108.0;106.0;106.0;104.0;104.0;104.0;104.0;103.5;102.0;102.0;102.0;102.0;101.0;100.0;1;1;1;1;1;1;1;1;1;1;1;1;1;1;1;1;1;1;1;1;1;1;1;1;1;1;1;1;1;1;1
50660000;2;12/2011;1;1;115.0;100.0;106.9677;15;31;1;1;1;0.0;0;112.0;112.0;110.0;110.0;110.0;110.0;109.0;108.0;108.0;108.0;108.0;108.0;110.0;110.0;115.0;112.0;108.0;108.0;106.0;106.0;104.0;104.0;104.0;104.0;103.0;102.0;102.0;102.0;102.0;101.0;100.0;1;1;1;1;1;1;1;1;1;1;1;1;1;1;1;1;1;1;1;1;1;1;1;1;1;1;1;1;1;1;1
50660000;1;01/2012;1;1;102.0;98.0;100.0;23;30;0;0;0;;0;100.0;100.0;100.0;100.0;100.0;100.0;100.0;100.0;100.0;100.0;100.0;100.0;100.0;100.0;100.0;99.0;99.0;99.0;99.0;100.0;100.0;100.5;102.0;102.0;102.0;100.5;100.0;100.0;99.5;98.0;99.0;1;1;1;1;1;1;1;1;1;1;1;1;1;1;1;1;1;1;1;1;1;1;1;1;1;1;1;1;1;1;1
50660000;2;01/2012;1;1;102.0;98.0;99.967697;23;30;1;1;1;0.0;0;100.0;100.0;100.0;100.0;100.0;100.0;100.0;100.0;100.0;100.0;100.0;100.0;100.0;100.0;100.0;99.0;99.0;99.0;99.0;100.0;100.0;100.0;102.0;102.0;102.0;100.0;100.0;100.0;100.0;98.0;99.0;1;1;1;1;1;1;1;1;1;1;1;1;1;1;1;1;1;1;1;1;1;1;1;1;1;1;1;1;1;1;1
50660000;1;02/2012;1;1;118.0;94.0;102.0;23;15;0;0;0;;0;101.0;100.0;100.0;98.0;97.5;96.0;97.0;96.0;96.0;96.0;95.5;95.0;95.0;95.0;94.0;94.0;95.0;96.0;99.0;105.0;113.0;114.0;117.0;116.0;114.0;112.0;110.0;108.0;106.0;;;;;;;;;;;;;;;;;;;;;;;;;;;;;;;;0;0
50660000;2;02/2012;1;1;117.0;94.0;101.7931;23;15;1;1;1;0.0;0;101.0;100.0;100.0;98.0;98.0;96.0;97.0;96.0;96.0;96.0;96.0;95.0;95.0;95.0;94.0;94.0;95.0;96.0;99.0;105.0;113.0;114.0;117.0;116.0;114.0;112.0;110.0;108.0;106.0;;;1;1;1;1;1;1;1;1;1;1;1;1;1;1;1;1;1;1;1;1;1;1;1;1;1;1;1;1;1;;
50660000;1;03/2012;1;1;108.0;91.0;96.0;30;28;0;0;0;;0;106.0;105.0;102.0;100.0;98.0;96.0;96.0;96.0;96.0;96.0;97.0;96.0;96.0;94.0;94.0;94.0;94.0;94.0;94.0;94.0;92.0;92.0;92.0;92.0;92.0;92.0;92.0;91.0;92.0;107.0;100.0;1;1;1;1;1;1;1;1;1;1;1;1;1;1;1;1;1;1;1;1;1;1;1;1;1;1;1;1;1;1;1
50660000;2;03/2012;1;1;107.0;91.0;95.871002;30;28;1;1;1;0.0;0;106.0;105.0;102.0;100.0;98.0;96.0;96.0;96.0;96.0;96.0;97.0;96.0;96.0;94.0;94.0;94.0;94.0;94.0;94.0;94.0;92.0;92.0;92.0;92.0;92.0;92.0;92.0;91.0;92.0;107.0;100.0;1;1;1;1;1;1;1;1;1;1;1;1;1;1;1;1;1;1;1;1;1;1;1;1;1;1;1;1;1;1;1
50660000;1;04/2012;1;1;100.0;94.0;95.0;1;6;0;0;0;;0;99.0;98.0;98.0;96.0;96.0;94.0;94.0;94.0;94.0;94.0;96.0;97.0;98.0;97.5;96.0;94.0;94.0;94.0;96.0;96.0;96.5;95.0;94.0;94.0;94.0;94.0;94.0;94.0;94.0;94.0;;1;1;1;1;1;1;1;1;1;1;1;1;1;1;1;1;1;1;1;1;1;1;1;1;1;1;1;1;1;1;0
50660000;2;04/2012;1;1;99.0;94.0;95.300003;1;6;1;1;1;0.0;0;99.0;98.0;98.0;96.0;96.0;94.0;94.0;94.0;94.0;94.0;96.0;97.0;98.0;98.0;96.0;94.0;94.0;94.0;96.0;96.0;96.0;95.0;94.0;94.0;94.0;94.0;94.0;94.0;94.0;94.0;;1;1;1;1;1;1;1;1;1;1;1;1;1;1;1;1;1;1;1;1;1;1;1;1;1;1;1;1;1;1;
50660000;1;05/2012;1;1;334.0;94.0;129.0;21;1;0;0;0;;0;94.0;94.0;94.0;94.0;94.0;94.0;94.0;94.0;94.0;94.0;94.0;94.0;94.0;94.0;94.0;94.0;94.0;100.0;120.5;137.0;264.0;300.0;255.0;211.0;166.0;161.0;154.0;144.0;138.0;135.0;125.0;;;;;;;;;;;;;;;;;;;;;1;1;1;1;;;;;;;
50660000;2;05/2012;1;1;300.0;94.0;129.2903;22;1;1;1;1;0.0;0;94.0;94.0;94.0;94.0;94.0;94.0;94.0;94.0;94.0;94.0;94.0;94.0;94.0;94.0;94.0;94.0;94.0;100.0;120.0;137.0;264.0;300.0;255.0;211.0;166.0;161.0;154.0;144.0;138.0;135.0;125.0;1;1;1;1;1;1;1;1;1;1;1;1;1;1;1;1;1;1;1;1;1;1;1;1;1;1;1;1;1;1;1
50660000;1;06/2012;1;1;142.0;104.0;116.0;25;10;0;0;0;;0;118.0;114.0;114.0;112.0;112.0;110.0;108.0;106.0;106.0;105.0;104.0;107.0;114.0;112.0;112.0;112.0;112.0;112.0;112.0;112.0;112.0;116.0;128.0;137.0;139.0;129.0;122.0;124.0;135.0;136.0;;1;1;1;1;1;1;1;1;1;1;1;1;1;1;1;1;1;1;1;1;1;1;1;1;1;1;1;1;1;1;0
50660000;2;06/2012;1;1;139.0;104.0;116.4;25;11;1;1;1;0.0;0;118.0;114.0;114.0;112.0;112.0;110.0;108.0;106.0;106.0;105.0;104.0;107.0;114.0;112.0;112.0;112.0;112.0;112.0;112.0;112.0;112.0;116.0;128.0;137.0;139.0;129.0;122.0;124.0;135.0;136.0;;1;1;1;1;1;1;1;1;1;1;1;1;1;1;1;1;1;1;1;1;1;1;1;1;1;1;1;1;1;1;
50660000;2;07/2012;1;1;147.0;108.0;121.4194;18;26;1;1;1;0.0;0;136.0;138.0;137.0;134.0;130.0;128.0;128.0;121.0;118.0;118.0;118.0;118.0;116.0;116.0;115.0;118.0;128.0;147.0;141.0;132.0;120.0;117.0;114.0;112.0;110.0;108.0;108.0;108.0;108.0;110.0;112.0;1;1;1;1;1;1;1;1;1;1;1;1;1;1;1;1;1;1;1;1;1;1;1;1;1;1;1;1;1;1;1
50660000;1;07/2012;1;1;148.0;108.0;121.0;18;26;0;0;0;;0;136.0;138.0;137.0;134.0;130.0;128.0;128.0;121.0;118.0;118.0;118.0;118.0;116.0;116.0;115.0;118.0;128.0;147.0;141.0;132.0;120.0;117.0;114.0;112.0;110.0;108.5;108.0;108.0;108.0;110.0;111.5;1;1;1;1;1;1;1;1;1;1;1;1;1;1;1;1;1;1;1;1;1;1;1;1;1;1;1;1;1;1;1
50660000;2;08/2012;1;1;140.0;106.0;118.1613;25;8;1;1;1;0.0;0;116.0;114.0;112.0;112.0;110.0;110.0;108.0;106.0;106.0;106.0;106.0;106.0;107.0;108.0;115.0;116.0;116.0;116.0;116.0;118.0;138.0;135.0;131.0;133.0;140.0;137.0;134.0;129.0;127.0;121.0;114.0;1;1;1;1;1;1;1;1;1;1;1;1;1;1;1;1;1;1;1;1;1;1;1;1;1;1;1;1;1;1;1
50660000;1;08/2012;1;1;140.0;104.0;118.0;25;9;2;2;2;;0;116.0;114.0;112.0;112.0;110.0;110.0;108.0;106.0;106.0;106.0;106.0;106.0;107.0;108.0;115.0;116.0;116.0;116.0;116.0;118.0;138.0;135.0;131.0;133.0;140.0;137.0;134.0;129.0;127.0;121.0;114.0;1;1;1;1;1;1;1;1;2;2;1;1;1;1;1;1;1;1;1;1;1;1;1;1;1;1;1;1;1;1;1
50660000;2;09/2012;1;1;124.0;106.0;114.6667;16;7;1;1;1;0.0;0;112.0;112.0;110.0;108.0;108.0;107.0;106.0;106.0;108.0;110.0;113.0;116.0;116.0;118.0;123.0;124.0;124.0;123.0;121.0;120.0;120.0;118.0;118.0;116.0;116.0;115.0;114.0;114.0;112.0;112.0;;1;1;1;1;1;1;1;1;1;1;1;1;1;1;1;1;1;1;1;1;1;1;1;1;1;1;1;1;1;1;
50660000;1;09/2012;1;1;124.0;106.0;115.0;16;6;0;0;0;;0;112.0;112.0;110.0;108.0;108.0;107.0;106.0;106.0;108.0;110.0;113.0;116.0;116.0;118.0;122.5;124.0;124.0;123.0;121.0;120.0;120.0;118.0;118.0;116.0;116.0;115.0;114.0;114.0;112.0;112.0;;1;1;1;1;1;1;1;1;1;1;1;1;1;1;1;1;1;1;1;1;1;1;1;1;1;1;1;1;1;1;0
50660000;2;10/2012;1;1;113.0;104.0;107.1935;8;18;1;1;1;0.0;0;112.0;111.0;110.0;110.0;108.0;108.0;110.0;113.0;113.0;112.0;110.0;108.0;108.0;106.0;106.0;106.0;105.0;104.0;104.0;104.0;106.0;106.0;106.0;106.0;106.0;105.0;104.0;104.0;104.0;104.0;104.0;1;1;1;1;1;1;1;1;1;1;1;1;1;1;1;1;1;1;1;1;1;1;1;1;1;1;1;1;1;1;1
50660000;1;10/2012;1;1;114.0;104.0;107.0;8;17;0;0;0;;0;112.0;111.0;110.0;110.0;108.0;108.0;110.5;113.0;113.0;112.0;110.0;108.0;108.0;106.0;106.0;106.0;105.0;104.0;104.0;104.0;106.0;106.0;106.0;106.0;106.0;105.0;104.0;104.0;104.0;104.0;104.0;1;1;1;1;1;1;1;1;1;1;1;1;1;1;1;1;1;1;1;1;1;1;1;1;1;1;1;1;1;1;1
50660000;2;11/2012;1;1;137.0;93.0;113.6667;14;30;1;1;1;0.0;0;104.0;104.0;104.0;106.0;107.0;112.0;120.0;128.0;124.0;123.0;119.0;118.0;117.0;137.0;132.0;124.0;126.0;124.0;124.0;124.0;122.0;119.0;117.0;110.0;96.0;94.0;94.0;94.0;94.0;93.0;;1;1;1;1;1;1;1;1;1;1;1;1;1;1;1;1;1;1;1;1;1;1;1;1;1;1;1;1;1;1;
50660000;1;11/2012;1;1;138.0;92.0;114.0;14;30;0;0;0;;0;104.0;104.0;104.0;106.0;107.0;112.0;120.0;128.0;124.0;123.0;119.0;118.0;117.0;137.0;132.0;124.0;126.0;124.0;124.0;124.0;122.0;119.0;117.0;110.0;96.0;94.0;94.0;94.0;94.0;93.0;;1;1;1;1;1;1;1;1;1;1;1;1;1;1;1;1;1;1;1;1;1;1;1;1;1;1;1;1;1;1;0
50660000;2;12/2012;1;1;92.0;84.0;87.967697;1;28;1;1;1;0.0;0;92.0;92.0;92.0;92.0;92.0;92.0;92.0;90.0;90.0;90.0;90.0;90.0;89.0;88.0;88.0;87.0;86.0;86.0;86.0;86.0;86.0;86.0;86.0;86.0;86.0;86.0;85.0;84.0;84.0;84.0;84.0;1;1;1;1;1;1;1;1;1;1;1;1;1;1;1;1;1;1;1;1;1;1;1;1;1;1;1;1;1;1;1
50660000;1;12/2012;1;1;92.0;84.0;88.0;1;27;0;0;0;;0;92.0;92.0;92.0;92.0;92.0;92.0;92.0;90.0;90.0;90.0;90.0;90.0;89.0;88.0;88.0;87.0;86.0;86.0;86.0;86.0;86.0;86.0;86.0;86.0;86.0;86.0;85.0;84.0;84.0;84.0;84.0;1;1;1;1;1;1;1;1;1;1;1;1;1;1;1;1;1;1;1;1;1;1;1;1;1;1;1;1;1;1;1
50660000;2;01/2013;1;1;87.0;83.0;84.7742;22;10;1;1;1;0.0;0;84.0;84.0;84.0;84.0;84.0;84.0;84.0;84.0;84.0;83.0;83.0;84.0;84.0;84.0;84.0;84.0;84.0;84.0;84.0;84.0;86.0;87.0;87.0;87.0;87.0;86.0;86.0;86.0;86.0;86.0;86.0;1;1;1;1;1;1;1;1;1;1;1;1;1;1;1;1;1;1;1;1;1;1;1;1;1;1;1;1;1;1;1
50660000;1;01/2013;1;1;87.0;83.0;85.0;22;10;0;0;0;;0;84.0;84.0;84.0;84.0;84.0;84.0;84.0;84.0;84.0;83.0;83.0;83.5;84.0;84.0;84.0;84.0;84.0;84.0;84.0;84.0;85.5;87.0;87.0;87.0;87.0;86.0;86.0;86.0;86.0;86.0;86.0;1;1;1;1;1;1;1;1;1;1;1;1;1;1;1;1;1;1;1;1;1;1;1;1;1;1;1;1;1;1;1
50660000;2;02/2013;1;1;86.0;84.0;85.142899;1;15;2;2;2;0.0;0;86.0;86.0;86.0;86.0;86.0;86.0;86.0;86.0;86.0;86.0;86.0;86.0;86.0;86.0;84.0;84.0;84.0;84.0;84.0;84.0;84.0;84.0;84.0;85.0;86.0;85.0;84.0;84.0;;;;1;1;1;1;1;1;1;1;1;1;1;1;1;1;1;1;1;1;1;1;1;1;1;1;1;1;1;2;;;
50660000;1;02/2013;1;1;;;;;;0;0;0;;0;86.0;86.0;86.0;86.0;86.0;86.0;86.0;86.0;86.0;86.0;86.0;86.0;86.0;86.0;84.0;84.0;84.0;84.0;84.0;84.0;84.0;84.0;84.0;85.0;86.0;85.0;84.0;;;;;1;1;1;1;1;1;1;1;1;1;1;1;1;1;1;1;1;1;1;1;1;1;1;1;1;1;1;0;0;0;0
50660000;2;03/2013;1;1;84.0;80.0;81.419403;1;15;1;1;1;0.0;0;84.0;84.0;82.0;82.0;82.0;82.0;82.0;82.0;82.0;82.0;82.0;82.0;82.0;82.0;80.0;80.0;80.0;80.0;82.0;82.0;82.0;80.0;80.0;80.0;80.0;80.0;80.0;80.0;80.0;82.0;84.0;1;1;1;1;1;1;1;1;1;1;1;1;1;1;1;1;1;1;1;1;1;1;1;1;1;1;1;1;1;1;1
50660000;1;03/2013;1;1;84.0;80.0;81.0;1;15;0;0;0;;0;84.0;84.0;82.0;82.0;82.0;82.0;82.0;82.0;82.0;82.0;82.0;82.0;82.0;82.0;80.0;80.0;80.0;80.0;82.0;82.0;81.5;80.5;80.0;80.0;80.0;80.0;80.0;80.0;80.0;82.0;84.0;1;1;1;1;1;1;1;1;1;1;1;1;1;1;1;1;1;1;1;1;1;1;1;1;1;1;1;1;1;1;1
50660000;2;04/2013;1;1;154.0;82.0;98.666702;30;17;1;1;1;0.0;0;84.0;83.0;83.0;84.0;84.0;86.0;88.0;87.0;86.0;86.0;86.0;86.0;84.0;84.0;84.0;83.0;82.0;84.0;86.0;88.0;105.0;101.0;104.0;108.0;142.0;144.0;139.0;133.0;132.0;154.0;;1;1;1;1;1;1;1;1;1;1;1;1;1;1;1;1;1;1;1;1;1;1;1;1;1;1;1;1;1;1;
50660000;1;04/2013;1;1;154.0;82.0;99.0;30;16;0;0;0;;0;84.0;83.0;83.0;84.0;84.0;86.0;88.0;87.0;86.0;86.0;86.0;86.0;84.0;84.0;84.0;83.0;82.0;84.0;86.0;88.0;105.0;101.0;104.0;108.0;142.0;144.0;139.0;133.0;132.5;154.0;;1;1;1;1;1;1;1;1;1;1;1;1;1;1;1;1;1;1;1;1;1;1;1;1;1;1;1;1;1;1;0
50660000;2;05/2013;1;1;264.0;116.0;180.871;27;8;1;1;1;0.0;0;156.0;179.0;166.0;154.0;141.0;127.0;121.0;116.0;121.0;214.0;254.0;254.0;240.0;222.0;192.0;162.0;154.0;166.0;184.0;198.0;190.0;171.0;148.0;127.0;124.0;120.0;264.0;221.0;220.0;258.0;243.0;1;1;1;1;1;1;1;1;1;1;1;1;1;1;1;1;1;1;1;1;1;1;1;1;1;1;1;1;1;1;1
50660000;1;05/2013;1;1;296.0;116.0;181.0;10;8;0;0;0;;0;156.0;179.0;166.0;154.5;141.0;127.0;121.0;116.0;121.0;214.0;254.0;254.5;239.5;222.0;192.0;162.0;154.0;166.0;183.5;197.5;190.0;171.0;148.0;127.0;124.0;120.0;264.0;221.0;220.0;258.0;243.0;1;1;1;1;1;1;1;1;1;1;1;1;1;1;1;1;1;1;1;1;1;1;1;1;1;1;1;1;1;1;1
50660000;1;06/2013;1;1;256.0;112.0;140.0;2;30;0;0;0;;0;225.0;255.0;146.0;134.0;129.0;137.0;144.0;150.0;154.0;151.0;144.0;140.0;135.0;129.0;125.0;131.0;135.0;131.0;134.0;138.0;138.0;135.0;132.0;127.0;122.0;116.0;116.0;115.0;114.0;113.0;;1;1;1;1;1;1;1;1;1;1;1;1;1;1;1;1;1;1;1;1;1;1;1;1;1;1;1;1;1;1;0
50660000;2;06/2013;1;1;255.0;113.0;139.8333;2;30;1;1;1;0.0;0;225.0;255.0;146.0;134.0;129.0;137.0;144.0;150.0;154.0;151.0;144.0;140.0;135.0;129.0;125.0;131.0;135.0;131.0;134.0;138.0;138.0;135.0;132.0;127.0;122.0;116.0;116.0;115.0;114.0;113.0;;1;1;1;1;1;1;1;1;1;1;1;1;1;1;1;1;1;1;1;1;1;1;1;1;1;1;1;1;1;1;
50660000;2;07/2013;1;1;395.0;106.0;175.1935;29;7;1;1;1;0.0;0;112.0;112.0;110.0;108.0;108.0;107.0;106.0;109.0;119.0;134.0;132.0;134.0;165.0;208.0;288.0;310.0;255.0;195.0;162.0;147.0;138.0;133.0;127.0;121.0;121.0;140.0;198.0;306.0;395.0;345.0;286.0;1;1;1;1;1;1;1;1;1;1;1;1;1;1;1;1;1;1;1;1;1;1;1;1;1;1;1;1;1;1;1
50660000;1;07/2013;1;1;416.0;106.0;175.0;29;6;0;0;0;;0;112.0;112.0;110.0;108.0;108.0;107.0;106.0;109.0;119.0;134.0;132.5;134.5;165.0;207.5;288.5;310.0;255.0;195.0;162.0;147.0;137.5;133.0;127.0;121.0;121.0;140.0;198.0;306.0;395.0;345.0;286.0;1;1;1;1;1;1;1;1;1;1;1;1;1;1;1;1;1;1;1;1;1;1;1;1;1;1;1;1;1;1;1
50660000;1;08/2013;1;1;256.0;122.0;146.0;1;5;0;0;0;;0;247.0;190.0;156.0;140.0;125.0;134.0;144.0;146.0;144.0;141.0;136.0;133.0;138.0;135.0;137.0;142.0;148.0;147.0;154.0;160.0;155.0;150.0;150.0;154.0;146.0;140.0;135.0;130.0;128.0;126.0;128.0;1;1;1;1;1;1;1;1;1;1;1;1;1;1;1;1;1;1;1;1;1;1;1;1;1;1;1;1;1;1;1
50660000;2;08/2013;1;1;247.0;125.0;146.4194;1;5;1;1;1;0.0;0;247.0;190.0;156.0;140.0;125.0;134.0;144.0;146.0;144.0;141.0;136.0;133.0;138.0;135.0;137.0;142.0;148.0;147.0;154.0;160.0;155.0;150.0;150.0;154.0;146.0;140.0;135.0;130.0;128.0;126.0;128.0;1;1;1;1;1;1;1;1;1;1;1;1;1;1;1;1;1;1;1;1;1;1;1;1;1;1;1;1;1;1;1
50660000;2;09/2013;1;1;138.0;104.0;120.2;8;29;1;1;1;0.0;0;125.0;123.0;120.0;118.0;116.0;116.0;132.0;138.0;135.0;129.0;126.0;129.0;135.0;133.0;127.0;126.0;124.0;121.0;118.0;116.0;115.0;114.0;114.0;113.0;111.0;110.0;108.0;106.0;104.0;104.0;;1;1;1;1;1;1;1;1;1;1;1;1;1;1;1;1;1;1;1;1;1;1;1;1;1;1;1;1;1;1;
50660000;1;09/2013;1;1;138.0;104.0;120.0;8;29;0;0;0;;0;125.0;123.0;120.0;118.0;116.0;116.5;132.5;138.0;135.0;129.0;126.0;129.0;135.0;133.0;127.0;126.0;124.0;121.0;118.5;116.0;115.0;114.0;114.0;113.0;111.0;110.0;108.0;106.0;104.0;104.0;;1;1;1;1;1;1;1;1;1;1;1;1;1;1;1;1;1;1;1;1;1;1;1;1;1;1;1;1;1;1;0
50660000;1;10/2013;1;1;261.0;102.0;147.0;12;3;0;0;0;;0;104.0;104.0;102.0;102.0;102.0;102.0;102.0;106.0;119.0;132.0;211.0;258.5;242.0;218.5;185.0;196.0;215.0;231.0;219.0;162.0;140.0;130.0;126.0;123.0;120.0;118.0;116.0;116.0;116.0;114.0;112.0;1;1;1;1;1;1;1;1;1;1;1;1;1;1;1;1;1;1;1;1;1;1;1;1;1;1;1;1;1;1;1
50660000;2;10/2013;1;1;258.0;102.0;146.5484;12;3;1;1;1;0.0;0;104.0;104.0;102.0;102.0;102.0;102.0;102.0;106.0;119.0;132.0;211.0;258.0;242.0;218.0;185.0;196.0;215.0;231.0;219.0;162.0;140.0;130.0;126.0;123.0;120.0;118.0;116.0;116.0;116.0;114.0;112.0;1;1;1;1;1;1;1;1;1;1;1;1;1;1;1;1;1;1;1;1;1;1;1;1;1;1;1;1;1;1;1
50660000;2;11/2013;1;1;117.0;102.0;107.5;5;18;1;1;1;0.0;0;112.0;110.0;110.0;116.0;117.0;113.0;111.0;110.0;108.0;106.0;106.0;105.0;104.0;104.0;106.0;106.0;106.0;102.0;103.0;106.0;107.0;110.0;108.0;108.0;107.0;108.0;104.0;104.0;104.0;104.0;;1;1;1;1;1;1;1;1;1;1;1;1;1;1;1;1;1;1;1;1;1;1;1;1;1;1;1;1;1;1;
50660000;1;11/2013;1;1;118.0;102.0;107.0;5;18;0;0;0;;0;112.0;110.0;110.0;116.0;117.0;113.0;111.0;110.0;108.0;106.0;106.0;105.0;104.0;104.0;106.0;106.0;106.0;102.0;103.0;106.0;107.0;110.0;108.0;108.0;107.0;107.5;104.0;104.0;104.0;104.0;;1;1;1;1;1;1;1;1;1;1;1;1;1;1;1;1;1;1;1;1;1;1;1;1;1;1;1;1;1;1;0
50660000;2;12/2013;1;1;140.0;98.0;111.0968;21;13;1;1;1;0.0;0;104.0;104.0;102.0;102.0;102.0;102.0;102.0;100.0;100.0;100.0;100.0;100.0;98.0;98.0;100.0;115.0;118.0;123.0;117.0;130.0;140.0;137.0;126.0;126.0;121.0;116.0;115.0;114.0;112.0;110.0;110.0;1;1;1;1;1;1;1;1;1;1;1;1;1;1;1;1;1;1;1;1;1;1;1;1;1;1;1;1;1;1;1
50660000;1;12/2013;1;1;140.0;98.0;111.0;21;13;0;0;0;;0;104.0;104.0;102.0;102.0;102.0;102.0;102.0;100.0;100.0;100.0;100.0;100.0;98.0;98.0;100.0;115.0;118.0;123.0;117.0;130.0;140.0;137.0;126.0;126.0;121.0;116.0;115.0;114.0;112.0;110.0;110.0;1;1;1;1;1;1;1;1;1;1;1;1;1;1;1;1;1;1;1;1;1;1;1;1;1;1;1;1;1;1;1
50660000;1;01/2014;1;1;110.0;90.0;100.0;1;25;0;0;0;;0;110.0;110.0;108.0;108.0;107.0;106.0;106.0;106.0;104.0;104.0;104.0;104.0;102.0;102.0;104.0;104.0;102.0;98.0;97.0;96.0;94.0;94.0;94.0;93.0;90.0;90.0;90.0;92.0;93.0;94.0;93.0;1;1;1;1;1;1;1;1;1;1;1;1;1;1;1;1;1;1;1;1;1;1;1;1;1;1;1;1;1;1;1
50660000;2;01/2014;1;1;110.0;90.0;99.967697;1;25;1;1;1;0.0;0;110.0;110.0;108.0;108.0;107.0;106.0;106.0;106.0;104.0;104.0;104.0;104.0;102.0;102.0;104.0;104.0;102.0;98.0;97.0;96.0;94.0;94.0;94.0;93.0;90.0;90.0;90.0;92.0;93.0;94.0;93.0;1;1;1;1;1;1;1;1;1;1;1;1;1;1;1;1;1;1;1;1;1;1;1;1;1;1;1;1;1;1;1
50660000;2;02/2014;1;1;123.0;95.0;107.3571;23;1;1;1;1;0.0;0;95.0;96.0;98.0;100.0;103.0;106.0;106.0;108.0;115.0;117.0;115.0;113.0;109.0;103.0;104.0;104.0;101.0;99.0;96.0;98.0;114.0;116.0;123.0;119.0;116.0;114.0;110.0;108.0;;;;1;1;1;1;1;1;1;1;1;1;1;1;1;1;1;1;1;1;1;1;1;1;1;1;1;1;1;1;;;
50660000;1;02/2014;1;1;124.0;94.0;107.0;23;1;0;0;0;;0;95.0;96.0;98.0;100.0;103.0;106.0;106.0;108.0;115.0;117.0;115.0;113.0;109.0;103.0;104.0;104.0;101.0;99.0;96.0;98.0;114.0;116.0;123.0;119.0;116.0;114.0;110.0;108.0;;;;1;1;1;1;1;1;1;1;1;1;1;1;1;1;1;1;1;1;1;1;1;1;1;1;1;1;1;1;0;0;0
50660000;2;03/2014;1;1;148.0;96.0;108.6452;5;29;1;1;1;0.0;0;111.0;114.0;117.0;130.0;148.0;139.0;124.0;110.0;108.0;106.0;104.0;102.0;102.0;102.0;102.0;100.0;103.0;115.0;119.0;110.0;112.0;105.0;103.0;100.0;100.0;98.0;98.0;98.0;96.0;96.0;96.0;1;1;1;1;1;1;1;1;1;1;1;1;1;1;1;1;1;1;1;1;1;1;1;1;1;1;1;1;1;1;1
50660000;1;03/2014;1;1;148.0;96.0;109.0;5;29;0;0;0;;0;111.0;114.0;117.0;130.0;148.0;139.0;124.0;110.0;108.0;106.0;104.0;102.0;102.0;102.0;102.0;100.0;103.0;115.0;119.0;110.0;112.0;105.0;103.0;100.0;100.0;98.0;98.0;98.5;96.5;96.0;96.0;1;1;1;1;1;1;1;1;1;1;1;1;1;1;1;1;1;1;1;1;1;1;1;1;1;1;1;1;1;1;1
50660000;2;04/2014;1;1;294.0;92.0;115.0667;28;6;1;1;1;0.0;0;94.0;94.0;94.0;93.0;93.0;92.0;92.0;92.0;94.0;94.0;94.0;94.0;94.0;95.0;96.0;96.0;96.0;96.0;97.0;99.0;100.0;111.0;120.0;119.0;110.0;120.0;236.0;294.0;188.0;165.0;;1;1;1;1;1;1;1;1;1;1;1;1;1;1;1;1;1;1;1;1;1;1;1;1;1;1;1;1;1;1;
50660000;1;04/2014;1;1;306.0;92.0;115.0;28;6;0;0;0;;0;94.0;94.0;94.0;93.0;93.0;92.0;92.0;92.0;94.0;94.0;94.0;94.0;94.5;95.0;96.0;96.0;96.0;96.0;97.0;99.0;100.0;111.0;120.0;119.0;110.5;120.0;236.0;294.0;188.0;165.0;;1;1;1;1;1;1;1;1;1;1;1;1;1;1;1;1;1;1;1;1;1;1;1;1;1;1;1;1;1;1;0
50660000;2;05/2014;1;1;227.0;112.0;139.9032;4;31;1;1;1;0.0;0;146.0;144.0;224.0;227.0;205.0;189.0;151.0;134.0;125.0;117.0;116.0;124.0;122.0;118.0;117.0;126.0;136.0;157.0;147.0;142.0;137.0;129.0;121.0;121.0;148.0;125.0;122.0;120.0;118.0;117.0;112.0;1;1;1;1;1;1;1;1;1;1;1;1;1;1;1;1;1;1;1;1;1;1;1;1;1;1;1;1;1;1;1
50660000;1;05/2014;1;1;236.0;112.0;140.0;4;31;0;0;0;;0;146.0;144.0;224.0;227.0;205.0;189.0;151.0;134.0;124.5;117.0;116.0;123.5;122.0;118.0;117.0;126.0;136.0;157.0;147.0;142.0;137.0;129.0;121.0;121.0;148.0;125.0;122.0;120.0;118.0;117.0;112.0;1;1;1;1;1;1;1;1;1;1;1;1;1;1;1;1;1;1;1;1;1;1;1;1;1;1;1;1;1;1;1
50660000;2;06/2014;1;1;148.0;108.0;130.46671;22;2;1;1;1;0.0;0;110.0;108.0;108.0;115.0;123.0;128.0;130.0;133.0;134.0;133.0;129.0;126.0;124.0;126.0;126.0;129.0;135.0;140.0;143.0;136.0;144.0;148.0;146.0;145.0;138.0;136.0;136.0;133.0;128.0;124.0;;1;1;1;1;1;1;1;1;1;1;1;1;1;1;1;1;1;1;1;1;1;1;1;1;1;1;1;1;1;1;
50660000;1;06/2014;1;1;148.0;106.0;130.0;22;3;0;0;0;;0;110.0;108.0;108.0;115.0;123.0;128.0;130.0;133.0;134.0;133.0;129.0;126.0;124.0;126.0;126.0;129.0;135.0;140.0;143.0;136.0;144.0;148.0;146.0;145.0;138.0;136.0;136.0;133.0;128.0;124.0;;1;1;1;1;1;1;1;1;1;1;1;1;1;1;1;1;1;1;1;1;1;1;1;1;1;1;1;1;1;1;0
50660000;2;07/2014;1;1;252.0;119.0;158.2258;24;2;1;1;1;0.0;0;120.0;119.0;122.0;126.0;140.0;160.0;157.0;144.0;151.0;147.0;140.0;134.0;126.0;130.0;136.0;135.0;138.0;137.0;144.0;164.0;170.0;197.0;226.0;252.0;247.0;229.0;201.0;165.0;153.0;149.0;146.0;1;1;1;1;1;1;1;1;1;1;1;1;1;1;1;1;1;1;1;1;1;1;1;1;1;1;1;1;1;1;1
50660000;1;07/2014;1;1;254.0;118.0;158.0;24;2;0;0;0;;0;120.0;119.0;122.0;126.0;140.0;160.0;157.0;144.5;151.0;147.0;140.0;133.5;126.0;130.0;136.0;135.0;138.0;137.0;144.0;164.0;170.0;197.0;226.0;252.0;247.0;229.0;201.0;165.0;153.0;149.0;146.0;1;1;1;1;1;1;1;1;1;1;1;1;1;1;1;1;1;1;1;1;1;1;1;1;1;1;1;1;1;1;1
50660000;2;08/2014;1;1;177.0;116.0;138.5484;3;30;1;1;1;0.0;0;150.0;156.0;177.0;176.0;153.0;145.0;151.0;154.0;148.0;140.0;128.0;126.0;126.0;126.0;127.0;128.0;139.0;160.0;165.0;152.0;143.0;139.0;131.0;125.0;123.0;120.0;119.0;118.0;118.0;116.0;116.0;1;1;1;1;1;1;1;1;1;1;1;1;1;1;1;1;1;1;1;1;1;1;1;1;1;1;1;1;1;1;1
50660000;1;08/2014;1;1;186.0;116.0;139.0;3;30;0;0;0;;0;150.0;156.0;177.0;176.0;153.0;145.0;151.0;154.0;148.0;140.0;128.0;126.0;126.0;126.0;127.5;128.0;139.0;160.0;165.0;152.0;143.0;139.0;131.0;125.0;123.0;120.0;119.0;118.0;118.0;116.0;116.0;1;1;1;1;1;1;1;1;1;1;1;1;1;1;1;1;1;1;1;1;1;1;1;1;1;1;1;1;1;1;1
50660000;2;09/2014;1;1;199.0;110.0;122.2667;26;24;2;2;2;0.0;0;114.0;114.0;112.0;112.0;112.0;116.0;118.0;116.0;116.0;114.0;117.0;127.0;132.0;132.0;128.0;129.0;126.0;121.0;118.0;116.0;114.0;114.0;112.0;110.0;110.0;199.0;152.0;132.0;119.0;116.0;;1;1;1;1;1;1;1;1;1;1;1;1;1;1;1;1;1;1;1;1;1;1;1;1;1;1;1;1;1;2;
50660000;1;09/2014;1;1;;;;;;0;0;0;;0;114.0;114.0;112.0;112.0;112.0;116.0;118.0;116.5;116.0;114.0;117.0;127.0;132.0;132.0;128.0;129.0;126.0;121.0;118.0;116.0;114.0;114.0;112.0;110.0;110.0;199.0;152.0;132.0;119.0;;;1;1;1;1;1;1;1;1;1;1;1;1;1;1;1;1;1;1;1;1;1;1;1;1;1;1;1;1;1;0;
50660000;2;10/2014;1;1;137.0;104.0;114.7419;6;30;1;1;1;0.0;0;114.0;112.0;115.0;119.0;134.0;137.0;132.0;125.0;121.0;126.0;123.0;121.0;120.0;118.0;116.0;116.0;114.0;112.0;110.0;108.0;108.0;107.0;106.0;106.0;106.0;106.0;106.0;106.0;105.0;104.0;104.0;1;1;1;1;1;1;1;1;1;1;1;1;1;1;1;1;1;1;1;1;1;1;1;1;1;1;1;1;1;1;1
50660000;1;10/2014;1;1;146.0;104.0;115.0;5;29;0;0;0;;0;114.0;112.0;115.0;119.0;134.0;137.0;132.0;125.0;121.0;126.5;123.0;121.0;120.0;118.0;116.0;116.0;114.0;112.0;110.0;108.5;108.0;107.0;106.0;106.0;106.0;106.0;106.0;106.0;105.0;104.0;104.0;1;1;1;1;1;1;1;1;1;1;1;1;1;1;1;1;1;1;1;1;1;1;1;1;1;1;1;1;1;1;1
50660000;2;11/2014;1;1;152.0;99.0;111.3333;21;16;1;1;1;0.0;0;104.0;104.0;104.0;104.0;104.0;106.0;106.0;106.0;106.0;104.0;103.0;102.0;102.0;100.0;100.0;99.0;99.0;103.0;108.0;136.0;152.0;144.0;139.0;131.0;126.0;120.0;111.0;109.0;104.0;104.0;;1;1;1;1;1;1;1;1;1;1;1;1;1;1;1;1;1;1;1;1;1;1;1;1;1;1;1;1;1;1;
50660000;1;11/2014;1;1;154.0;98.0;111.0;21;17;0;0;0;;0;104.0;104.0;104.0;104.0;104.0;105.5;106.0;106.0;105.5;104.0;103.5;102.0;102.0;100.0;100.0;99.0;99.0;103.0;108.5;136.0;152.0;143.5;139.0;131.0;126.0;120.0;111.0;109.0;104.0;104.0;;1;1;1;1;1;1;1;1;1;1;1;1;1;1;1;1;1;1;1;1;1;1;1;1;1;1;1;1;1;1;0
50660000;1;12/2014;1;1;112.0;94.0;101.0;18;31;0;0;0;;0;103.0;102.0;102.0;102.0;100.0;100.0;100.0;100.0;100.0;99.0;100.5;100.0;100.0;99.0;97.0;96.0;105.0;111.0;110.0;111.0;107.0;104.0;101.0;100.0;100.0;100.0;100.0;98.0;97.0;96.0;94.0;1;1;1;1;1;1;1;1;1;1;1;1;1;1;1;1;1;1;1;1;1;1;1;1;1;1;1;1;1;1;1
50660000;2;12/2014;1;1;111.0;94.0;101.129;18;31;1;1;1;0.0;0;103.0;102.0;102.0;102.0;100.0;100.0;100.0;100.0;100.0;99.0;101.0;100.0;100.0;99.0;97.0;96.0;105.0;111.0;110.0;111.0;107.0;104.0;101.0;100.0;100.0;100.0;100.0;98.0;97.0;96.0;94.0;1;1;1;1;1;1;1;1;1;1;1;1;1;1;1;1;1;1;1;1;1;1;1;1;1;1;1;1;1;1;
50660000;1;01/2015;1;1;126.0;90.0;97.0;9;21;0;0;0;;0;94.0;94.0;94.0;94.0;94.0;94.0;102.0;116.0;122.0;109.5;105.0;102.0;102.0;102.0;100.0;99.0;96.0;94.0;92.0;92.0;91.0;90.0;93.0;94.0;96.0;94.0;94.0;92.5;92.0;92.0;92.0;1;1;1;1;1;1;1;1;1;1;1;1;1;1;1;1;1;1;1;1;1;1;1;1;1;1;1;1;1;1;1
50660000;1;02/2015;1;1;104.0;90.0;95.0;25;5;0;0;0;;0;92.0;92.0;92.0;92.0;90.0;90.0;90.0;90.0;90.0;90.0;91.0;92.0;92.0;98.0;97.0;96.0;96.0;96.0;96.0;95.0;96.0;97.0;102.0;103.0;104.0;104.0;104.0;102.0;;;;1;1;1;1;1;1;1;1;1;1;1;1;1;1;1;1;1;1;1;1;1;1;1;1;1;1;1;1;0;0;0
50660000;1;03/2015;1;1;100.0;88.0;92.0;1;20;0;0;0;;0;100.0;98.0;97.0;98.0;96.0;96.0;96.0;96.0;95.0;92.0;92.0;92.0;92.0;91.0;90.0;90.0;90.0;90.0;90.0;88.0;89.0;90.0;90.0;90.0;92.0;92.0;90.0;89.0;88.0;88.0;88.0;1;1;1;1;1;1;1;1;1;1;1;1;1;1;1;1;1;1;1;1;1;1;1;1;1;1;1;1;1;1;1
50660000;1;04/2015;1;1;248.0;86.0;113.0;11;2;0;0;0;;0;88.0;86.0;86.0;86.0;86.0;86.0;86.0;86.0;88.0;94.0;213.0;211.0;150.0;134.0;131.0;122.0;122.0;117.0;110.0;108.0;106.0;104.0;104.0;103.0;109.0;112.0;116.0;113.0;109.0;112.0;;1;1;1;1;1;1;1;1;1;1;1;1;1;1;1;1;1;1;1;1;1;1;1;1;1;1;1;1;1;1;0
50660000;1;05/2015;1;1;344.0;104.0;187.0;27;13;0;0;0;;0;114.0;114.0;137.0;122.0;125.0;128.0;127.0;122.0;121.0;113.0;108.0;106.0;105.0;104.0;118.0;142.0;192.0;256.0;304.0;323.0;277.5;258.0;242.0;249.0;231.0;278.0;328.0;268.0;261.5;221.5;205.0;1;1;1;1;1;1;1;1;1;1;1;1;1;1;1;1;1;1;1;1;1;1;1;1;1;1;1;1;1;1;1
50660000;1;06/2015;1;1;290.0;144.0;187.0;8;20;0;0;0;;0;156.0;152.0;164.0;177.0;181.5;242.0;273.0;288.0;261.0;229.5;224.0;200.0;192.0;202.5;197.0;189.0;160.0;150.0;147.0;144.0;144.0;149.0;154.0;214.0;166.0;160.0;165.0;174.0;177.0;191.0;;1;1;1;1;1;1;1;1;1;1;1;1;1;1;1;1;1;1;1;1;1;1;1;1;1;1;1;1;1;1;0
50660000;1;08/2015;1;1;166.0;118.0;141.0;12;31;0;0;0;;0;131.0;135.0;138.0;136.0;134.0;143.0;146.0;148.0;150.0;154.0;163.0;165.0;160.0;158.0;157.0;156.0;154.0;152.0;151.0;146.0;139.0;136.0;133.0;128.0;126.0;126.0;124.0;122.0;120.0;121.0;119.0;1;1;1;1;1;1;1;1;1;1;1;1;1;1;1;1;1;1;1;1;1;1;1;1;1;1;1;1;1;1;1
50660000;1;09/2015;1;1;133.0;110.0;115.0;21;8;0;0;0;;0;118.0;116.0;116.0;115.0;114.0;112.0;112.0;110.5;110.0;110.0;110.0;110.0;110.0;110.0;112.0;112.0;112.0;116.0;125.0;132.0;130.5;128.0;124.0;117.0;114.0;114.0;114.0;112.0;111.0;110.0;;1;1;1;1;1;1;1;1;1;1;1;1;1;1;1;1;1;1;1;1;1;1;1;1;1;1;1;1;1;1;0
50660000;1;10/2015;1;1;114.0;100.0;106.0;10;28;0;0;0;;0;110.0;108.0;106.5;106.0;106.0;104.0;104.5;110.0;112.0;113.0;113.0;110.0;109.0;108.0;107.5;107.0;107.0;109.0;110.0;107.0;104.0;103.5;103.0;102.0;102.0;102.0;102.0;101.0;100.0;100.0;100.0;1;1;1;1;1;1;1;1;1;1;1;1;1;1;1;1;1;1;1;1;1;1;1;1;1;1;1;1;1;1;1
50660000;1;11/2015;1;1;100.0;94.0;97.0;1;22;0;0;0;;0;100.0;100.0;100.0;100.0;100.0;98.0;98.0;98.0;98.0;98.0;98.0;98.0;98.0;98.0;96.0;96.0;96.0;96.0;96.0;96.0;96.0;95.0;94.0;94.0;94.0;94.0;94.0;94.0;94.0;94.0;;1;1;1;1;1;1;1;1;1;1;1;1;1;1;1;1;1;1;1;1;1;1;1;1;1;1;1;1;1;1;0
50660000;1;12/2015;1;1;96.0;90.0;92.0;24;9;0;0;0;;0;94.0;94.0;94.0;94.0;94.0;93.0;92.0;92.0;90.0;90.0;90.0;90.0;90.0;90.0;90.0;90.0;90.0;91.5;90.0;90.0;90.0;92.0;94.0;95.0;96.0;94.0;94.0;93.0;93.0;92.0;90.0;1;1;1;1;1;1;1;1;1;1;1;1;1;1;1;1;1;1;1;1;1;1;1;1;1;1;1;1;1;1;1
50660000;1;01/2016;1;1;164.0;89.0;110.0;23;3;0;0;0;;0;90.0;90.0;89.5;89.0;89.0;91.0;111.0;112.0;100.0;99.0;100.0;100.0;100.0;98.0;98.0;98.0;98.0;103.0;112.0;124.0;124.0;141.0;163.0;153.0;143.0;133.0;123.0;113.0;113.0;113.0;112.0;1;1;1;1;1;1;1;1;1;1;1;1;1;1;1;1;1;1;1;1;1;1;1;1;1;1;1;1;1;1;1
50660000;1;02/2016;1;1;118.0;94.0;104.0;12;29;0;0;0;;0;112.0;110.0;109.0;108.0;106.0;104.0;103.0;102.0;100.0;100.0;109.0;117.0;112.0;108.0;105.0;102.0;100.0;100.0;100.0;111.0;108.0;106.0;104.0;100.0;100.0;98.0;97.0;96.0;94.0;;;1;1;1;1;1;1;1;1;1;1;1;1;1;1;1;1;1;1;1;1;1;1;1;1;1;1;1;1;1;0;0
50660000;1;03/2016;1;1;94.0;90.0;92.0;1;17;0;0;0;;0;94.0;94.0;94.0;94.0;94.0;94.0;94.0;92.0;92.0;92.0;92.0;92.0;92.0;92.0;92.0;92.0;90.0;90.0;90.0;90.0;90.0;90.0;90.0;90.0;90.0;90.0;90.0;90.0;90.0;91.0;92.0;1;1;1;1;1;1;1;1;1;1;1;1;1;1;1;1;1;1;1;1;1;1;1;1;1;1;1;1;1;1;1
50660000;1;04/2016;1;1;101.0;92.0;98.0;14;28;0;0;0;;0;97.0;98.0;96.0;96.0;98.0;98.0;96.0;96.0;96.0;98.0;98.5;100.0;100.0;101.0;101.0;100.0;100.0;100.0;100.0;100.0;99.0;98.0;98.0;96.0;96.0;94.0;94.0;93.0;97.0;94.0;;1;1;1;1;1;1;1;1;1;1;1;1;1;1;1;1;1;1;1;1;1;1;1;1;1;1;1;1;1;1;0
50660000;1;05/2016;1;1;223.0;92.0;119.0;27;9;0;0;0;;0;94.0;94.0;95.5;96.0;96.0;94.0;94.0;94.0;92.0;92.0;93.0;94.0;94.0;96.0;111.0;109.5;108.0;105.0;102.5;101.0;100.0;100.0;104.0;121.5;177.0;202.5;220.5;201.5;182.0;172.0;164.0;1;1;1;1;1;1;1;1;1;1;1;1;1;1;1;1;1;1;1;1;1;1;1;1;1;1;1;1;1;1;1
50660000;1;06/2016;1;1;164.0;110.0;127.0;1;7;0;0;0;;0;161.0;144.0;120.0;118.0;116.0;114.0;111.0;110.0;111.5;112.0;110.0;110.0;110.0;111.0;120.5;126.5;140.0;139.0;139.0;133.5;124.5;121.0;125.0;125.0;130.0;134.0;140.0;149.0;155.0;145.0;;1;1;1;1;1;1;1;1;1;1;1;1;1;1;1;1;1;1;1;1;1;1;1;1;1;1;1;1;1;1;0
50660000;1;07/2016;1;1;138.0;101.0;113.0;2;24;0;0;0;;0;135.5;138.0;136.0;134.0;132.0;124.5;122.5;119.0;118.0;117.0;116.0;116.0;114.0;113.0;111.0;110.0;108.0;107.0;106.0;104.0;104.0;103.0;102.0;101.0;101.0;101.0;101.0;101.0;101.0;101.0;112.5;1;1;1;1;1;1;1;1;1;1;1;1;1;1;1;1;1;1;1;1;1;1;1;1;1;1;1;1;1;1;1
50660000;1;08/2016;1;1;140.0;96.0;107.0;1;18;0;0;0;;0;136.0;125.5;118.0;114.5;114.5;111.0;108.5;105.5;104.0;102.5;101.0;100.0;100.0;99.0;99.0;98.0;98.0;96.0;97.0;97.0;97.0;96.0;96.0;101.0;114.5;117.5;116.5;115.0;114.0;111.0;109.0;1;1;1;1;1;1;1;1;1;1;1;1;1;1;1;1;1;1;1;1;1;1;1;1;1;1;1;1;1;1;1
50660000;1;09/2016;1;1;118.0;94.0;103.0;7;27;0;0;0;;0;105.5;104.0;102.0;107.0;111.0;116.0;117.0;115.0;111.0;108.0;105.0;104.0;104.0;102.0;101.5;101.0;101.0;100.0;100.0;99.0;98.0;97.5;98.0;98.0;97.0;96.0;94.0;94.0;97.0;97.0;;1;1;1;1;1;1;1;1;1;1;1;1;1;1;1;1;1;1;1;1;1;1;1;1;1;1;1;1;1;1;0
50660000;1;10/2016;1;1;98.0;86.0;93.0;28;29;0;0;0;;0;96.5;96.0;95.0;94.0;94.0;94.0;94.0;94.0;94.0;95.0;96.0;96.0;96.0;96.0;96.0;94.0;94.0;94.0;94.0;93.0;91.0;90.0;92.0;92.0;90.0;90.0;90.0;93.0;86.0;86.0;86.0;1;1;1;1;1;1;1;1;1;1;1;1;1;1;1;1;1;1;1;1;1;1;1;1;1;1;1;1;1;1;1
50660000;1;11/2016;1;1;87.0;82.0;85.0;8;28;0;0;0;;0;86.0;86.0;86.0;86.0;86.0;86.0;86.0;87.0;87.0;86.0;86.0;86.0;86.0;86.0;86.0;85.0;86.0;86.0;86.0;86.0;86.0;85.0;84.0;84.0;84.0;84.0;84.0;82.0;82.0;82.0;;1;1;1;1;1;1;1;1;1;1;1;1;1;1;1;1;1;1;1;1;1;1;1;1;1;1;1;1;1;1;0
50660000;1;12/2016;1;1;90.0;79.0;83.0;22;17;0;0;0;;0;82.0;82.0;81.5;82.0;82.0;82.0;82.0;82.0;81.5;80.5;80.0;80.0;80.0;80.0;80.0;80.0;79.5;79.0;81.0;82.0;89.0;90.0;89.0;90.0;90.0;88.0;87.0;86.0;86.0;84.0;84.0;1;1;1;1;1;1;1;1;1;1;1;1;1;1;1;1;1;1;1;1;1;1;1;1;1;1;1;1;1;1;1
50660000;1;01/2017;1;1;84.0;76.0;79.0;1;25;0;0;0;;0;84.0;84.0;82.0;82.0;82.0;81.0;80.0;81.0;81.0;81.0;81.0;81.5;80.0;80.0;80.0;80.0;80.0;80.0;80.0;79.0;78.5;78.0;78.0;78.0;76.0;76.0;76.0;76.0;76.0;76.0;76.0;1;1;1;1;1;1;1;1;1;1;1;1;1;1;1;1;1;1;1;1;1;1;1;1;1;1;1;1;1;1;1
50660000;1;02/2017;1;1;78.0;74.0;75.0;22;7;0;0;0;;0;76.0;76.0;76.0;76.0;76.0;76.0;74.0;74.0;74.0;75.0;75.0;75.0;75.0;75.0;75.0;75.0;75.0;75.0;75.0;75.0;75.0;78.0;77.0;75.5;75.0;75.0;75.0;75.0;;;;1;1;1;1;1;1;1;1;1;1;1;1;1;1;1;1;1;1;1;1;1;1;1;1;1;1;1;1;0;0;0
50660000;1;03/2017;1;1;134.0;75.0;82.0;30;1;0;0;0;;0;75.0;75.0;75.0;75.0;75.0;75.0;75.0;75.0;75.0;75.0;75.0;75.0;75.0;75.0;75.0;87.5;85.0;84.0;87.0;88.0;90.0;86.0;84.5;86.0;85.0;82.0;81.0;81.0;84.5;130.0;99.0;1;1;1;1;1;1;1;1;1;1;1;1;1;1;1;1;1;1;1;1;1;1;1;1;1;1;1;1;1;1;1
50660000;1;04/2017;1;1;102.0;88.0;94.0;9;14;0;0;0;;0;95.0;94.0;94.0;94.0;95.0;98.0;96.0;98.0;101.0;99.0;91.0;90.0;89.0;88.0;88.0;88.5;91.5;100.0;101.0;99.0;99.0;88.0;98.0;100.0;99.5;96.0;92.0;91.0;90.0;90.0;;1;1;1;1;1;1;1;1;1;1;1;1;1;1;1;1;1;1;1;1;1;1;1;1;1;1;1;1;1;1;0
50660000;1;05/2017;1;1;146.0;90.0;107.0;20;1;0;0;0;;0;91.0;94.0;108.5;116.0;123.0;116.0;114.0;114.0;112.0;110.0;107.0;99.0;94.0;95.0;94.0;94.0;94.0;94.0;136.0;143.0;125.0;115.0;106.0;100.0;99.0;96.0;102.0;105.0;110.0;109.0;109.0;1;1;1;1;1;1;1;1;1;1;1;1;1;1;1;1;1;1;1;1;1;1;1;1;1;1;1;1;1;1;1
50660000;1;06/2017;1;1;136.0;92.0;109.0;23;13;0;0;0;;0;104.0;101.0;98.0;96.0;96.0;96.0;97.5;98.0;100.0;98.0;96.0;94.0;92.0;92.0;92.0;96.0;98.5;110.0;125.5;123.0;119.5;117.0;136.0;136.0;136.0;135.5;126.0;121.0;121.0;126.0;;1;1;1;1;1;1;1;1;1;1;1;1;1;1;1;1;1;1;1;1;1;1;1;1;1;1;1;1;1;1;0
50660000;1;07/2017;1;1;146.0;100.0;119.0;31;20;1;1;1;;0;127.0;120.0;118.0;125.0;129.0;134.0;121.0;120.0;128.0;126.0;122.0;117.0;114.0;114.0;115.0;114.0;114.0;112.0;110.0;105.0;109.0;106.0;105.0;107.0;111.0;115.0;122.0;127.0;131.0;137.0;145.0;1;1;1;1;1;1;1;1;1;1;1;1;1;1;1;1;1;1;1;1;1;1;1;1;1;1;1;1;1;1;1
50660000;1;08/2017;1;1;146.0;98.0;111.0;1;20;0;0;0;;0;144.0;138.0;134.0;130.0;126.0;125.0;123.0;117.0;109.0;104.0;104.0;104.0;103.0;102.0;102.0;102.0;102.0;100.5;100.0;98.0;98.0;98.0;100.0;101.0;104.0;111.0;115.0;113.0;110.0;109.0;105.0;1;1;1;1;1;1;1;1;1;1;1;1;1;1;1;1;1;1;1;1;1;1;1;1;1;1;1;1;1;1;1
50660000;1;09/2017;1;1;156.0;104.0;124.0;19;1;0;0;0;;0;104.0;107.0;111.0;113.0;115.0;124.0;139.0;135.0;128.0;119.0;116.0;114.5;114.0;116.0;115.5;115.5;120.0;146.0;156.0;152.0;145.0;137.0;127.5;120.0;121.5;125.0;128.0;122.0;117.0;113.0;;1;1;1;1;1;1;1;1;1;1;1;1;1;1;1;1;1;1;1;1;1;1;1;1;1;1;1;1;1;1;0
50660000;1;10/2017;1;1;142.0;96.0;105.0;18;31;0;0;0;;0;109.0;106.0;106.0;104.0;102.0;102.0;102.0;104.0;104.5;104.0;104.0;102.0;100.0;100.0;98.0;98.0;100.0;125.0;132.0;122.0;117.0;112.0;107.0;103.0;100.5;100.0;100.5;100.0;98.0;98.0;96.0;1;1;1;1;1;1;1;1;1;1;1;1;1;1;1;1;1;1;1;1;1;1;1;1;1;1;1;1;1;1;1
50660000;1;11/2017;1;1;176.0;90.0;106.0;5;27;0;0;0;;0;95.0;94.0;127.0;162.0;175.0;150.0;135.0;122.0;119.0;105.0;103.0;100.0;98.5;97.0;96.0;97.0;96.0;96.0;95.5;94.0;94.0;94.0;94.0;94.0;92.0;91.5;90.0;90.0;90.0;90.0;;1;1;1;1;1;1;1;1;1;1;1;1;1;1;1;1;1;1;1;1;1;1;1;1;1;1;1;1;1;1;0
50660000;1;12/2017;1;1;126.0;85.0;101.0;12;7;0;0;0;;0;90.0;88.0;87.0;86.0;86.0;86.0;85.5;85.0;85.5;100.0;120.0;124.0;120.0;119.5;118.0;117.0;116.0;114.0;111.5;110.0;109.0;107.0;105.0;103.0;100.0;97.0;94.0;93.0;91.0;90.0;90.0;1;1;1;1;1;1;1;1;1;1;1;1;1;1;1;1;1;1;1;1;1;1;1;1;1;1;1;1;1;1;1
50660000;1;01/2018;1;1;98.0;78.0;83.0;2;27;0;0;0;;0;90.0;93.0;86.0;86.0;86.0;85.0;83.0;82.0;82.0;84.0;85.0;85.0;85.5;85.5;85.0;85.0;85.5;86.0;84.0;84.0;82.0;81.0;80.0;80.0;79.0;79.0;78.0;78.0;78.0;78.0;78.0;1;1;1;1;1;1;1;1;1;1;1;1;1;1;1;1;1;1;1;1;1;1;1;1;1;1;1;1;1;1;1
50660000;1;02/2018;1;1;86.0;74.0;79.0;17;11;0;0;0;;0;78.0;78.0;78.0;78.0;77.5;76.0;76.0;76.0;75.0;75.0;74.0;74.0;77.0;83.5;83.0;84.0;86.0;85.5;84.5;83.0;81.0;80.0;80.0;80.0;80.0;78.5;78.0;77.0;;;;;;;;;;;;;;;;;;;;;;;;;;;;;;;;0;0;0
50660000;1;03/2018;1;1;94.0;74.0;80.0;27;8;0;0;0;;0;77.0;78.0;78.0;78.0;77.5;78.0;77.0;74.0;74.0;74.0;74.0;76.0;81.0;78.0;78.0;78.0;77.0;76.0;76.0;76.0;76.0;77.0;78.0;86.0;90.0;91.0;93.0;92.0;90.0;89.0;87.5;1;1;1;1;1;1;1;1;1;1;1;1;1;1;1;1;1;1;1;1;1;1;1;1;1;1;1;1;1;1;1
50660000;1;04/2018;1;1;238.0;81.0;111.0;22;11;0;0;0;;0;86.0;86.0;84.0;84.0;84.0;84.0;84.0;84.0;82.0;82.0;81.5;81.5;82.0;82.0;82.0;82.0;82.0;84.0;85.5;91.0;181.0;237.0;218.0;177.0;170.0;159.0;144.0;129.0;125.0;119.0;;1;1;1;1;1;1;1;1;1;1;1;1;1;1;1;1;1;1;1;1;1;1;1;1;1;1;1;1;1;1;0
50660000;1;05/2018;1;1;266.0;104.0;134.0;31;16;0;0;0;;0;118.0;119.5;122.0;121.0;120.0;118.5;118.0;116.0;116.0;114.0;114.0;113.0;110.0;108.0;106.0;106.0;113.0;116.0;117.0;118.0;118.0;118.0;118.0;118.0;118.0;134.0;172.0;204.0;228.0;251.0;264.0;1;1;1;1;1;1;1;1;1;1;1;1;1;1;1;1;1;1;1;1;1;1;1;1;1;1;1;1;1;1;1
50660000;1;06/2018;1;1;254.0;132.0;161.0;1;29;0;0;0;;0;250.0;224.5;187.0;180.5;201.0;182.0;160.0;155.0;163.0;162.0;156.0;151.0;147.0;150.0;161.0;163.0;160.0;151.0;147.0;144.0;147.0;148.0;146.0;144.0;146.0;146.0;144.0;134.0;133.0;132.0;;1;1;1;1;1;1;1;1;1;1;1;1;1;1;1;1;1;1;1;1;1;1;1;1;1;1;1;1;1;1;0
50660000;1;07/2018;1;1;144.0;102.0;116.0;5;31;0;0;0;;0;133.0;136.0;136.0;141.0;141.0;133.0;129.0;125.0;121.0;118.0;118.0;116.0;115.0;112.0;112.0;110.0;108.0;107.0;106.0;107.0;112.0;110.0;109.0;106.0;105.0;104.0;104.0;104.0;104.0;104.0;102.5;1;1;1;1;1;1;1;1;1;1;1;1;1;1;1;1;1;1;1;1;1;1;1;1;1;1;1;1;1;1;1
50660000;1;08/2018;1;1;106.0;94.0;100.0;20;14;0;0;0;;0;102.0;102.0;100.0;100.0;98.0;98.0;98.0;98.0;98.0;97.0;98.0;97.0;96.0;95.0;94.0;94.0;94.0;95.5;102.0;106.0;104.0;102.0;100.0;100.0;100.0;100.0;101.5;106.0;106.0;106.0;105.0;1;1;1;1;1;1;1;1;1;1;1;1;1;1;1;1;1;1;1;1;1;1;1;1;1;1;1;1;1;1;1
50660000;1;09/2018;1;1;104.0;88.0;95.0;1;29;0;0;0;;0;104.0;103.0;101.0;100.0;98.0;98.0;98.0;98.0;98.0;98.0;98.0;98.0;98.0;97.5;96.0;96.0;94.0;94.0;94.0;92.5;92.0;91.0;90.0;90.0;90.0;90.0;90.0;89.5;88.0;88.0;;;;;;;;;;;;;;;;;;;;;;;;;;;;;;;;0
50660000;1;10/2018;1;1;110.0;84.0;91.0;24;17;0;0;0;;0;88.0;88.0;86.5;86.0;86.0;87.0;88.0;90.0;89.5;88.5;87.0;86.0;86.0;86.0;86.0;85.5;84.0;84.0;85.0;88.0;87.0;94.0;104.5;110.0;107.0;105.0;102.0;100.0;98.0;96.0;94.0;;;;;;;;;;;;;;;;;;;;;;;;;;;;;;;
50660000;1;11/2018;1;1;98.0;82.0;88.0;29;22;0;0;0;;0;94.0;93.0;89.0;86.5;86.0;86.0;86.0;93.0;94.0;92.0;92.0;90.0;88.0;87.5;86.5;86.0;86.0;86.0;85.5;84.5;84.0;83.0;82.0;82.0;82.0;82.0;83.5;89.5;98.0;97.0;;;;;;;;;;;;;;;;;;;;;;;;;;;;;;;;0
50660000;1;12/2018;1;1;110.0;80.0;103.0;8;2;0;0;0;;0;96.0;86.0;86.0;90.5;97.0;102.0;104.0;109.0;110.0;110.0;110.0;110.0;110.0;110.0;110.0;110.0;109.5;108.5;108.0;108.0;106.0;106.0;106.0;106.0;104.0;102.0;100.0;93.0;96.0;88.0;88.0;1;1;1;1;1;1;1;1;1;1;1;1;1;1;1;1;1;1;1;1;1;1;1;1;1;1;1;1;1;1;1
50660000;1;01/2019;1;1;89.0;70.0;78.0;5;5;2;2;2;;0;88.0;88.0;88.0;88.0;85.0;78.0;78.0;76.0;76.0;76.0;76.0;76.0;76.0;76.0;76.0;76.0;76.0;78.0;78.0;76.0;76.0;76.0;76.0;76.0;77.0;76.0;75.0;78.0;78.0;78.0;78.0;;;;;2;;;;;;;;;;;;;;;;;;;;;;;;;;
50660000;1;02/2019;1;1;86.0;68.0;75.0;8;24;0;0;0;;0;78.0;77.0;76.0;74.0;74.0;73.5;83.0;85.0;84.0;80.0;80.0;80.0;79.0;78.0;78.0;78.0;77.0;74.0;70.0;70.0;70.0;70.0;70.0;68.0;68.0;68.0;68.0;68.0;;;;;;;;;;;;;;;;;;;;;;;;;;;;;;;;0;0;0
50660000;1;03/2019;1;1;138.0;66.0;82.0;31;4;0;0;0;;0;68.0;68.0;67.0;66.0;72.0;74.0;74.0;74.0;73.0;72.0;72.0;72.0;71.0;68.5;72.0;74.0;74.0;74.0;74.0;74.0;74.0;74.5;88.0;82.0;86.0;101.0;116.0;114.0;107.0;125.0;137.0;1;1;1;1;1;1;1;1;1;1;1;1;1;1;1;1;1;1;1;1;1;1;1;1;1;1;1;1;1;1;1
50660000;1;04/2019;1;1;258.0;88.0;139.0;5;26;0;0;0;;0;136.0;145.0;170.0;185.0;234.0;219.0;187.0;210.0;182.0;169.0;171.0;164.0;152.0;129.0;121.0;120.0;119.5;118.0;115.0;111.0;110.0;109.0;107.0;103.0;100.0;93.0;96.0;94.0;94.0;93.0;;;;;;;;;;;;;;;;;;;;;;;;;;;;;;;;0
50660000;1;05/2019;1;1;98.0;80.0;92.0;17;6;0;0;0;;0;92.0;89.0;87.0;84.0;82.0;80.0;80.0;80.5;83.0;85.0;91.0;92.0;94.0;94.5;94.0;96.0;98.0;97.0;96.0;96.0;94.0;95.5;98.0;98.0;96.0;96.0;94.0;94.0;94.0;94.0;94.0;1;1;1;1;1;1;1;1;1;1;1;1;1;1;1;1;1;1;1;1;1;1;1;1;1;1;1;1;1;1;1
50660000;1;06/2019;1;1;200.0;92.0;139.0;13;1;0;0;0;;0;93.0;92.0;92.0;94.0;96.0;109.0;120.0;126.5;124.0;127.0;164.0;163.5;193.0;199.5;199.0;190.0;176.0;156.0;136.0;128.0;129.0;130.0;130.5;132.0;136.5;135.0;146.0;154.0;160.5;141.0;;1;1;1;1;1;1;1;1;1;1;1;1;1;1;1;1;1;1;1;1;1;1;1;1;1;1;1;1;1;1;0
50660000;1;07/2019;1;1;242.0;100.0;150.0;31;6;0;0;0;;0;123.0;120.0;118.0;113.0;104.0;100.0;100.0;154.0;176.0;182.0;178.0;176.0;159.0;142.0;136.0;133.0;131.0;127.0;124.0;125.0;128.0;132.0;139.0;148.0;163.0;168.0;171.0;182.5;210.0;236.0;241.0;1;1;1;1;1;1;1;1;1;1;1;1;1;1;1;1;1;1;1;1;1;1;1;1;1;1;1;1;1;1;1
50660000;1;08/2019;1;1;236.0;102.0;138.0;1;27;0;0;0;;0;234.0;220.0;210.0;206.0;198.0;191.0;181.0;158.0;129.0;118.0;127.0;148.0;142.5;129.0;125.0;120.5;118.0;116.0;115.0;114.0;111.0;108.0;106.0;105.0;104.0;104.0;103.0;102.0;107.0;115.5;113.0;1;1;1;1;1;1;1;1;1;1;1;1;1;1;1;1;1;1;1;1;1;1;1;1;1;1;1;1;1;1;1
50660000;1;09/2019;1;1;184.0;102.0;119.0;12;6;0;0;0;;0;110.0;110.0;109.0;106.0;104.0;102.0;102.0;102.0;111.0;147.0;165.0;177.0;174.0;150.0;145.0;132.0;120.0;116.0;114.0;113.0;109.0;107.0;106.0;104.0;104.0;104.0;110.0;109.0;105.0;102.0;;1;1;1;1;1;1;1;1;1;1;1;1;1;1;1;1;1;1;1;1;1;1;1;1;1;1;1;1;1;1;0
50660000;1;10/2019;1;1;132.0;90.0;104.0;8;30;0;0;0;;0;100.0;110.0;117.0;125.5;121.0;126.0;126.5;131.0;126.0;114.0;108.0;106.0;104.0;102.0;101.0;100.0;98.0;96.0;96.0;94.0;94.0;94.0;94.0;92.0;92.0;92.0;92.0;91.0;91.0;90.0;94.0;;;;;;;;;;;;;;;;;;;;;;;;;;;;;;;
50660000;1;11/2019;1;1;114.0;84.0;89.0;29;17;0;0;0;;0;92.0;91.5;90.0;90.0;90.0;89.0;88.0;88.0;88.0;88.0;88.0;88.0;88.0;86.0;85.0;85.0;84.0;84.0;84.0;84.0;84.0;84.0;84.0;84.0;84.0;85.0;92.0;101.0;113.0;109.5;;1;1;1;1;1;1;1;1;1;1;1;1;1;1;1;1;1;1;1;1;1;1;1;1;1;1;1;1;1;1;0
50660000;1;12/2019;1;1;142.0;80.0;87.0;31;22;0;0;0;;0;102.0;100.0;95.0;90.0;88.0;86.0;86.0;86.0;86.0;85.0;84.0;84.0;84.0;84.0;84.0;84.0;84.0;84.0;84.0;84.0;82.0;80.0;80.0;80.0;80.0;80.0;80.0;80.0;84.0;84.0;132.5;1;1;1;1;1;1;1;1;1;1;1;1;1;1;1;1;1;1;1;1;1;1;1;1;1;1;1;1;1;1;1
50660000;1;01/2020;1;1;164.0;80.0;95.0;1;16;2;2;2;;0;161.0;141.0;124.0;112.0;101.0;96.0;96.0;96.0;94.0;94.0;94.0;92.0;92.0;91.0;91.0;90.0;87.0;84.0;84.0;83.0;82.0;83.0;87.0;93.0;93.0;90.0;90.0;88.0;87.0;84.0;83.0;;;;;;;;;;;;;;;;2;;;;;;;;;;;;;;;
50660000;1;02/2020;1;1;110.0;82.0;91.0;7;1;0;0;0;;0;82.0;82.0;82.0;83.0;86.0;91.0;108.5;98.0;98.0;98.0;97.0;95.0;95.0;95.5;96.0;95.5;94.5;93.0;91.0;91.0;90.5;92.0;92.0;90.0;88.0;87.5;86.5;87.0;84.5;;;;;;;;;;;;;;;;;;;;;;;;;;;;;;;;0;0
50660000;1;03/2020;1;1;304.0;80.0;143.0;27;5;0;0;0;;0;84.0;84.0;82.5;81.5;80.0;80.0;84.0;84.0;94.0;113.0;123.0;120.0;106.0;98.0;98.0;98.5;97.0;96.0;94.0;92.0;93.0;116.0;142.0;287.0;263.0;204.0;298.5;298.5;299.0;292.0;262.0;1;1;1;1;1;1;1;1;1;1;1;1;1;1;1;1;1;1;1;1;1;1;1;1;1;1;1;1;1;1;1
50660000;1;04/2020;1;1;285.0;102.0;167.0;24;17;0;0;0;;0;248.0;242.0;233.0;218.5;196.0;172.0;148.0;133.0;124.0;122.0;119.0;117.0;113.5;115.0;107.0;104.0;102.0;102.0;110.5;109.5;110.5;108.5;114.0;277.5;276.0;271.5;251.0;245.0;222.0;209.0;;;;;;;;;;;;;;;;;;;;;;;;;;;;;;;;0
50660000;1;05/2020;1;1;662.0;138.0;312.0;22;3;0;0;0;;0;188.0;173.0;146.0;147.0;147.0;145.5;145.5;144.5;164.0;365.0;361.0;350.5;369.5;376.0;355.0;286.0;228.0;193.5;220.5;520.0;564.5;653.0;599.0;535.0;465.0;404.0;351.0;323.0;280.0;244.5;223.0;;;;;;;;;;;;;;;;;;;;;;;;;;;;;;;
50660000;1;06/2020;1;1;240.0;156.0;198.0;1;15;0;0;0;;0;234.0;228.0;211.5;204.0;206.0;212.0;205.0;200.0;199.0;189.0;175.5;166.5;159.5;160.0;158.0;160.0;189.0;193.5;201.0;192.0;188.0;177.5;178.0;193.0;209.0;220.5;233.5;234.0;239.5;228.0;;;;;;;;;;;;;;;;;;;;;;;;;;;;;;;;0
50660000;1;07/2020;1;1;290.0;136.0;212.0;25;7;0;0;0;;0;201.5;168.5;158.5;140.0;137.5;139.0;136.0;173.0;232.0;235.0;255.5;250.5;273.0;259.5;227.0;196.5;186.5;187.0;186.5;179.0;225.5;258.0;270.0;242.5;287.0;246.0;242.0;226.0;223.0;218.0;226.5;;;;;;;;;;;;;;;;;;;;;;;;;;;;;;;1
50660000;1;08/2020;1;1;248.0;134.0;179.0;7;31;0;0;0;;0;230.0;210.0;200.0;211.5;238.5;240.0;246.5;243.0;238.5;225.0;206.5;190.5;189.0;181.0;169.0;161.5;159.0;157.0;156.0;152.5;147.0;143.5;140.5;139.5;148.5;145.5;141.5;138.5;136.5;135.0;134.0;1;1;1;1;1;1;1;1;1;1;1;1;1;1;1;1;1;1;1;1;1;1;1;1;1;1;1;1;1;1;1
50660000;1;09/2020;1;1;148.0;120.0;134.0;15;30;0;0;0;;0;138.0;139.0;137.5;138.5;136.5;135.0;135.5;139.0;143.0;144.0;141.0;139.0;138.0;140.0;148.0;145.0;140.0;136.0;133.0;130.5;131.0;136.5;128.0;125.5;124.0;125.5;124.0;122.0;121.0;120.0;;1;1;1;1;1;1;1;1;1;1;1;1;1;1;1;1;1;1;1;1;1;1;1;1;1;1;1;1;1;1;0
50660000;1;10/2020;1;1;192.0;110.0;122.0;31;17;0;0;0;;0;122.0;120.5;119.5;118.0;117.0;116.0;116.0;115.0;115.0;114.0;114.0;113.0;112.0;111.5;111.0;111.0;110.0;110.0;118.5;121.0;116.5;114.0;113.0;112.0;111.0;111.0;155.5;150.5;142.0;172.5;191.0;;;;;;;;;;;;;;;;;;;;;;;;;;;;;;;
50660000;1;11/2020;1;1;347.0;111.0;153.0;8;23;0;0;0;;0;160.0;135.0;130.5;129.0;173.5;200.0;309.0;345.0;311.5;239.0;180.0;140.5;130.0;123.5;120.5;118.5;116.5;115.0;114.0;113.0;112.5;112.0;111.5;111.0;112.0;113.5;124.5;127.5;126.0;131.0;;1;1;1;1;1;1;1;1;1;1;1;1;1;1;1;1;1;1;1;1;1;1;1;1;1;1;1;1;1;1;0
50660000;1;12/2020;1;1;149.0;101.0;112.0;18;31;0;0;0;;0;130.0;123.5;118.5;114.5;112.5;110.5;109.0;109.0;107.0;106.0;105.0;104.0;104.0;104.0;103.0;111.5;139.5;145.5;129.0;119.0;113.5;108.5;106.5;105.0;104.0;105.0;106.0;104.0;103.0;102.0;101.5;;;;;;;;;;;;;;;;;;;;;;;;;;;;;;;
50660000;1;01/2021;1;1;115.0;98.0;103.0;21;9;0;0;0;;0;100.5;100.0;100.0;100.0;100.0;100.0;100.0;100.0;98.0;98.0;98.0;101.0;106.0;105.0;105.5;108.5;105.5;104.0;102.0;101.5;114.5;110.5;106.5;105.0;104.0;104.0;104.0;105.0;106.0;105.0;105.0;1;1;1;1;1;1;1;1;1;1;1;1;1;1;1;1;1;1;1;1;1;1;1;1;1;1;1;1;1;1;1
50660000;1;02/2021;1;1;139.0;93.0;102.0;2;22;0;0;0;;0;133.0;137.5;137.0;116.0;109.5;105.5;103.0;101.0;100.0;99.0;98.0;98.0;97.0;97.0;96.0;95.0;95.0;95.0;95.0;94.0;94.0;93.5;94.0;93.0;93.0;93.0;93.0;94.0;;;;1;1;1;1;1;1;1;1;1;1;1;1;1;1;1;1;1;1;1;1;1;1;1;1;1;1;1;1;0;0;0
50660000;1;03/2021;1;1;98.0;91.0;93.0;3;17;0;0;0;;0;96.0;97.0;98.0;97.0;95.5;94.5;94.0;93.0;93.0;92.0;92.0;92.0;92.5;94.0;92.0;92.0;91.0;91.0;92.5;92.5;92.0;94.0;97.0;95.0;95.0;93.0;92.0;92.0;92.0;92.0;92.0;1;1;1;1;1;1;1;1;1;1;1;1;1;1;1;1;1;1;1;1;1;1;1;1;1;1;1;1;1;1;1
50660000;1;04/2021;1;1;237.0;90.0;121.0;24;4;0;0;0;;0;92.0;92.0;91.0;90.0;95.0;93.0;95.0;95.0;100.0;104.0;103.5;100.0;98.0;96.5;95.0;95.0;103.5;103.5;100.5;121.0;116.0;129.5;180.5;219.5;175.0;191.0;168.0;151.0;167.0;169.0;;1;1;1;1;1;1;1;1;1;1;1;1;1;1;1;1;1;1;1;1;1;1;1;1;1;1;1;1;1;1;0
50660000;1;05/2021;1;1;208.0;108.0;147.0;2;29;0;0;0;;0;179.0;204.0;178.0;156.0;164.0;165.0;167.5;175.5;179.0;171.5;154.5;153.0;155.0;159.0;160.5;158.0;152.0;152.0;149.0;141.0;133.0;124.5;121.0;118.0;114.5;114.0;112.0;110.0;108.0;108.0;108.0;1;1;1;1;1;1;1;1;1;1;1;1;1;1;1;1;1;1;1;1;1;1;1;1;1;1;1;1;1;1;1
50660000;1;06/2021;1;1;210.0;106.0;130.0;24;1;0;0;0;;0;106.0;111.0;112.0;116.5;116.0;116.0;114.0;114.0;113.5;112.0;112.0;110.0;110.0;126.0;124.0;121.0;116.5;113.5;111.0;110.0;154.0;169.5;199.0;203.0;173.0;161.0;152.0;139.0;133.0;127.0;;1;1;1;1;1;1;1;1;1;1;1;1;1;1;1;1;1;1;1;1;1;1;1;1;1;1;1;1;1;1;0
50660000;1;07/2021;1;1;259.0;125.0;191.0;26;1;0;0;0;;0;125.0;126.5;138.0;165.0;173.0;173.0;213.0;193.0;188.0;195.0;204.5;207.5;224.0;240.5;230.5;209.0;189.0;172.0;155.0;157.5;150.5;146.0;145.5;168.0;192.0;248.0;251.5;232.5;234.5;234.5;231.0;1;1;1;1;1;1;1;1;1;1;1;1;1;1;1;1;1;1;1;1;1;1;1;1;1;1;1;1;1;1;1
50660000;1;08/2021;1;1;212.0;126.0;149.0;1;21;0;0;0;;0;209.0;193.5;189.0;186.0;184.0;182.0;166.0;162.5;157.0;151.0;144.0;140.5;135.0;132.5;131.0;130.0;129.0;128.0;129.0;128.5;126.0;128.0;154.0;149.0;146.0;140.0;135.5;131.5;130.5;128.0;127.5;1;1;1;1;1;1;1;1;1;1;1;1;1;1;1;1;1;1;1;1;1;1;1;1;1;1;1;1;1;1;1
50660000;1;09/2021;1;1;130.0;110.0;117.0;4;21;0;0;0;;0;126.5;125.0;128.5;130.0;128.0;123.5;120.0;122.0;120.0;122.5;120.0;118.0;118.0;116.0;116.0;114.0;114.0;112.0;112.0;111.0;110.0;110.0;110.0;112.0;112.0;118.0;116.5;114.5;112.5;111.0;;;;;;;;;;;;;;;;;;;;;;;;;;;;;;;;0
50660000;1;10/2021;1;1;116.0;100.0;105.0;22;15;0;0;0;;0;110.0;109.0;108.0;106.0;105.0;104.0;104.0;103.0;103.0;102.0;102.0;102.0;101.0;101.0;100.0;100.0;101.0;101.0;100.0;100.0;100.0;110.5;110.0;114.0;111.5;108.5;107.0;109.0;110.0;111.0;110.0;1;1;1;1;1;1;1;1;1;1;1;1;1;1;1;1;1;1;1;1;1;1;1;1;1;1;1;1;1;1;1
50660000;1;11/2021;1;1;171.0;106.0;132.0;9;4;0;0;0;;0;110.0;110.0;107.0;106.0;125.0;163.0;156.0;167.0;166.5;140.5;130.0;122.5;114.5;113.0;118.0;138.0;170.0;159.5;146.0;133.0;123.5;121.5;123.0;119.5;124.5;124.0;121.5;122.0;141.0;131.0;;;;;;;;;;;;;;;;;;;;;;;;;;;;;;;;0
50660000;1;12/2021;1;1;425.0;119.0;168.0;7;21;2;2;2;;0;126.0;121.0;120.0;128.0;140.0;260.0;425.0;371.0;275.0;214.0;173.0;165.0;166.0;159.0;148.0;137.0;131.0;127.0;124.0;121.0;119.0;120.0;123.0;129.0;151.0;152.0;153.0;166.0;174.0;149.0;137.0;1;1;1;1;1;1;1;1;1;1;1;1;1;1;1;1;1;1;1;1;1;1;1;1;1;2;1;1;1;1;1
50660000;1;01/2022;1;1;158.0;108.0;124.0;25;14;0;0;0;;0;141.0;150.0;135.0;124.0;119.5;119.0;115.0;113.5;112.0;112.5;112.0;111.0;109.5;108.0;118.0;128.5;123.5;119.0;115.0;113.5;114.0;117.0;134.0;140.0;157.0;154.0;137.0;130.5;124.0;130.0;121.5;;;;;;;;1;;;;;;;;;;;;;;;;;;;;;;;
50660000;1;02/2022;1;1;124.0;103.0;109.0;11;19;2;2;2;;0;119.0;116.0;113.0;111.0;110.0;109.0;108.0;106.0;105.0;104.0;124.0;115.0;106.0;115.0;112.0;108.0;107.0;105.0;103.0;103.0;108.0;106.0;105.0;105.0;103.0;107.0;106.0;105.0;;;;;;;;;;;;;;;2;;;;;;;;;;;;;;;;;0;0;0
50660000;1;03/2022;1;1;170.0;103.0;121.0;5;2;2;2;2;;0;104.0;103.0;112.0;158.0;170.0;154.0;138.0;132.0;129.0;121.0;118.0;117.0;115.0;114.0;114.0;118.0;117.0;116.0;116.0;112.0;111.0;109.0;138.0;124.0;116.0;113.0;110.0;110.0;109.0;110.0;108.0;;;;;;2;;;;;;2;;;;;;;;;;;;;;;;2;;;
50660000;1;04/2022;1;1;140.0;100.0;113.0;21;13;2;2;2;;0;109.0;108.0;111.0;112.0;115.0;110.0;108.0;105.0;105.0;104.0;102.0;101.0;100.0;100.0;100.0;100.0;102.0;107.0;110.0;128.0;140.0;135.0;130.0;127.0;124.0;118.0;120.0;123.0;122.0;119.0;;;;;;;;;;2;;;;;;2;;;;;;;;;2;;;;;;;0
50660000;1;05/2022;1;1;172.0;106.0;124.0;25;8;2;2;2;;0;117.0;117.0;113.0;112.0;110.0;108.0;107.0;106.0;118.0;122.0;117.0;125.0;118.0;114.0;112.0;109.0;108.0;106.0;106.0;129.0;148.0;149.0;150.0;164.0;172.0;145.0;135.0;130.0;127.0;127.0;124.0;1;1;1;1;1;1;2;1;1;1;1;1;1;1;2;1;1;1;1;1;1;2;1;1;1;1;1;1;1;1;1
50660000;1;06/2022;1;1;137.0;106.0;120.0;22;18;2;2;2;;0;120.0;119.0;121.0;123.0;128.0;127.0;124.0;120.0;117.0;116.0;114.0;112.0;110.0;110.0;110.0;109.0;108.0;106.0;107.0;108.0;135.0;137.0;135.0;135.0;133.0;130.0;128.0;126.0;122.0;118.0;;;;;;;;;;;;2;;;;;;;;2;;;;;;2;2;;;;;0
50660000;1;07/2022;1;1;194.0;112.0;133.0;13;6;2;2;2;;0;115.0;114.0;113.0;114.0;115.0;112.5;112.0;117.0;119.0;118.0;115.5;126.0;192.0;194.0;184.5;174.0;163.5;147.5;146.0;139.5;133.5;132.0;130.0;127.5;122.5;123.0;131.5;132.0;126.5;123.5;119.5;;;;;;;;;;2;;;;;;2;;;;;;;;2;;;;;;;2
50660000;1;08/2022;1;1;143.0;109.0;120.0;22;12;2;2;2;;0;118.5;116.0;114.0;116.5;116.0;114.5;114.0;114.0;112.5;112.0;110.5;109.5;110.5;118.5;119.5;122.0;123.0;123.0;118.0;116.5;136.0;142.5;142.5;139.5;134.0;125.0;121.0;117.5;114.5;113.0;113.5;;;;;;;;;;;;;2;;;;;;;;2;;;;;;;2;;;
50660000;1;09/2022;1;1;183.0;104.0;125.0;4;26;2;2;2;;0;114.5;144.5;163.5;177.5;179.5;165.0;148.5;140.0;135.0;131.0;126.0;123.0;122.0;119.5;116.5;114.5;113.0;111.5;117.0;118.0;111.5;109.5;108.0;106.5;105.5;104.5;104.0;104.0;104.0;104.0;;;;;;;;;;;;;;;;2;;;;;;;;;;2;;;;;;0
50660000;1;10/2022;1;1;164.0;97.0;106.0;26;8;2;2;2;;0;101.5;100.5;100.0;99.0;99.0;99.0;99.0;97.5;97.5;98.0;99.0;102.5;103.0;103.0;102.0;100.5;99.5;99.0;98.5;98.0;99.0;98.0;98.5;99.5;116.0;149.5;152.0;137.0;122.0;114.0;109.5;2;;;;;;1;2;2;;1;2;;;1;2;;;;;;;;;;;;;2;2;
50660000;1;11/2022;1;1;265.0;100.0;117.0;30;24;0;0;0;;0;107.5;105.0;107.0;122.5;116.5;114.0;111.0;109.0;110.5;113.0;111.0;121.0;126.0;119.0;115.5;111.0;108.5;106.5;104.5;105.5;103.0;102.0;102.0;100.5;100.0;100.0;112.0;136.0;166.5;256.5;;;;;;;1;;;;;;;;;;;;;;;;;;;;;;;;;0
50660000;1;12/2022;1;1;576.0;111.0;213.0;3;31;2;2;2;;0;281.0;390.5;559.5;474.0;423.5;354.5;343.0;326.0;289.0;261.0;237.0;210.5;186.0;166.5;152.0;143.0;138.5;131.5;133.5;128.0;121.5;117.5;117.5;115.0;112.5;115.5;117.5;116.0;115.5;113.5;111.5;;;2;2;;;;;;;;;;;;;2;;;;;;2;;;;;;;;
50660000;1;01/2023;1;1;208.0;102.0;122.0;5;30;0;0;0;;0;112.0;139.0;162.5;170.0;204.0;186.5;149.5;131.5;122.0;118.5;114.5;113.5;113.0;111.5;111.5;111.0;110.5;110.0;110.0;112.0;110.0;108.0;109.0;108.5;106.5;105.0;104.0;103.0;103.0;102.5;102.5;;;;;;;;;;;;;;1;;;;;;;;;;;;;;;;;
50660000;1;02/2023;1;1;130.0;98.0;106.0;27;16;2;2;2;;0;107.5;118.5;116.0;117.5;117.0;109.5;105.5;103.5;102.0;102.0;102.0;102.0;100.0;100.0;99.0;98.0;98.5;98.0;98.0;98.5;100.0;101.0;102.0;101.0;102.0;111.5;128.0;122.0;;;;;;;;2;;;;;;;;;;;;2;;;;;;;2;;;;;0;0;0
50660000;1;03/2023;1;1;172.0;93.0;125.0;23;11;2;2;2;;0;120.0;112.0;107.0;104.0;103.0;102.0;100.0;100.0;99.0;98.0;93.0;100.0;101.0;116.0;119.0;114.0;108.0;104.0;117.0;120.0;137.0;169.0;172.0;169.0;159.0;157.0;160.0;172.0;156.0;138.0;141.0;1;1;1;1;2;1;1;1;1;1;1;1;1;1;1;1;1;1;1;1;1;1;1;1;1;1;1;1;1;1;1
50660000;1;04/2023;1;1;161.0;103.0;123.0;30;21;2;2;2;;0;145.5;137.0;126.0;117.5;119.5;142.0;152.5;159.5;144.0;129.5;123.0;118.0;114.5;112.5;111.5;110.0;108.0;105.5;105.0;104.0;103.5;105.5;120.0;122.5;116.5;113.5;113.5;130.0;142.5;149.5;;;;;;;;2;;;;;;;;;;;;;;;;;;;;;;;;0
50660000;1;05/2023;1;1;464.0;115.0;212.0;28;17;0;0;0;;0;181.5;161.5;151.5;164.5;163.0;162.0;185.0;167.0;139.0;132.0;131.0;133.0;134.0;124.0;126.5;121.0;115.5;122.0;138.5;127.5;122.5;121.5;253.5;335.0;346.0;382.0;417.0;459.0;451.5;437.0;359.5;1;1;1;1;1;1;1;1;1;1;1;1;1;1;1;1;1;1;1;1;1;1;1;1;1;1;1;1;1;1;1
