EstacaoCodigo;NivelConsistencia;Data;MediaDiaria;TipoMedicaoCotas;Maxima;Minima;Media;DiaMaxima;DiaMinima;MaximaStatus;MinimaStatus;MediaStatus;MediaAnual;MediaAnualStatus;Cota01;Cota02;Cota03;Cota04;Cota05;Cota06;Cota07;Cota08;Cota09;Cota10;Cota11;Cota12;Cota13;Cota14;Cota15;Cota16;Cota17;Cota18;Cota19;Cota20;Cota21;Cota22;Cota23;Cota24;Cota25;Cota26;Cota27;Cota28;Cota29;Cota30;Cota31;Cota01Status;Cota02Status;Cota03Status;Cota04Status;Cota05Status;Cota06Status;Cota07Status;Cota08Status;Cota09Status;Cota10Status;Cota11Status;Cota12Status;Cota13Status;Cota14Status;Cota15Status;Cota16Status;Cota17Status;Cota18Status;Cota19Status;Cota20Status;Cota21Status;Cota22Status;Cota23Status;Cota24Status;Cota25Status;Cota26Status;Cota27Status;Cota28Status;Cota29Status;Cota30Status;Cota31Status
15340000;1;02/1978;1;1;1960.0;;;28;;1;0;0;;0;;;;;;;;1923.0;1923.0;1923.0;1926.0;1930.0;1931.0;1931.0;1932.0;1929.0;1925.0;1918.0;1912.0;1904.0;1897.0;1890.0;1887.0;1897.0;1915.0;1932.0;1953.0;1960.0;;;;0;0;0;0;0;0;0;1;1;1;1;1;1;1;1;1;1;1;1;1;1;1;1;1;1;1;1;1;0;0;0
15340000;2;02/1978;1;1;1960.0;;;28;;1;0;0;;0;;;;;;;;1923.0;1923.0;1923.0;1926.0;1930.0;1931.0;1931.0;1932.0;1929.0;1925.0;1918.0;1912.0;1904.0;1897.0;1890.0;1887.0;1897.0;1915.0;1932.0;1953.0;1960.0;;;;0;0;0;0;0;0;0;1;1;1;1;1;1;1;1;1;1;1;1;1;1;1;1;1;1;1;1;1;0;0;0
15340000;1;03/1978;1;1;2080.0;1968.0;2026.0;10;1;1;1;1;;0;1968.0;1983.0;1996.0;2010.0;2023.0;2036.0;2051.0;2066.0;2077.0;2080.0;2078.0;2071.0;2058.0;2047.0;2034.0;2023.0;2011.0;2003.0;2004.0;2012.0;2017.0;2020.0;2022.0;2022.0;2022.0;2022.0;2021.0;2021.0;2016.0;2006.0;1991.0;1;1;1;1;1;1;1;1;1;1;1;1;1;1;1;1;1;1;1;1;1;1;1;1;1;1;1;1;1;1;1
15340000;2;03/1978;1;1;2080.0;1968.0;2026.0;10;1;1;1;1;;0;1968.0;1983.0;1996.0;2010.0;2023.0;2036.0;2051.0;2066.0;2077.0;2080.0;2078.0;2071.0;2058.0;2047.0;2034.0;2023.0;2011.0;2003.0;2004.0;2012.0;2017.0;2020.0;2022.0;2022.0;2022.0;2022.0;2021.0;2021.0;2016.0;2006.0;1991.0;1;1;1;1;1;1;1;1;1;1;1;1;1;1;1;1;1;1;1;1;1;1;1;1;1;1;1;1;1;1;1
15340000;1;04/1978;1;1;1976.0;1733.0;1840.0;1;20;1;1;1;;0;1974.0;1966.0;1950.0;1938.0;1937.0;1946.0;1933.0;1912.0;1890.0;1873.0;1860.0;1843.0;1827.0;1817.0;1802.0;1778.0;1763.0;1751.0;1740.0;1733.0;1748.0;1769.0;1789.0;1797.0;1805.0;1817.0;1818.0;1811.0;1806.0;1793.0;;1;1;1;1;1;1;1;1;1;1;1;1;1;1;1;1;1;1;1;1;1;1;1;1;1;1;1;1;1;1;0
15340000;2;04/1978;1;1;1974.0;1733.0;1840.0;1;20;1;1;1;;0;1974.0;1966.0;1950.0;1938.0;1937.0;1946.0;1933.0;1912.0;1890.0;1873.0;1860.0;1843.0;1827.0;1817.0;1802.0;1778.0;1763.0;1751.0;1740.0;1733.0;1748.0;1769.0;1789.0;1797.0;1805.0;1817.0;1818.0;1811.0;1806.0;1793.0;;1;1;1;1;1;1;1;1;1;1;1;1;1;1;1;1;1;1;1;1;1;1;1;1;1;1;1;1;1;1;0
15340000;1;05/1978;1;1;1784.0;1555.0;1643.0;1;30;1;1;1;;0;1780.0;1763.0;1744.0;1729.0;1721.0;1716.0;1718.0;1712.0;1698.0;1683.0;1673.0;1675.0;1682.0;1681.0;1668.0;1653.0;1636.0;1615.0;1603.0;1576.0;1565.0;1557.0;1558.0;1558.0;1563.0;1566.0;1581.0;1573.0;1565.0;1555.0;1557.0;1;1;1;1;1;1;1;1;1;1;1;1;1;1;1;1;1;1;1;1;1;1;1;1;1;1;1;1;1;1;1
15340000;2;05/1978;1;1;1780.0;1555.0;1643.0;1;30;1;1;1;;0;1780.0;1763.0;1744.0;1729.0;1721.0;1716.0;1718.0;1712.0;1698.0;1683.0;1673.0;1675.0;1682.0;1681.0;1668.0;1653.0;1636.0;1615.0;1603.0;1576.0;1565.0;1557.0;1558.0;1558.0;1563.0;1566.0;1581.0;1573.0;1565.0;1555.0;1557.0;1;1;1;1;1;1;1;1;1;1;1;1;1;1;1;1;1;1;1;1;1;1;1;1;1;1;1;1;1;1;1
15340000;1;06/1978;1;1;1567.0;1339.0;1436.0;7;28;1;1;1;;0;1550.0;1541.0;1535.0;1536.0;1550.0;1564.0;1565.0;1550.0;1525.0;1500.0;1476.0;1455.0;1434.0;1416.0;1404.0;1396.0;1386.0;1378.0;1365.0;1355.0;1353.0;1366.0;1390.0;1400.0;1370.0;1353.0;1343.0;1339.0;1339.0;1343.0;;1;1;1;1;1;1;1;1;1;1;1;1;1;1;1;1;1;1;1;1;1;1;1;1;1;1;1;1;1;1;0
15340000;2;06/1978;1;1;1565.0;1339.0;1436.0;7;28;1;1;1;;0;1550.0;1541.0;1535.0;1536.0;1550.0;1564.0;1565.0;1550.0;1525.0;1500.0;1476.0;1455.0;1434.0;1416.0;1404.0;1396.0;1386.0;1378.0;1365.0;1355.0;1353.0;1366.0;1390.0;1400.0;1370.0;1353.0;1343.0;1339.0;1339.0;1343.0;;1;1;1;1;1;1;1;1;1;1;1;1;1;1;1;1;1;1;1;1;1;1;1;1;1;1;1;1;1;1;0
15340000;1;07/1978;1;1;1352.0;1132.0;1267.0;7;31;1;1;1;;0;1347.0;1343.0;1336.0;1326.0;1321.0;1339.0;1352.0;1348.0;1333.0;1319.0;1313.0;1310.0;1307.0;1302.0;1294.0;1283.0;1274.0;1270.0;1259.0;1246.0;1230.0;1220.0;1216.0;1220.0;1217.0;1200.0;1189.0;1165.0;1144.0;1133.0;1132.0;1;1;1;1;1;1;1;1;1;1;1;1;1;1;1;1;1;1;1;1;1;1;1;1;1;1;1;1;1;1;1
15340000;2;07/1978;1;1;1352.0;1132.0;1267.0;7;31;1;1;1;;0;1347.0;1343.0;1336.0;1326.0;1321.0;1339.0;1352.0;1348.0;1333.0;1319.0;1313.0;1310.0;1307.0;1302.0;1294.0;1283.0;1274.0;1270.0;1259.0;1246.0;1230.0;1220.0;1216.0;1220.0;1217.0;1200.0;1189.0;1165.0;1144.0;1133.0;1132.0;1;1;1;1;1;1;1;1;1;1;1;1;1;1;1;1;1;1;1;1;1;1;1;1;1;1;1;1;1;1;1
15340000;1;08/1978;1;1;1131.0;820.0;938.0;1;31;1;1;1;;0;1127.0;1110.0;1088.0;1068.0;1050.0;1037.0;1029.0;1021.0;1007.0;990.0;974.0;959.0;945.0;931.0;917.0;903.0;898.0;893.0;889.0;883.0;879.0;873.0;868.0;863.0;858.0;853.0;846.0;840.0;833.0;828.0;820.0;1;1;1;1;1;1;1;1;1;1;1;1;1;1;1;1;1;1;1;1;1;1;1;1;1;1;1;1;1;1;1
15340000;2;08/1978;1;1;1127.0;820.0;938.0;1;31;1;1;1;;0;1127.0;1110.0;1088.0;1068.0;1050.0;1037.0;1029.0;1021.0;1007.0;990.0;974.0;959.0;945.0;931.0;917.0;903.0;898.0;893.0;889.0;883.0;879.0;873.0;868.0;863.0;858.0;853.0;846.0;840.0;833.0;828.0;820.0;1;1;1;1;1;1;1;1;1;1;1;1;1;1;1;1;1;1;1;1;1;1;1;1;1;1;1;1;1;1;1
15340000;1;09/1978;1;1;815.0;751.0;780.0;1;6;1;1;1;;0;815.0;805.0;785.0;771.0;757.0;751.0;755.0;760.0;767.0;773.0;779.0;780.0;785.0;784.0;783.0;780.0;775.0;773.0;769.0;766.0;769.0;773.0;779.0;785.0;792.0;796.0;796.0;797.0;801.0;805.0;;1;1;1;1;1;1;1;1;1;1;1;1;1;1;1;1;1;1;1;1;1;1;1;1;1;1;1;1;1;1;0
15340000;2;09/1978;1;1;815.0;751.0;780.0;1;6;1;1;1;;0;815.0;805.0;785.0;771.0;757.0;751.0;755.0;760.0;767.0;773.0;779.0;780.0;785.0;784.0;783.0;780.0;775.0;773.0;769.0;766.0;769.0;773.0;779.0;785.0;792.0;796.0;796.0;797.0;801.0;805.0;;1;1;1;1;1;1;1;1;1;1;1;1;1;1;1;1;1;1;1;1;1;1;1;1;1;1;1;1;1;1;0
15340000;1;10/1978;1;1;996.0;788.0;856.0;31;18;1;1;1;;0;811.0;821.0;831.0;843.0;853.0;863.0;872.0;869.0;865.0;856.0;843.0;833.0;824.0;816.0;809.0;802.0;794.0;788.0;792.0;798.0;806.0;814.0;823.0;848.0;881.0;909.0;945.0;974.0;979.0;986.0;996.0;1;1;1;1;1;1;1;1;1;1;1;1;1;1;1;1;1;1;1;1;1;1;1;1;1;1;1;1;1;1;1
15340000;2;10/1978;1;1;996.0;788.0;856.0;31;18;1;1;1;;0;811.0;821.0;831.0;843.0;853.0;863.0;872.0;869.0;865.0;856.0;843.0;833.0;824.0;816.0;809.0;802.0;794.0;788.0;792.0;798.0;806.0;814.0;823.0;848.0;881.0;909.0;945.0;974.0;979.0;986.0;996.0;1;1;1;1;1;1;1;1;1;1;1;1;1;1;1;1;1;1;1;1;1;1;1;1;1;1;1;1;1;1;1
15340000;1;11/1978;1;1;1169.0;1012.0;1082.0;30;1;1;1;1;;0;1012.0;1028.0;1049.0;1074.0;1094.0;1081.0;1070.0;1079.0;1091.0;1100.0;1102.0;1122.0;1142.0;1148.0;1136.0;1120.0;1098.0;1075.0;1074.0;1084.0;1079.0;1074.0;1064.0;1053.0;1043.0;1033.0;1023.0;1045.0;1085.0;1169.0;;1;1;1;1;1;1;1;1;1;1;1;1;1;1;1;1;1;1;1;1;1;1;1;1;1;1;1;1;1;1;0
15340000;2;11/1978;1;1;1169.0;1012.0;1082.0;30;1;1;1;1;;0;1012.0;1028.0;1049.0;1074.0;1094.0;1081.0;1070.0;1079.0;1091.0;1100.0;1102.0;1122.0;1142.0;1148.0;1136.0;1120.0;1098.0;1075.0;1074.0;1084.0;1079.0;1074.0;1064.0;1053.0;1043.0;1033.0;1023.0;1045.0;1085.0;1169.0;;1;1;1;1;1;1;1;1;1;1;1;1;1;1;1;1;1;1;1;1;1;1;1;1;1;1;1;1;1;1;0
15340000;1;12/1978;1;1;1732.0;1174.0;1560.0;31;1;1;1;1;;0;1174.0;1190.0;1238.0;1316.0;1358.0;1380.0;1377.0;1379.0;1412.0;1467.0;1530.0;1580.0;1623.0;1658.0;1692.0;1714.0;1710.0;1684.0;1660.0;1669.0;1682.0;1695.0;1702.0;1696.0;1687.0;1670.0;1666.0;1660.0;1670.0;1704.0;1732.0;1;1;1;1;1;1;1;1;1;1;1;1;1;1;1;1;1;1;1;1;1;1;1;1;1;1;1;1;1;1;1
15340000;2;12/1978;1;1;1732.0;1174.0;1560.0;31;1;1;1;1;;0;1174.0;1190.0;1238.0;1316.0;1358.0;1380.0;1377.0;1379.0;1412.0;1467.0;1530.0;1580.0;1623.0;1658.0;1692.0;1714.0;1710.0;1684.0;1660.0;1669.0;1682.0;1695.0;1702.0;1696.0;1687.0;1670.0;1666.0;1660.0;1670.0;1704.0;1732.0;1;1;1;1;1;1;1;1;1;1;1;1;1;1;1;1;1;1;1;1;1;1;1;1;1;1;1;1;1;1;1
15340000;1;01/1979;1;1;1869.0;1748.0;1837.0;14;1;1;1;1;1438.0;1;1748.0;1759.0;1749.0;1805.0;1820.0;1833.0;1844.0;1848.0;1840.0;1842.0;1848.0;1856.0;1861.0;1866.0;1854.0;1844.0;1835.0;1829.0;1830.0;1842.0;1856.0;1861.0;1859.0;1854.0;1849.0;1850.0;1851.0;1857.0;1860.0;1856.0;1854.0;1;1;1;1;1;1;1;1;1;1;1;1;1;1;1;1;1;1;1;1;1;1;1;1;1;1;1;1;1;1;1
15340000;2;01/1979;1;1;1866.0;1748.0;1837.0;14;1;1;1;1;1438.0;1;1748.0;1759.0;1749.0;1805.0;1820.0;1833.0;1844.0;1848.0;1840.0;1842.0;1848.0;1856.0;1861.0;1866.0;1854.0;1844.0;1835.0;1829.0;1830.0;1842.0;1856.0;1861.0;1859.0;1854.0;1849.0;1850.0;1851.0;1857.0;1860.0;1856.0;1854.0;1;1;1;1;1;1;1;1;1;1;1;1;1;1;1;1;1;1;1;1;1;1;1;1;1;1;1;1;1;1;1
15340000;1;02/1979;1;1;1986.0;1870.0;1948.0;10;1;1;1;1;1438.0;1;1870.0;1887.0;1914.0;1930.0;1945.0;1956.0;1964.0;1971.0;1980.0;1986.0;1985.0;1980.0;1971.0;1965.0;1961.0;1958.0;1953.0;1957.0;1954.0;1952.0;1952.0;1952.0;1949.0;1943.0;1938.0;1931.0;1919.0;1912.0;;;;1;1;1;1;1;1;1;1;1;1;1;1;1;1;1;1;1;1;1;1;1;1;1;1;1;1;1;1;0;0;0
15340000;2;02/1979;1;1;1986.0;1870.0;1948.0;10;1;1;1;1;1438.0;1;1870.0;1887.0;1914.0;1930.0;1945.0;1956.0;1964.0;1971.0;1980.0;1986.0;1985.0;1980.0;1971.0;1965.0;1961.0;1958.0;1953.0;1957.0;1954.0;1952.0;1952.0;1952.0;1949.0;1943.0;1938.0;1931.0;1919.0;1912.0;;;;1;1;1;1;1;1;1;1;1;1;1;1;1;1;1;1;1;1;1;1;1;1;1;1;1;1;1;1;0;0;0
15340000;1;03/1979;1;1;2086.0;1866.0;1968.0;31;6;1;1;1;1438.0;1;1903.0;1893.0;1876.0;1869.0;1867.0;1866.0;1873.0;1881.0;1890.0;1890.0;1889.0;1894.0;1906.0;1922.0;1940.0;1961.0;1975.0;1997.0;2007.0;2020.0;2028.0;2036.0;2046.0;2054.0;2059.0;2066.0;2073.0;2076.0;2079.0;2081.0;2086.0;1;1;1;1;1;1;1;1;1;1;1;1;1;1;1;1;1;1;1;1;1;1;1;1;1;1;1;1;1;1;1
15340000;2;03/1979;1;1;2086.0;1866.0;1968.0;31;6;1;1;1;1438.0;1;1903.0;1893.0;1876.0;1869.0;1867.0;1866.0;1873.0;1881.0;1890.0;1890.0;1889.0;1894.0;1906.0;1922.0;1940.0;1961.0;1975.0;1997.0;2007.0;2020.0;2028.0;2036.0;2046.0;2054.0;2059.0;2066.0;2073.0;2076.0;2079.0;2081.0;2086.0;1;1;1;1;1;1;1;1;1;1;1;1;1;1;1;1;1;1;1;1;1;1;1;1;1;1;1;1;1;1;1
15340000;1;04/1979;1;1;2084.0;1942.0;2016.0;1;20;1;1;1;1438.0;1;2083.0;2077.0;2071.0;2068.0;2068.0;2068.0;2065.0;2058.0;2050.0;2049.0;2051.0;2054.0;2041.0;2021.0;2002.0;1980.0;1962.0;1955.0;1946.0;1942.0;1942.0;1943.0;1947.0;1967.0;1991.0;2006.0;2014.0;2020.0;2026.0;2014.0;;1;1;1;1;1;1;1;1;1;1;1;1;1;1;1;1;1;1;1;1;1;1;1;1;1;1;1;1;1;1;0
15340000;2;04/1979;1;1;2083.0;1942.0;2016.0;1;20;1;1;1;1438.0;1;2083.0;2077.0;2071.0;2068.0;2068.0;2068.0;2065.0;2058.0;2050.0;2049.0;2051.0;2054.0;2041.0;2021.0;2002.0;1980.0;1962.0;1955.0;1946.0;1942.0;1942.0;1943.0;1947.0;1967.0;1991.0;2006.0;2014.0;2020.0;2026.0;2014.0;;1;1;1;1;1;1;1;1;1;1;1;1;1;1;1;1;1;1;1;1;1;1;1;1;1;1;1;1;1;1;0
15340000;1;05/1979;1;1;1990.0;1750.0;1853.0;1;31;1;1;1;1438.0;1;1986.0;1965.0;1937.0;1915.0;1910.0;1902.0;1901.0;1908.0;1915.0;1919.0;1918.0;1907.0;1893.0;1881.0;1869.0;1854.0;1852.0;1826.0;1821.0;1817.0;1810.0;1801.0;1793.0;1789.0;1784.0;1777.0;1772.0;1767.0;1761.0;1757.0;1750.0;1;1;1;1;1;1;1;1;1;1;1;1;1;1;1;1;1;1;1;1;1;1;1;1;1;1;1;1;1;1;1
15340000;2;05/1979;1;1;1986.0;1750.0;1853.0;1;31;1;1;1;1438.0;1;1986.0;1965.0;1937.0;1915.0;1910.0;1902.0;1901.0;1908.0;1915.0;1919.0;1918.0;1907.0;1893.0;1881.0;1869.0;1854.0;1852.0;1826.0;1821.0;1817.0;1810.0;1801.0;1793.0;1789.0;1784.0;1777.0;1772.0;1767.0;1761.0;1757.0;1750.0;1;1;1;1;1;1;1;1;1;1;1;1;1;1;1;1;1;1;1;1;1;1;1;1;1;1;1;1;1;1;1
15340000;1;06/1979;1;1;1746.0;1364.0;1553.0;1;30;1;1;1;1438.0;1;1744.0;1727.0;1707.0;1691.0;1679.0;1667.0;1654.0;1639.0;1625.0;1606.0;1589.0;1589.0;1577.0;1571.0;1563.0;1551.0;1539.0;1527.0;1515.0;1503.0;1491.0;1479.0;1469.0;1455.0;1443.0;1429.0;1414.0;1398.0;1382.0;1364.0;;1;1;1;1;1;1;1;1;1;1;1;1;1;1;1;1;1;1;1;1;1;1;1;1;1;1;1;1;1;1;0
15340000;2;06/1979;1;1;1744.0;1364.0;1553.0;1;30;1;1;1;1438.0;1;1744.0;1727.0;1707.0;1691.0;1679.0;1667.0;1654.0;1639.0;1625.0;1606.0;1589.0;1589.0;1577.0;1571.0;1563.0;1551.0;1539.0;1527.0;1515.0;1503.0;1491.0;1479.0;1469.0;1455.0;1443.0;1429.0;1414.0;1398.0;1382.0;1364.0;;1;1;1;1;1;1;1;1;1;1;1;1;1;1;1;1;1;1;1;1;1;1;1;1;1;1;1;1;1;1;0
15340000;1;07/1979;1;1;1350.0;1097.0;1213.0;1;31;1;1;1;1438.0;1;1347.0;1336.0;1328.0;1320.0;1312.0;1264.0;1273.0;1260.0;1252.0;1243.0;1238.0;1246.0;1254.0;1248.0;1238.0;1228.0;1217.0;1205.0;1193.0;1181.0;1168.0;1155.0;1149.0;1142.0;1136.0;1129.0;1122.0;1115.0;1108.0;1102.0;1097.0;1;1;1;1;1;1;1;1;1;1;1;1;1;1;1;1;1;1;1;1;1;1;1;1;1;1;1;1;1;1;1
15340000;2;07/1979;1;1;1347.0;1097.0;1213.0;1;31;1;1;1;1438.0;1;1347.0;1336.0;1328.0;1320.0;1312.0;1264.0;1273.0;1260.0;1252.0;1243.0;1238.0;1246.0;1254.0;1248.0;1238.0;1228.0;1217.0;1205.0;1193.0;1181.0;1168.0;1155.0;1149.0;1142.0;1136.0;1129.0;1122.0;1115.0;1108.0;1102.0;1097.0;1;1;1;1;1;1;1;1;1;1;1;1;1;1;1;1;1;1;1;1;1;1;1;1;1;1;1;1;1;1;1
15340000;1;08/1979;1;1;1080.0;854.0;926.0;1;20;1;1;1;1438.0;1;1075.0;1055.0;1038.0;1028.0;1015.0;1003.0;985.0;970.0;955.0;940.0;924.0;915.0;908.0;898.0;890.0;883.0;873.0;864.0;859.0;854.0;858.0;875.0;890.0;903.0;910.0;910.0;909.0;899.0;885.0;873.0;863.0;1;1;1;1;1;1;1;1;1;1;1;1;1;1;1;1;1;1;1;1;1;1;1;1;1;1;1;1;1;1;1
15340000;2;08/1979;1;1;1075.0;854.0;926.0;1;20;1;1;1;1438.0;1;1075.0;1055.0;1038.0;1028.0;1015.0;1003.0;985.0;970.0;955.0;940.0;924.0;915.0;908.0;898.0;890.0;883.0;873.0;864.0;859.0;854.0;858.0;875.0;890.0;903.0;910.0;910.0;909.0;899.0;885.0;873.0;863.0;1;1;1;1;1;1;1;1;1;1;1;1;1;1;1;1;1;1;1;1;1;1;1;1;1;1;1;1;1;1;1
15340000;1;09/1979;1;1;1032.0;780.0;858.0;24;20;1;1;1;1438.0;1;853.0;846.0;837.0;831.0;825.0;817.0;811.0;805.0;799.0;792.0;793.0;809.0;825.0;842.0;847.0;838.0;820.0;804.0;787.0;780.0;807.0;889.0;989.0;1032.0;1018.0;981.0;953.0;925.0;904.0;884.0;;1;1;1;1;1;1;1;1;1;1;1;1;1;1;1;1;1;1;1;1;1;1;1;1;1;1;1;1;1;1;0
15340000;2;09/1979;1;1;1032.0;780.0;858.0;24;20;1;1;1;1438.0;1;853.0;846.0;837.0;831.0;825.0;817.0;811.0;805.0;799.0;792.0;793.0;809.0;825.0;842.0;847.0;838.0;820.0;804.0;787.0;780.0;807.0;889.0;989.0;1032.0;1018.0;981.0;953.0;925.0;904.0;884.0;;1;1;1;1;1;1;1;1;1;1;1;1;1;1;1;1;1;1;1;1;1;1;1;1;1;1;1;1;1;1;0
15340000;1;10/1979;1;1;938.0;823.0;877.0;24;6;1;1;1;1438.0;1;870.0;861.0;849.0;836.0;826.0;823.0;837.0;848.0;864.0;879.0;891.0;886.0;878.0;871.0;871.0;877.0;889.0;887.0;878.0;870.0;882.0;899.0;920.0;938.0;935.0;925.0;904.0;886.0;877.0;866.0;853.0;1;1;1;1;1;1;1;1;1;1;1;1;1;1;1;1;1;1;1;1;1;1;1;1;1;1;1;1;1;1;1
15340000;2;10/1979;1;1;938.0;823.0;877.0;24;6;1;1;1;1438.0;1;870.0;861.0;849.0;836.0;826.0;823.0;837.0;848.0;864.0;879.0;891.0;886.0;878.0;871.0;871.0;877.0;889.0;887.0;878.0;870.0;882.0;899.0;920.0;938.0;935.0;925.0;904.0;886.0;877.0;866.0;853.0;1;1;1;1;1;1;1;1;1;1;1;1;1;1;1;1;1;1;1;1;1;1;1;1;1;1;1;1;1;1;1
15340000;1;11/1979;1;1;1179.0;811.0;983.0;23;5;1;1;1;1438.0;1;821.0;818.0;816.0;815.0;811.0;814.0;824.0;846.0;873.0;896.0;906.0;906.0;897.0;893.0;959.0;1037.0;1063.0;1058.0;1057.0;1114.0;1159.0;1175.0;1177.0;1167.0;1149.0;1120.0;1102.0;1086.0;1069.0;1061.0;;1;1;1;1;1;1;1;1;1;1;1;1;1;1;1;1;1;1;1;1;1;1;1;1;1;1;1;1;1;1;0
15340000;2;11/1979;1;1;1177.0;811.0;983.0;23;5;1;1;1;1438.0;1;821.0;818.0;816.0;815.0;811.0;814.0;824.0;846.0;873.0;896.0;906.0;906.0;897.0;893.0;959.0;1037.0;1063.0;1058.0;1057.0;1114.0;1159.0;1175.0;1177.0;1167.0;1149.0;1120.0;1102.0;1086.0;1069.0;1061.0;;1;1;1;1;1;1;1;1;1;1;1;1;1;1;1;1;1;1;1;1;1;1;1;1;1;1;1;1;1;1;0
15340000;1;12/1979;1;1;1444.0;1050.0;1219.0;29;17;1;1;1;1438.0;1;1080.0;1146.0;1193.0;1194.0;1171.0;1143.0;1120.0;1102.0;1092.0;1107.0;1138.0;1143.0;1121.0;1092.0;1069.0;1058.0;1050.0;1107.0;1236.0;1298.0;1317.0;1321.0;1326.0;1333.0;1342.0;1358.0;1389.0;1427.0;1441.0;1437.0;1433.0;1;1;1;1;1;1;1;1;1;1;1;1;1;1;1;1;1;1;1;1;1;1;1;1;1;1;1;1;1;1;1
15340000;2;12/1979;1;1;1441.0;1050.0;1219.0;29;17;1;1;1;1438.0;1;1080.0;1146.0;1193.0;1194.0;1171.0;1143.0;1120.0;1102.0;1092.0;1107.0;1138.0;1143.0;1121.0;1092.0;1069.0;1058.0;1050.0;1107.0;1236.0;1298.0;1317.0;1321.0;1326.0;1333.0;1342.0;1358.0;1389.0;1427.0;1441.0;1437.0;1433.0;1;1;1;1;1;1;1;1;1;1;1;1;1;1;1;1;1;1;1;1;1;1;1;1;1;1;1;1;1;1;1
15340000;1;01/1980;1;1;1690.0;1424.0;1558.0;31;10;1;1;1;1450.0;1;1440.0;1450.0;1459.0;1462.0;1463.0;1471.0;1475.0;1460.0;1438.0;1424.0;1452.0;1501.0;1538.0;1558.0;1590.0;1624.0;1662.0;1677.0;1679.0;1658.0;1635.0;1611.0;1598.0;1584.0;1577.0;1571.0;1586.0;1622.0;1658.0;1681.0;1689.0;1;1;1;1;1;1;1;1;1;1;1;1;1;1;1;1;1;1;1;1;1;1;1;1;1;1;1;1;1;1;1
15340000;2;01/1980;1;1;1689.0;1424.0;1558.0;31;10;1;1;1;1450.0;1;1440.0;1450.0;1459.0;1462.0;1463.0;1471.0;1475.0;1460.0;1438.0;1424.0;1452.0;1501.0;1538.0;1558.0;1590.0;1624.0;1662.0;1677.0;1679.0;1658.0;1635.0;1611.0;1598.0;1584.0;1577.0;1571.0;1586.0;1622.0;1658.0;1681.0;1689.0;1;1;1;1;1;1;1;1;1;1;1;1;1;1;1;1;1;1;1;1;1;1;1;1;1;1;1;1;1;1;1
15340000;1;02/1980;1;1;1854.0;1695.0;1742.0;29;1;1;1;1;1450.0;1;1695.0;1711.0;1729.0;1750.0;1769.0;1764.0;1748.0;1714.0;1704.0;1704.0;1710.0;1715.0;1725.0;1719.0;1716.0;1716.0;1720.0;1735.0;1736.0;1735.0;1731.0;1730.0;1732.0;1745.0;1769.0;1788.0;1808.0;1839.0;1851.0;;;1;1;1;1;1;1;1;1;1;1;1;1;1;1;1;1;1;1;1;1;1;1;1;1;1;1;1;1;1;0;0
15340000;2;02/1980;1;1;1851.0;1695.0;1742.0;29;1;1;1;1;1450.0;1;1695.0;1711.0;1729.0;1750.0;1769.0;1764.0;1748.0;1714.0;1704.0;1704.0;1710.0;1715.0;1725.0;1719.0;1716.0;1716.0;1720.0;1735.0;1736.0;1735.0;1731.0;1730.0;1732.0;1745.0;1769.0;1788.0;1808.0;1839.0;1851.0;;;1;1;1;1;1;1;1;1;1;1;1;1;1;1;1;1;1;1;1;1;1;1;1;1;1;1;1;1;1;0;0
15340000;1;03/1980;1;1;1966.0;1862.0;1934.0;26;1;1;1;1;1450.0;1;1862.0;1870.0;1874.0;1874.0;1873.0;1885.0;1905.0;1915.0;1923.0;1927.0;1928.0;1928.0;1931.0;1939.0;1948.0;1954.0;1957.0;1961.0;1964.0;1961.0;1958.0;1958.0;1958.0;1961.0;1965.0;1966.0;1966.0;1964.0;1962.0;1962.0;1965.0;1;1;1;1;1;1;1;1;1;1;1;1;1;1;1;1;1;1;1;1;1;1;1;1;1;1;1;1;1;1;1
15340000;2;03/1980;1;1;1966.0;1862.0;1934.0;26;1;1;1;1;1450.0;1;1862.0;1870.0;1874.0;1874.0;1873.0;1885.0;1905.0;1915.0;1923.0;1927.0;1928.0;1928.0;1931.0;1939.0;1948.0;1954.0;1957.0;1961.0;1964.0;1961.0;1958.0;1958.0;1958.0;1961.0;1965.0;1966.0;1966.0;1964.0;1962.0;1962.0;1965.0;1;1;1;1;1;1;1;1;1;1;1;1;1;1;1;1;1;1;1;1;1;1;1;1;1;1;1;1;1;1;1
15340000;1;04/1980;1;1;1978.0;1755.0;1914.0;2;30;1;1;1;1450.0;1;1974.0;1978.0;1978.0;1978.0;1978.0;1975.0;1971.0;1967.0;1963.0;1960.0;1963.0;1968.0;1962.0;1952.0;1942.0;1933.0;1922.0;1918.0;1928.0;1932.0;1921.0;1899.0;1876.0;1852.0;1834.0;1816.0;1790.0;1777.0;1764.0;1755.0;;1;1;1;1;1;1;1;1;1;1;1;1;1;1;1;1;1;1;1;1;1;1;1;1;1;1;1;1;1;1;0
15340000;2;04/1980;1;1;1978.0;1755.0;1914.0;2;30;1;1;1;1450.0;1;1974.0;1978.0;1978.0;1978.0;1978.0;1975.0;1971.0;1967.0;1963.0;1960.0;1963.0;1968.0;1962.0;1952.0;1942.0;1933.0;1922.0;1918.0;1928.0;1932.0;1921.0;1899.0;1876.0;1852.0;1834.0;1816.0;1790.0;1777.0;1764.0;1755.0;;1;1;1;1;1;1;1;1;1;1;1;1;1;1;1;1;1;1;1;1;1;1;1;1;1;1;1;1;1;1;0
15340000;1;05/1980;1;1;1842.0;1706.0;1767.0;6;31;1;1;1;1450.0;1;1752.0;1752.0;1757.0;1787.0;1828.0;1842.0;1840.0;1832.0;1821.0;1803.0;1785.0;1774.0;1770.0;1759.0;1745.0;1736.0;1729.0;1730.0;1730.0;1732.0;1740.0;1747.0;1752.0;1760.0;1775.0;1784.0;1774.0;1757.0;1740.0;1724.0;1706.0;1;1;1;1;1;1;1;1;1;1;1;1;1;1;1;1;1;1;1;1;1;1;1;1;1;1;1;1;1;1;1
15340000;2;05/1980;1;1;1842.0;1706.0;1767.0;6;31;1;1;1;1450.0;1;1752.0;1752.0;1757.0;1787.0;1828.0;1842.0;1840.0;1832.0;1821.0;1803.0;1785.0;1774.0;1770.0;1759.0;1745.0;1736.0;1729.0;1730.0;1730.0;1732.0;1740.0;1747.0;1752.0;1760.0;1775.0;1784.0;1774.0;1757.0;1740.0;1724.0;1706.0;1;1;1;1;1;1;1;1;1;1;1;1;1;1;1;1;1;1;1;1;1;1;1;1;1;1;1;1;1;1;1
15340000;1;06/1980;1;1;1694.0;1508.0;1627.0;1;30;1;1;1;1450.0;1;1692.0;1682.0;1665.0;1652.0;1644.0;1646.0;1648.0;1652.0;1652.0;1652.0;1651.0;1642.0;1629.0;1615.0;1602.0;1622.0;1643.0;1674.0;1686.0;1660.0;1646.0;1631.0;1611.0;1593.0;1584.0;1578.0;1569.0;1549.0;1531.0;1508.0;;1;1;1;1;1;1;1;1;1;1;1;1;1;1;1;1;1;1;1;1;1;1;1;1;1;1;1;1;1;1;0
15340000;2;06/1980;1;1;1692.0;1508.0;1627.0;1;30;1;1;1;1450.0;1;1692.0;1682.0;1665.0;1652.0;1644.0;1646.0;1648.0;1652.0;1652.0;1652.0;1651.0;1642.0;1629.0;1615.0;1602.0;1622.0;1643.0;1674.0;1686.0;1660.0;1646.0;1631.0;1611.0;1593.0;1584.0;1578.0;1569.0;1549.0;1531.0;1508.0;;1;1;1;1;1;1;1;1;1;1;1;1;1;1;1;1;1;1;1;1;1;1;1;1;1;1;1;1;1;1;0
15340000;1;07/1980;1;1;1494.0;1096.0;1292.0;1;31;1;1;1;1450.0;1;1490.0;1471.0;1456.0;1443.0;1429.0;1414.0;1399.0;1385.0;1373.0;1362.0;1352.0;1343.0;1330.0;1315.0;1298.0;1284.0;1274.0;1269.0;1264.0;1255.0;1243.0;1227.0;1210.0;1195.0;1184.0;1166.0;1152.0;1140.0;1119.0;1107.0;1096.0;1;1;1;1;1;1;1;1;1;1;1;1;1;1;1;1;1;1;1;1;1;1;1;1;1;1;1;1;1;1;1
15340000;2;07/1980;1;1;1490.0;1096.0;1292.0;1;31;1;1;1;1450.0;1;1490.0;1471.0;1456.0;1443.0;1429.0;1414.0;1399.0;1385.0;1373.0;1362.0;1352.0;1343.0;1330.0;1315.0;1298.0;1284.0;1274.0;1269.0;1264.0;1255.0;1243.0;1227.0;1210.0;1195.0;1184.0;1166.0;1152.0;1140.0;1119.0;1107.0;1096.0;1;1;1;1;1;1;1;1;1;1;1;1;1;1;1;1;1;1;1;1;1;1;1;1;1;1;1;1;1;1;1
15340000;1;08/1980;1;1;1124.0;1002.0;1058.0;23;15;1;1;1;1450.0;1;1087.0;1073.0;1070.0;1070.0;1062.0;1072.0;1080.0;1078.0;1067.0;1052.0;1036.0;1022.0;1013.0;1008.0;1002.0;1004.0;1015.0;1035.0;1040.0;1044.0;1070.0;1109.0;1124.0;1108.0;1093.0;1086.0;1083.0;1071.0;1055.0;1038.0;1033.0;1;1;1;1;1;1;1;1;1;1;1;1;1;1;1;1;1;1;1;1;1;1;1;1;1;1;1;1;1;1;1
15340000;2;08/1980;1;1;1124.0;1002.0;1058.0;23;15;1;1;1;1450.0;1;1087.0;1073.0;1070.0;1070.0;1062.0;1072.0;1080.0;1078.0;1067.0;1052.0;1036.0;1022.0;1013.0;1008.0;1002.0;1004.0;1015.0;1035.0;1040.0;1044.0;1070.0;1109.0;1124.0;1108.0;1093.0;1086.0;1083.0;1071.0;1055.0;1038.0;1033.0;1;1;1;1;1;1;1;1;1;1;1;1;1;1;1;1;1;1;1;1;1;1;1;1;1;1;1;1;1;1;1
15340000;1;09/1980;1;1;1165.0;894.0;1009.0;3;26;1;1;1;1450.0;1;1070.0;1136.0;1164.0;1151.0;1125.0;1104.0;1093.0;1083.0;1075.0;1067.0;1062.0;1064.0;1066.0;1048.0;1028.0;1003.0;993.0;981.0;967.0;954.0;937.0;919.0;908.0;902.0;896.0;894.0;895.0;895.0;899.0;903.0;;1;1;1;1;1;1;1;1;1;1;1;1;1;1;1;1;1;1;1;1;1;1;1;1;1;1;1;1;1;1;0
15340000;2;09/1980;1;1;1164.0;894.0;1009.0;3;26;1;1;1;1450.0;1;1070.0;1136.0;1164.0;1151.0;1125.0;1104.0;1093.0;1083.0;1075.0;1067.0;1062.0;1064.0;1066.0;1048.0;1028.0;1003.0;993.0;981.0;967.0;954.0;937.0;919.0;908.0;902.0;896.0;894.0;895.0;895.0;899.0;903.0;;1;1;1;1;1;1;1;1;1;1;1;1;1;1;1;1;1;1;1;1;1;1;1;1;1;1;1;1;1;1;0
15340000;1;10/1980;1;1;1229.0;890.0;1091.0;20;6;1;1;1;1450.0;1;907.0;911.0;914.0;899.0;895.0;890.0;937.0;1011.0;1091.0;1151.0;1200.0;1194.0;1170.0;1138.0;1115.0;1103.0;1132.0;1184.0;1209.0;1229.0;1198.0;1180.0;1166.0;1152.0;1138.0;1128.0;1111.0;1098.0;1109.0;1128.0;1145.0;1;1;1;1;1;1;1;1;1;1;1;1;1;1;1;1;1;1;1;1;1;1;1;1;1;1;1;1;1;1;1
15340000;2;10/1980;1;1;1229.0;890.0;1091.0;20;6;1;1;1;1450.0;1;907.0;911.0;914.0;899.0;895.0;890.0;937.0;1011.0;1091.0;1151.0;1200.0;1194.0;1170.0;1138.0;1115.0;1103.0;1132.0;1184.0;1209.0;1229.0;1198.0;1180.0;1166.0;1152.0;1138.0;1128.0;1111.0;1098.0;1109.0;1128.0;1145.0;1;1;1;1;1;1;1;1;1;1;1;1;1;1;1;1;1;1;1;1;1;1;1;1;1;1;1;1;1;1;1
15340000;1;11/1980;1;1;1195.0;1046.0;1129.0;8;29;1;1;1;1450.0;1;1143.0;1129.0;1116.0;1127.0;1143.0;1165.0;1182.0;1192.0;1190.0;1174.0;1157.0;1144.0;1134.0;1129.0;1141.0;1157.0;1166.0;1163.0;1159.0;1146.0;1128.0;1116.0;1103.0;1090.0;1082.0;1077.0;1059.0;1048.0;1046.0;1052.0;;1;1;1;1;1;1;1;1;1;1;1;1;1;1;1;1;1;1;1;1;1;1;1;1;1;1;1;1;1;1;0
15340000;2;11/1980;1;1;1192.0;1046.0;1129.0;8;29;1;1;1;1450.0;1;1143.0;1129.0;1116.0;1127.0;1143.0;1165.0;1182.0;1192.0;1190.0;1174.0;1157.0;1144.0;1134.0;1129.0;1141.0;1157.0;1166.0;1163.0;1159.0;1146.0;1128.0;1116.0;1103.0;1090.0;1082.0;1077.0;1059.0;1048.0;1046.0;1052.0;;1;1;1;1;1;1;1;1;1;1;1;1;1;1;1;1;1;1;1;1;1;1;1;1;1;1;1;1;1;1;0
15340000;1;12/1980;1;1;1360.0;1080.0;1274.0;8;1;1;1;1;1450.0;1;1080.0;1210.0;1219.0;1251.0;1293.0;1334.0;1354.0;1359.0;1356.0;1337.0;1309.0;1288.0;1273.0;1264.0;1270.0;1288.0;1298.0;1294.0;1294.0;1292.0;1285.0;1278.0;1255.0;1232.0;1226.0;1231.0;1253.0;1274.0;1276.0;1268.0;1258.0;1;1;1;1;1;1;1;1;1;1;1;1;1;1;1;1;1;1;1;1;1;1;1;1;1;1;1;1;1;1;1
15340000;2;12/1980;1;1;1359.0;1080.0;1274.0;8;1;1;1;1;1450.0;1;1080.0;1210.0;1219.0;1251.0;1293.0;1334.0;1354.0;1359.0;1356.0;1337.0;1309.0;1288.0;1273.0;1264.0;1270.0;1288.0;1298.0;1294.0;1294.0;1292.0;1285.0;1278.0;1255.0;1232.0;1226.0;1231.0;1253.0;1274.0;1276.0;1268.0;1258.0;1;1;1;1;1;1;1;1;1;1;1;1;1;1;1;1;1;1;1;1;1;1;1;1;1;1;1;1;1;1;1
15340000;1;01/1981;1;1;1718.0;1213.0;1471.0;28;5;1;1;1;1452.0;1;1242.0;1233.0;1224.0;1216.0;1213.0;1218.0;1219.0;1243.0;1245.0;1309.0;1352.0;1399.0;1425.0;1458.0;1490.0;1507.0;1533.0;1539.0;1543.0;1565.0;1589.0;1620.0;1646.0;1661.0;1677.0;1692.0;1710.0;1718.0;1713.0;1707.0;1708.0;1;1;1;1;1;1;1;1;1;1;1;1;1;1;1;1;1;1;1;1;1;1;1;1;1;1;1;1;1;1;1
15340000;2;01/1981;1;1;1718.0;1213.0;1471.0;28;5;1;1;1;1452.0;1;1242.0;1233.0;1224.0;1216.0;1213.0;1218.0;1219.0;1243.0;1245.0;1309.0;1352.0;1399.0;1425.0;1458.0;1490.0;1507.0;1533.0;1539.0;1543.0;1565.0;1589.0;1620.0;1646.0;1661.0;1677.0;1692.0;1710.0;1718.0;1713.0;1707.0;1708.0;1;1;1;1;1;1;1;1;1;1;1;1;1;1;1;1;1;1;1;1;1;1;1;1;1;1;1;1;1;1;1
15340000;1;02/1981;1;1;1871.0;1706.0;1785.0;23;10;1;1;1;1452.0;1;1709.0;1710.0;1718.0;1741.0;1732.0;1723.0;1716.0;1715.0;1707.0;1706.0;1717.0;1745.0;1773.0;1784.0;1792.0;1812.0;1822.0;1832.0;1835.0;1838.0;1846.0;1864.0;1871.0;1858.0;1856.0;1855.0;1853.0;1858.0;;;;1;1;1;1;1;1;1;1;1;1;1;1;1;1;1;1;1;1;1;1;1;1;1;1;1;1;1;1;0;0;0
15340000;2;02/1981;1;1;1871.0;1706.0;1785.0;23;10;1;1;1;1452.0;1;1709.0;1710.0;1718.0;1741.0;1732.0;1723.0;1716.0;1715.0;1707.0;1706.0;1717.0;1745.0;1773.0;1784.0;1792.0;1812.0;1822.0;1832.0;1835.0;1838.0;1846.0;1864.0;1871.0;1858.0;1856.0;1855.0;1853.0;1858.0;;;;1;1;1;1;1;1;1;1;1;1;1;1;1;1;1;1;1;1;1;1;1;1;1;1;1;1;1;1;0;0;0
15340000;1;03/1981;1;1;1982.0;1873.0;1950.0;30;1;1;1;1;1452.0;1;1873.0;1899.0;1933.0;1969.0;1971.0;1967.0;1957.0;1950.0;1950.0;1950.0;1947.0;1943.0;1942.0;1942.0;1942.0;1942.0;1942.0;1942.0;1940.0;1942.0;1944.0;1946.0;1952.0;1959.0;1965.0;1970.0;1971.0;1976.0;1980.0;1981.0;1977.0;1;1;1;1;1;1;1;1;1;1;1;1;1;1;1;1;1;1;1;1;1;1;1;1;1;1;1;1;1;1;1
15340000;2;03/1981;1;1;1981.0;1873.0;1950.0;30;1;1;1;1;1452.0;1;1873.0;1899.0;1933.0;1969.0;1971.0;1967.0;1957.0;1950.0;1950.0;1950.0;1947.0;1943.0;1942.0;1942.0;1942.0;1942.0;1942.0;1942.0;1940.0;1942.0;1944.0;1946.0;1952.0;1959.0;1965.0;1970.0;1971.0;1976.0;1980.0;1981.0;1977.0;1;1;1;1;1;1;1;1;1;1;1;1;1;1;1;1;1;1;1;1;1;1;1;1;1;1;1;1;1;1;1
15340000;1;04/1981;1;1;1974.0;1845.0;1931.0;1;28;1;1;1;1452.0;1;1973.0;1969.0;1965.0;1961.0;1957.0;1953.0;1950.0;1948.0;1947.0;1945.0;1941.0;1935.0;1929.0;1925.0;1927.0;1932.0;1936.0;1936.0;1936.0;1940.0;1948.0;1954.0;1952.0;1944.0;1925.0;1885.0;1854.0;1845.0;1854.0;1867.0;;1;1;1;1;1;1;1;1;1;1;1;1;1;1;1;1;1;1;1;1;1;1;1;1;1;1;1;1;1;1;0
15340000;2;04/1981;1;1;1973.0;1845.0;1931.0;1;28;1;1;1;1452.0;1;1973.0;1969.0;1965.0;1961.0;1957.0;1953.0;1950.0;1948.0;1947.0;1945.0;1941.0;1935.0;1929.0;1925.0;1927.0;1932.0;1936.0;1936.0;1936.0;1940.0;1948.0;1954.0;1952.0;1944.0;1925.0;1885.0;1854.0;1845.0;1854.0;1867.0;;1;1;1;1;1;1;1;1;1;1;1;1;1;1;1;1;1;1;1;1;1;1;1;1;1;1;1;1;1;1;0
15340000;1;05/1981;1;1;1860.0;1734.0;1785.0;1;30;1;1;1;1452.0;1;1855.0;1832.0;1813.0;1813.0;1823.0;1812.0;1797.0;1780.0;1766.0;1759.0;1754.0;1750.0;1746.0;1745.0;1748.0;1759.0;1774.0;1789.0;1802.0;1817.0;1831.0;1836.0;1824.0;1808.0;1793.0;1776.0;1756.0;1747.0;1739.0;1734.0;1742.0;1;1;1;1;1;1;1;1;1;1;1;1;1;1;1;1;1;1;1;1;1;1;1;1;1;1;1;1;1;1;1
15340000;2;05/1981;1;1;1855.0;1734.0;1785.0;1;30;1;1;1;1452.0;1;1855.0;1832.0;1813.0;1813.0;1823.0;1812.0;1797.0;1780.0;1766.0;1759.0;1754.0;1750.0;1746.0;1745.0;1748.0;1759.0;1774.0;1789.0;1802.0;1817.0;1831.0;1836.0;1824.0;1808.0;1793.0;1776.0;1756.0;1747.0;1739.0;1734.0;1742.0;1;1;1;1;1;1;1;1;1;1;1;1;1;1;1;1;1;1;1;1;1;1;1;1;1;1;1;1;1;1;1
15340000;1;06/1981;1;1;1770.0;1474.0;1663.0;9;30;1;1;1;1452.0;1;1749.0;1748.0;1737.0;1722.0;1707.0;1700.0;1721.0;1760.0;1770.0;1761.0;1741.0;1722.0;1717.0;1716.0;1714.0;1712.0;1709.0;1703.0;1679.0;1646.0;1617.0;1599.0;1584.0;1567.0;1549.0;1538.0;1526.0;1514.0;1497.0;1474.0;;1;1;1;1;1;1;1;1;1;1;1;1;1;1;1;1;1;1;1;1;1;1;1;1;1;1;1;1;1;1;0
15340000;2;06/1981;1;1;1770.0;1474.0;1663.0;9;30;1;1;1;1452.0;1;1749.0;1748.0;1737.0;1722.0;1707.0;1700.0;1721.0;1760.0;1770.0;1761.0;1741.0;1722.0;1717.0;1716.0;1714.0;1712.0;1709.0;1703.0;1679.0;1646.0;1617.0;1599.0;1584.0;1567.0;1549.0;1538.0;1526.0;1514.0;1497.0;1474.0;;1;1;1;1;1;1;1;1;1;1;1;1;1;1;1;1;1;1;1;1;1;1;1;1;1;1;1;1;1;1;0
15340000;1;07/1981;1;1;1456.0;1020.0;1225.0;1;31;1;1;1;1452.0;1;1450.0;1432.0;1415.0;1399.0;1374.0;1356.0;1341.0;1325.0;1308.0;1295.0;1281.0;1270.0;1250.0;1231.0;1214.0;1202.0;1193.0;1182.0;1180.0;1178.0;1170.0;1158.0;1137.0;1128.0;1119.0;1106.0;1090.0;1076.0;1056.0;1034.0;1020.0;1;1;1;1;1;1;1;1;1;1;1;1;1;1;1;1;1;1;1;1;1;1;1;1;1;1;1;1;1;1;1
15340000;2;07/1981;1;1;1450.0;1020.0;1225.0;1;31;1;1;1;1452.0;1;1450.0;1432.0;1415.0;1399.0;1374.0;1356.0;1341.0;1325.0;1308.0;1295.0;1281.0;1270.0;1250.0;1231.0;1214.0;1202.0;1193.0;1182.0;1180.0;1178.0;1170.0;1158.0;1137.0;1128.0;1119.0;1106.0;1090.0;1076.0;1056.0;1034.0;1020.0;1;1;1;1;1;1;1;1;1;1;1;1;1;1;1;1;1;1;1;1;1;1;1;1;1;1;1;1;1;1;1
15340000;1;08/1981;1;1;1008.0;895.0;944.0;1;12;1;1;1;1452.0;1;1005.0;993.0;981.0;969.0;957.0;946.0;936.0;926.0;916.0;906.0;899.0;895.0;895.0;905.0;919.0;929.0;938.0;943.0;941.0;937.0;935.0;949.0;978.0;994.0;995.0;986.0;970.0;953.0;935.0;920.0;899.0;1;1;1;1;1;1;1;1;1;1;1;1;1;1;1;1;1;1;1;1;1;1;1;1;1;1;1;1;1;1;1
15340000;2;08/1981;1;1;1005.0;895.0;944.0;1;12;1;1;1;1452.0;1;1005.0;993.0;981.0;969.0;957.0;946.0;936.0;926.0;916.0;906.0;899.0;895.0;895.0;905.0;919.0;929.0;938.0;943.0;941.0;937.0;935.0;949.0;978.0;994.0;995.0;986.0;970.0;953.0;935.0;920.0;899.0;1;1;1;1;1;1;1;1;1;1;1;1;1;1;1;1;1;1;1;1;1;1;1;1;1;1;1;1;1;1;1
15340000;1;09/1981;1;1;888.0;800.0;832.0;1;15;1;1;1;1452.0;1;884.0;864.0;848.0;836.0;832.0;838.0;841.0;840.0;838.0;835.0;825.0;812.0;805.0;801.0;800.0;800.0;800.0;802.0;805.0;812.0;825.0;837.0;851.0;857.0;847.0;839.0;833.0;829.0;845.0;866.0;;1;1;1;1;1;1;1;1;1;1;1;1;1;1;1;1;1;1;1;1;1;1;1;1;1;1;1;1;1;1;0
15340000;2;09/1981;1;1;884.0;800.0;832.0;1;15;1;1;1;1452.0;1;884.0;864.0;848.0;836.0;832.0;838.0;841.0;840.0;838.0;835.0;825.0;812.0;805.0;801.0;800.0;800.0;800.0;802.0;805.0;812.0;825.0;837.0;851.0;857.0;847.0;839.0;833.0;829.0;845.0;866.0;;1;1;1;1;1;1;1;1;1;1;1;1;1;1;1;1;1;1;1;1;1;1;1;1;1;1;1;1;1;1;0
15340000;1;10/1981;1;1;1290.0;830.0;1006.0;31;12;1;1;1;1452.0;1;877.0;886.0;875.0;867.0;857.0;850.0;842.0;843.0;840.0;836.0;831.0;830.0;842.0;852.0;938.0;1005.0;1020.0;1015.0;1030.0;1048.0;1070.0;1094.0;1121.0;1160.0;1188.0;1232.0;1266.0;1253.0;1263.0;1279.0;1285.0;1;1;1;1;1;1;1;1;1;1;1;1;1;1;1;1;1;1;1;1;1;1;1;1;1;1;1;1;1;1;1
15340000;2;10/1981;1;1;1285.0;830.0;1006.0;31;12;1;1;1;1452.0;1;877.0;886.0;875.0;867.0;857.0;850.0;842.0;843.0;840.0;836.0;831.0;830.0;842.0;852.0;938.0;1005.0;1020.0;1015.0;1030.0;1048.0;1070.0;1094.0;1121.0;1160.0;1188.0;1232.0;1266.0;1253.0;1263.0;1279.0;1285.0;1;1;1;1;1;1;1;1;1;1;1;1;1;1;1;1;1;1;1;1;1;1;1;1;1;1;1;1;1;1;1
15340000;1;11/1981;1;1;1395.0;1208.0;1299.0;15;5;1;1;1;1452.0;1;1264.0;1239.0;1220.0;1211.0;1208.0;1219.0;1255.0;1316.0;1312.0;1295.0;1275.0;1288.0;1327.0;1382.0;1392.0;1376.0;1352.0;1338.0;1328.0;1315.0;1301.0;1285.0;1267.0;1247.0;1263.0;1299.0;1332.0;1365.0;1358.0;1344.0;;1;1;1;1;1;1;1;1;1;1;1;1;1;1;1;1;1;1;1;1;1;1;1;1;1;1;1;1;1;1;0
15340000;2;11/1981;1;1;1392.0;1208.0;1299.0;15;5;1;1;1;1452.0;1;1264.0;1239.0;1220.0;1211.0;1208.0;1219.0;1255.0;1316.0;1312.0;1295.0;1275.0;1288.0;1327.0;1382.0;1392.0;1376.0;1352.0;1338.0;1328.0;1315.0;1301.0;1285.0;1267.0;1247.0;1263.0;1299.0;1332.0;1365.0;1358.0;1344.0;;1;1;1;1;1;1;1;1;1;1;1;1;1;1;1;1;1;1;1;1;1;1;1;1;1;1;1;1;1;1;0
15340000;1;12/1981;1;1;1707.0;1320.0;1531.0;31;3;1;1;1;1452.0;1;1326.0;1324.0;1320.0;1325.0;1347.0;1382.0;1417.0;1459.0;1492.0;1511.0;1517.0;1511.0;1505.0;1511.0;1516.0;1521.0;1538.0;1547.0;1551.0;1553.0;1570.0;1604.0;1630.0;1667.0;1688.0;1696.0;1701.0;1707.0;1694.0;1675.0;1664.0;1;1;1;1;1;1;1;1;1;1;1;1;1;1;1;1;1;1;1;1;1;1;1;1;1;1;1;1;1;1;1
15340000;2;12/1981;1;1;1707.0;1320.0;1531.0;28;3;1;1;1;1452.0;1;1326.0;1324.0;1320.0;1325.0;1347.0;1382.0;1417.0;1459.0;1492.0;1511.0;1517.0;1511.0;1505.0;1511.0;1516.0;1521.0;1538.0;1547.0;1551.0;1553.0;1570.0;1604.0;1630.0;1667.0;1688.0;1696.0;1701.0;1707.0;1694.0;1675.0;1664.0;1;1;1;1;1;1;1;1;1;1;1;1;1;1;1;1;1;1;1;1;1;1;1;1;1;1;1;1;1;1;1
15340000;1;01/1982;1;1;1980.0;1745.0;1897.0;24;1;1;1;1;1659.0;1;1745.0;1755.0;1765.0;1775.0;1784.0;1793.0;1814.0;1831.0;1842.0;1853.0;1863.0;1874.0;1884.0;1895.0;1909.0;1922.0;1934.0;1943.0;1952.0;1961.0;1969.0;1973.0;1979.0;1980.0;1980.0;1980.0;1980.0;1979.0;1975.0;1969.0;1964.0;1;1;1;1;1;1;1;1;1;1;1;1;1;1;1;1;1;1;1;1;1;1;1;1;1;1;1;1;1;1;1
15340000;2;01/1982;1;1;1980.0;1745.0;1897.0;24;1;1;1;1;1659.0;1;1745.0;1755.0;1765.0;1775.0;1784.0;1793.0;1814.0;1831.0;1842.0;1853.0;1863.0;1874.0;1884.0;1895.0;1909.0;1922.0;1934.0;1943.0;1952.0;1961.0;1969.0;1973.0;1979.0;1980.0;1980.0;1980.0;1980.0;1979.0;1975.0;1969.0;1964.0;1;1;1;1;1;1;1;1;1;1;1;1;1;1;1;1;1;1;1;1;1;1;1;1;1;1;1;1;1;1;1
15340000;1;02/1982;1;1;2006.0;1920.0;1967.0;27;6;1;1;1;1659.0;1;1959.0;1952.0;1942.0;1932.0;1924.0;1920.0;1920.0;1923.0;1934.0;1945.0;1955.0;1965.0;1969.0;1970.0;1971.0;1973.0;1979.0;1984.0;1985.0;1985.0;1990.0;1995.0;1999.0;2000.0;2002.0;2005.0;2006.0;2005.0;;;;1;1;1;1;1;1;1;1;1;1;1;1;1;1;1;1;1;1;1;1;1;1;1;1;1;1;1;1;0;0;0
15340000;2;02/1982;1;1;2006.0;1920.0;1967.0;27;6;1;1;1;1659.0;1;1959.0;1952.0;1942.0;1932.0;1924.0;1920.0;1920.0;1923.0;1934.0;1945.0;1955.0;1965.0;1969.0;1970.0;1971.0;1973.0;1979.0;1984.0;1985.0;1985.0;1990.0;1995.0;1999.0;2000.0;2002.0;2005.0;2006.0;2005.0;;;;1;1;1;1;1;1;1;1;1;1;1;1;1;1;1;1;1;1;1;1;1;1;1;1;1;1;1;1;0;0;0
15340000;1;03/1982;1;1;2127.0;2000.0;2075.0;18;3;1;1;1;1659.0;1;2003.0;2001.0;2000.0;2004.0;2012.0;2019.0;2023.0;2029.0;2036.0;2042.0;2051.0;2065.0;2077.0;2092.0;2107.0;2118.0;2125.0;2127.0;2126.0;2119.0;2113.0;2109.0;2103.0;2099.0;2098.0;2098.0;2099.0;2102.0;2106.0;2111.0;2117.0;1;1;1;1;1;1;1;1;1;1;1;1;1;1;1;1;1;1;1;1;1;1;1;1;1;1;1;1;1;1;1
15340000;2;03/1982;1;1;2127.0;2000.0;2075.0;18;3;1;1;1;1659.0;1;2003.0;2001.0;2000.0;2004.0;2012.0;2019.0;2023.0;2029.0;2036.0;2042.0;2051.0;2065.0;2077.0;2092.0;2107.0;2118.0;2125.0;2127.0;2126.0;2119.0;2113.0;2109.0;2103.0;2099.0;2098.0;2098.0;2099.0;2102.0;2106.0;2111.0;2117.0;1;1;1;1;1;1;1;1;1;1;1;1;1;1;1;1;1;1;1;1;1;1;1;1;1;1;1;1;1;1;1
15340000;1;04/1982;1;1;2150.0;2089.0;2120.0;21;29;1;1;1;1659.0;1;2124.0;2130.0;2139.0;2144.0;2144.0;2141.0;2137.0;2129.0;2118.0;2111.0;2102.0;2098.0;2098.0;2098.0;2098.0;2104.0;2113.0;2125.0;2135.0;2145.0;2150.0;2149.0;2141.0;2131.0;2122.0;2112.0;2102.0;2094.0;2089.0;2091.0;;1;1;1;1;1;1;1;1;1;1;1;1;1;1;1;1;1;1;1;1;1;1;1;1;1;1;1;1;1;1;0
15340000;2;04/1982;1;1;2150.0;2089.0;2120.0;21;29;1;1;1;1659.0;1;2124.0;2130.0;2139.0;2144.0;2144.0;2141.0;2137.0;2129.0;2118.0;2111.0;2102.0;2098.0;2098.0;2098.0;2098.0;2104.0;2113.0;2125.0;2135.0;2145.0;2150.0;2149.0;2141.0;2131.0;2122.0;2112.0;2102.0;2094.0;2089.0;2091.0;;1;1;1;1;1;1;1;1;1;1;1;1;1;1;1;1;1;1;1;1;1;1;1;1;1;1;1;1;1;1;0
15340000;1;05/1982;1;1;2093.0;1870.0;1942.0;1;31;1;1;1;1659.0;1;2093.0;2091.0;2082.0;2064.0;2040.0;2017.0;1995.0;1978.0;1961.0;1946.0;1933.0;1922.0;1905.0;1901.0;1898.0;1897.0;1909.0;1920.0;1913.0;1904.0;1897.0;1897.0;1904.0;1905.0;1906.0;1906.0;1895.0;1885.0;1881.0;1877.0;1870.0;1;1;1;1;1;1;1;1;1;1;1;1;1;1;1;1;1;1;1;1;1;1;1;1;1;1;1;1;1;1;1
15340000;2;05/1982;1;1;2093.0;1870.0;1942.0;1;31;1;1;1;1659.0;1;2093.0;2091.0;2082.0;2064.0;2040.0;2017.0;1995.0;1978.0;1961.0;1946.0;1933.0;1922.0;1905.0;1901.0;1898.0;1897.0;1909.0;1920.0;1913.0;1904.0;1897.0;1897.0;1904.0;1905.0;1906.0;1906.0;1895.0;1885.0;1881.0;1877.0;1870.0;1;1;1;1;1;1;1;1;1;1;1;1;1;1;1;1;1;1;1;1;1;1;1;1;1;1;1;1;1;1;1
15340000;1;06/1982;1;1;1860.0;1626.0;1716.0;1;30;1;1;1;1659.0;1;1855.0;1838.0;1820.0;1794.0;1771.0;1743.0;1725.0;1717.0;1712.0;1706.0;1701.0;1700.0;1702.0;1714.0;1732.0;1741.0;1741.0;1734.0;1718.0;1704.0;1693.0;1682.0;1674.0;1668.0;1667.0;1660.0;1653.0;1645.0;1634.0;1626.0;;1;1;1;1;1;1;1;1;1;1;1;1;1;1;1;1;1;1;1;1;1;1;1;1;1;1;1;1;1;1;0
15340000;2;06/1982;1;1;1855.0;1626.0;1716.0;1;30;1;1;1;1659.0;1;1855.0;1838.0;1820.0;1794.0;1771.0;1743.0;1725.0;1717.0;1712.0;1706.0;1701.0;1700.0;1702.0;1714.0;1732.0;1741.0;1741.0;1734.0;1718.0;1704.0;1693.0;1682.0;1674.0;1668.0;1667.0;1660.0;1653.0;1645.0;1634.0;1626.0;;1;1;1;1;1;1;1;1;1;1;1;1;1;1;1;1;1;1;1;1;1;1;1;1;1;1;1;1;1;1;0
15340000;1;07/1982;1;1;1675.0;1433.0;1543.0;20;31;1;1;1;1659.0;1;1614.0;1590.0;1557.0;1539.0;1521.0;1511.0;1500.0;1489.0;1481.0;1474.0;1467.0;1460.0;1494.0;1525.0;1550.0;1569.0;1595.0;1633.0;1667.0;1673.0;1663.0;1637.0;1598.0;1570.0;1553.0;1535.0;1518.0;1486.0;1483.0;1457.0;1433.0;1;1;1;1;1;1;1;1;1;1;1;1;1;1;1;1;1;1;1;1;1;1;1;1;1;1;1;1;1;1;1
15340000;2;07/1982;1;1;1673.0;1433.0;1543.0;20;31;1;1;1;1659.0;1;1614.0;1590.0;1557.0;1539.0;1521.0;1511.0;1500.0;1489.0;1481.0;1474.0;1467.0;1460.0;1494.0;1525.0;1550.0;1569.0;1595.0;1633.0;1667.0;1673.0;1663.0;1637.0;1598.0;1570.0;1553.0;1535.0;1518.0;1486.0;1483.0;1457.0;1433.0;1;1;1;1;1;1;1;1;1;1;1;1;1;1;1;1;1;1;1;1;1;1;1;1;1;1;1;1;1;1;1
15340000;1;08/1982;1;1;1400.0;1062.0;1204.0;1;31;1;1;1;1659.0;1;1395.0;1345.0;1304.0;1285.0;1288.0;1287.0;1283.0;1274.0;1254.0;1243.0;1232.0;1227.0;1225.0;1214.0;1206.0;1199.0;1188.0;1177.0;1176.0;1173.0;1162.0;1153.0;1153.0;1156.0;1148.0;1136.0;1115.0;1100.0;1091.0;1079.0;1062.0;1;1;1;1;1;1;1;1;1;1;1;1;1;1;1;1;1;1;1;1;1;1;1;1;1;1;1;1;1;1;1
15340000;2;08/1982;1;1;1395.0;1062.0;1204.0;1;31;1;1;1;1659.0;1;1395.0;1345.0;1304.0;1285.0;1288.0;1287.0;1283.0;1274.0;1254.0;1243.0;1232.0;1227.0;1225.0;1214.0;1206.0;1199.0;1188.0;1177.0;1176.0;1173.0;1162.0;1153.0;1153.0;1156.0;1148.0;1136.0;1115.0;1100.0;1091.0;1079.0;1062.0;1;1;1;1;1;1;1;1;1;1;1;1;1;1;1;1;1;1;1;1;1;1;1;1;1;1;1;1;1;1;1
15340000;1;09/1982;1;1;1134.0;928.0;997.0;30;19;1;1;1;1659.0;1;1055.0;1046.0;1034.0;1023.0;1014.0;1013.0;1009.0;1004.0;993.0;982.0;974.0;965.0;957.0;953.0;947.0;943.0;938.0;931.0;928.0;928.0;939.0;954.0;972.0;993.0;1014.0;1039.0;1063.0;1080.0;1102.0;1128.0;;1;1;1;1;1;1;1;1;1;1;1;1;1;1;1;1;1;1;1;1;1;1;1;1;1;1;1;1;1;1;0
15340000;2;09/1982;1;1;1128.0;928.0;997.0;30;19;1;1;1;1659.0;1;1055.0;1046.0;1034.0;1023.0;1014.0;1013.0;1009.0;1004.0;993.0;982.0;974.0;965.0;957.0;953.0;947.0;943.0;938.0;931.0;928.0;928.0;939.0;954.0;972.0;993.0;1014.0;1039.0;1063.0;1080.0;1102.0;1128.0;;1;1;1;1;1;1;1;1;1;1;1;1;1;1;1;1;1;1;1;1;1;1;1;1;1;1;1;1;1;1;0
15340000;1;10/1982;1;1;1441.0;1104.0;1270.0;18;8;1;1;1;1659.0;1;1158.0;1148.0;1133.0;1128.0;1125.0;1119.0;1113.0;1104.0;1120.0;1176.0;1210.0;1235.0;1271.0;1333.0;1378.0;1410.0;1438.0;1441.0;1428.0;1380.0;1332.0;1318.0;1300.0;1283.0;1282.0;1291.0;1302.0;1308.0;1323.0;1375.0;1396.0;1;1;1;1;1;1;1;1;1;1;1;1;1;1;1;1;1;1;1;1;1;1;1;1;1;1;1;1;1;1;1
15340000;2;10/1982;1;1;1441.0;1104.0;1270.0;18;8;1;1;1;1659.0;1;1158.0;1148.0;1133.0;1128.0;1125.0;1119.0;1113.0;1104.0;1120.0;1176.0;1210.0;1235.0;1271.0;1333.0;1378.0;1410.0;1438.0;1441.0;1428.0;1380.0;1332.0;1318.0;1300.0;1283.0;1282.0;1291.0;1302.0;1308.0;1323.0;1375.0;1396.0;1;1;1;1;1;1;1;1;1;1;1;1;1;1;1;1;1;1;1;1;1;1;1;1;1;1;1;1;1;1;1
15340000;1;11/1982;1;1;1684.0;1322.0;1523.0;30;8;1;1;1;1659.0;1;1415.0;1418.0;1405.0;1382.0;1364.0;1346.0;1323.0;1322.0;1363.0;1418.0;1478.0;1525.0;1542.0;1552.0;1560.0;1572.0;1580.0;1587.0;1593.0;1597.0;1603.0;1607.0;1606.0;1594.0;1609.0;1634.0;1657.0;1675.0;1682.0;1682.0;;1;1;1;1;1;1;1;1;1;1;1;1;1;1;1;1;1;1;1;1;1;1;1;1;1;1;1;1;1;1;0
15340000;2;11/1982;1;1;1682.0;1322.0;1523.0;29;8;1;1;1;1659.0;1;1415.0;1418.0;1405.0;1382.0;1364.0;1346.0;1323.0;1322.0;1363.0;1418.0;1478.0;1525.0;1542.0;1552.0;1560.0;1572.0;1580.0;1587.0;1593.0;1597.0;1603.0;1607.0;1606.0;1594.0;1609.0;1634.0;1657.0;1675.0;1682.0;1682.0;;1;1;1;1;1;1;1;1;1;1;1;1;1;1;1;1;1;1;1;1;1;1;1;1;1;1;1;1;1;1;0
15340000;1;12/1982;1;1;1754.0;1572.0;1654.0;31;7;1;1;1;1659.0;1;1669.0;1648.0;1632.0;1605.0;1588.0;1577.0;1572.0;1584.0;1597.0;1609.0;1623.0;1630.0;1636.0;1636.0;1625.0;1620.0;1630.0;1650.0;1666.0;1674.0;1677.0;1667.0;1661.0;1667.0;1682.0;1707.0;1732.0;1747.0;1753.0;1753.0;1745.0;1;1;1;1;1;1;1;1;1;1;1;1;1;1;1;1;1;1;1;1;1;1;1;1;1;1;1;1;1;1;1
15340000;2;12/1982;1;1;1753.0;1572.0;1654.0;29;7;1;1;1;1659.0;1;1669.0;1648.0;1632.0;1605.0;1588.0;1577.0;1572.0;1584.0;1597.0;1609.0;1623.0;1630.0;1636.0;1636.0;1625.0;1620.0;1630.0;1650.0;1666.0;1674.0;1677.0;1667.0;1661.0;1667.0;1682.0;1707.0;1732.0;1747.0;1753.0;1753.0;1745.0;1;1;1;1;1;1;1;1;1;1;1;1;1;1;1;1;1;1;1;1;1;1;1;1;1;1;1;1;1;1;1
15340000;1;01/1983;1;1;1744.0;1634.0;1663.0;1;31;1;1;1;1486.0;1;1744.0;1712.0;1686.0;1663.0;1650.0;1650.0;1644.0;1639.0;1641.0;1650.0;1658.0;1668.0;1676.0;1680.0;1680.0;1677.0;1672.0;1663.0;1652.0;1647.0;1646.0;1646.0;1655.0;1663.0;1669.0;1672.0;1665.0;1653.0;1646.0;1638.0;1634.0;1;1;1;1;1;1;1;1;1;1;1;1;1;1;1;1;1;1;1;1;1;1;1;1;1;1;1;1;1;1;1
15340000;2;01/1983;1;1;1744.0;1634.0;1663.0;1;31;1;1;1;1486.0;1;1744.0;1712.0;1686.0;1663.0;1650.0;1650.0;1644.0;1639.0;1641.0;1650.0;1658.0;1668.0;1676.0;1680.0;1680.0;1677.0;1672.0;1663.0;1652.0;1647.0;1646.0;1646.0;1655.0;1663.0;1669.0;1672.0;1665.0;1653.0;1646.0;1638.0;1634.0;1;1;1;1;1;1;1;1;1;1;1;1;1;1;1;1;1;1;1;1;1;1;1;1;1;1;1;1;1;1;1
15340000;1;02/1983;1;1;1954.0;1602.0;1760.0;25;6;1;1;1;1486.0;1;1630.0;1622.0;1616.0;1608.0;1603.0;1602.0;1605.0;1612.0;1623.0;1635.0;1652.0;1667.0;1681.0;1699.0;1718.0;1801.0;1823.0;1840.0;1858.0;1882.0;1902.0;1921.0;1933.0;1945.0;1953.0;1953.0;1949.0;1947.0;;;;1;1;1;1;1;1;1;1;1;1;1;1;1;1;1;1;1;1;1;1;1;1;1;1;1;1;1;1;0;0;0
15340000;2;02/1983;1;1;1953.0;1602.0;1760.0;25;6;1;1;1;1486.0;1;1630.0;1622.0;1616.0;1608.0;1603.0;1602.0;1605.0;1612.0;1623.0;1635.0;1652.0;1667.0;1681.0;1699.0;1718.0;1801.0;1823.0;1840.0;1858.0;1882.0;1902.0;1921.0;1933.0;1945.0;1953.0;1953.0;1949.0;1947.0;;;;1;1;1;1;1;1;1;1;1;1;1;1;1;1;1;1;1;1;1;1;1;1;1;1;1;1;1;1;0;0;0
15340000;1;03/1983;1;1;1990.0;1897.0;1952.0;24;31;1;1;1;1486.0;1;1943.0;1940.0;1938.0;1931.0;1922.0;1916.0;1917.0;1923.0;1929.0;1932.0;1927.0;1927.0;1934.0;1943.0;1952.0;1960.0;1967.0;1972.0;1978.0;1983.0;1984.0;1984.0;1987.0;1990.0;1990.0;1990.0;1986.0;1979.0;1957.0;1928.0;1897.0;1;1;1;1;1;1;1;1;1;1;1;1;1;1;1;1;1;1;1;1;1;1;1;1;1;1;1;1;1;1;1
15340000;2;03/1983;1;1;1990.0;1897.0;1952.0;24;31;1;1;1;1486.0;1;1943.0;1940.0;1938.0;1931.0;1922.0;1916.0;1917.0;1923.0;1929.0;1932.0;1927.0;1927.0;1934.0;1943.0;1952.0;1960.0;1967.0;1972.0;1978.0;1983.0;1984.0;1984.0;1987.0;1990.0;1990.0;1990.0;1986.0;1979.0;1957.0;1928.0;1897.0;1;1;1;1;1;1;1;1;1;1;1;1;1;1;1;1;1;1;1;1;1;1;1;1;1;1;1;1;1;1;1
15340000;1;04/1983;1;1;1896.0;1811.0;1861.0;11;26;1;1;1;1486.0;1;1869.0;1851.0;1848.0;1857.0;1858.0;1852.0;1848.0;1858.0;1876.0;1892.0;1896.0;1892.0;1891.0;1886.0;1876.0;1863.0;1866.0;1868.0;1868.0;1872.0;1877.0;1871.0;1855.0;1840.0;1826.0;1811.0;1817.0;1835.0;1851.0;1855.0;;1;1;1;1;1;1;1;1;1;1;1;1;1;1;1;1;1;1;1;1;1;1;1;1;1;1;1;1;1;1;0
15340000;2;04/1983;1;1;1896.0;1811.0;1861.0;11;26;1;1;1;1486.0;1;1869.0;1851.0;1848.0;1857.0;1858.0;1852.0;1848.0;1858.0;1876.0;1892.0;1896.0;1892.0;1891.0;1886.0;1876.0;1863.0;1866.0;1868.0;1868.0;1872.0;1877.0;1871.0;1855.0;1840.0;1826.0;1811.0;1817.0;1835.0;1851.0;1855.0;;1;1;1;1;1;1;1;1;1;1;1;1;1;1;1;1;1;1;1;1;1;1;1;1;1;1;1;1;1;1;0
15340000;1;05/1983;1;1;1907.0;1782.0;1860.0;17;31;1;1;1;1486.0;1;1877.0;1878.0;1878.0;1878.0;1878.0;1875.0;1870.0;1864.0;1860.0;1860.0;1865.0;1871.0;1865.0;1848.0;1827.0;1828.0;1852.0;1886.0;1907.0;1903.0;1889.0;1860.0;1846.0;1839.0;1843.0;1854.0;1861.0;1856.0;1840.0;1815.0;1782.0;1;1;1;1;1;1;1;1;1;1;1;1;1;1;1;1;1;1;1;1;1;1;1;1;1;1;1;1;1;1;1
15340000;2;05/1983;1;1;1907.0;1782.0;1860.0;19;31;1;1;1;1486.0;1;1877.0;1878.0;1878.0;1878.0;1878.0;1875.0;1870.0;1864.0;1860.0;1860.0;1865.0;1871.0;1865.0;1848.0;1827.0;1828.0;1852.0;1886.0;1907.0;1903.0;1889.0;1860.0;1846.0;1839.0;1843.0;1854.0;1861.0;1856.0;1840.0;1815.0;1782.0;1;1;1;1;1;1;1;1;1;1;1;1;1;1;1;1;1;1;1;1;1;1;1;1;1;1;1;1;1;1;1
15340000;1;06/1983;1;1;1762.0;1584.0;1659.0;1;29;1;1;1;1486.0;1;1755.0;1728.0;1712.0;1717.0;1720.0;1713.0;1702.0;1685.0;1665.0;1650.0;1640.0;1647.0;1663.0;1680.0;1676.0;1671.0;1670.0;1670.0;1664.0;1654.0;1643.0;1632.0;1626.0;1615.0;1608.0;1601.0;1596.0;1589.0;1584.0;1586.0;;1;1;1;1;1;1;1;1;1;1;1;1;1;1;1;1;1;1;1;1;1;1;1;1;1;1;1;1;1;1;0
15340000;2;06/1983;1;1;1755.0;1584.0;1659.0;1;29;1;1;1;1486.0;1;1755.0;1728.0;1712.0;1717.0;1720.0;1713.0;1702.0;1685.0;1665.0;1650.0;1640.0;1647.0;1663.0;1680.0;1676.0;1671.0;1670.0;1670.0;1664.0;1654.0;1643.0;1632.0;1626.0;1615.0;1608.0;1601.0;1596.0;1589.0;1584.0;1586.0;;1;1;1;1;1;1;1;1;1;1;1;1;1;1;1;1;1;1;1;1;1;1;1;1;1;1;1;1;1;1;0
15340000;1;07/1983;1;1;1681.0;1463.0;1575.0;21;30;1;1;1;1486.0;1;1592.0;1594.0;1592.0;1586.0;1580.0;1584.0;1582.0;1572.0;1562.0;1558.0;1566.0;1570.0;1565.0;1562.0;1585.0;1610.0;1630.0;1644.0;1646.0;1671.0;1678.0;1660.0;1623.0;1591.0;1554.0;1525.0;1467.0;1480.0;1469.0;1463.0;1463.0;1;1;1;1;1;1;1;1;1;1;1;1;1;1;1;1;1;1;1;1;1;1;1;1;1;1;1;1;1;1;1
15340000;2;07/1983;1;1;1678.0;1463.0;1575.0;21;30;1;1;1;1486.0;1;1592.0;1594.0;1592.0;1586.0;1580.0;1584.0;1582.0;1572.0;1562.0;1558.0;1566.0;1570.0;1565.0;1562.0;1585.0;1610.0;1630.0;1644.0;1646.0;1671.0;1678.0;1660.0;1623.0;1591.0;1554.0;1525.0;1467.0;1480.0;1469.0;1463.0;1463.0;1;1;1;1;1;1;1;1;1;1;1;1;1;1;1;1;1;1;1;1;1;1;1;1;1;1;1;1;1;1;1
15340000;1;08/1983;1;1;1466.0;1021.0;1254.0;1;31;1;1;1;1486.0;1;1466.0;1465.0;1457.0;1445.0;1447.0;1457.0;1458.0;1442.0;1420.0;1402.0;1373.0;1330.0;1293.0;1267.0;1245.0;1227.0;1210.0;1198.0;1190.0;1171.0;1154.0;1141.0;1128.0;1109.0;1091.0;1079.0;1070.0;1050.0;1037.0;1030.0;1021.0;1;1;1;1;1;1;1;1;1;1;1;1;1;1;1;1;1;1;1;1;1;1;1;1;1;1;1;1;1;1;1
15340000;2;08/1983;1;1;1466.0;1021.0;1254.0;1;31;1;1;1;1486.0;1;1466.0;1465.0;1457.0;1445.0;1447.0;1457.0;1458.0;1442.0;1420.0;1402.0;1373.0;1330.0;1293.0;1267.0;1245.0;1227.0;1210.0;1198.0;1190.0;1171.0;1154.0;1141.0;1128.0;1109.0;1091.0;1079.0;1070.0;1050.0;1037.0;1030.0;1021.0;1;1;1;1;1;1;1;1;1;1;1;1;1;1;1;1;1;1;1;1;1;1;1;1;1;1;1;1;1;1;1
15340000;1;09/1983;1;1;1011.0;904.0;935.0;15;13;1;1;1;1486.0;1;1008.0;995.0;986.0;970.0;959.0;951.0;944.0;936.0;928.0;919.0;911.0;906.0;904.0;908.0;910.0;916.0;927.0;936.0;942.0;949.0;941.0;928.0;927.0;925.0;923.0;921.0;920.0;918.0;915.0;914.0;;1;1;1;1;1;1;1;1;1;1;1;1;1;1;1;1;1;1;1;1;1;1;1;1;1;1;1;1;1;1;0
15340000;2;09/1983;1;1;1008.0;904.0;935.0;1;13;1;1;1;1486.0;1;1008.0;995.0;986.0;970.0;959.0;951.0;944.0;936.0;928.0;919.0;911.0;906.0;904.0;908.0;910.0;916.0;927.0;936.0;942.0;949.0;941.0;928.0;927.0;925.0;923.0;921.0;920.0;918.0;915.0;914.0;;1;1;1;1;1;1;1;1;1;1;1;1;1;1;1;1;1;1;1;1;1;1;1;1;1;1;1;1;1;1;0
15340000;1;10/1983;1;1;995.0;877.0;919.0;18;16;1;1;1;1486.0;1;912.0;906.0;903.0;901.0;898.0;896.0;893.0;892.0;892.0;889.0;884.0;880.0;878.0;879.0;879.0;877.0;879.0;885.0;898.0;917.0;933.0;943.0;949.0;954.0;965.0;980.0;990.0;994.0;988.0;985.0;979.0;1;1;1;1;1;1;1;1;1;1;1;1;1;1;1;1;1;1;1;1;1;1;1;1;1;1;1;1;1;1;1
15340000;2;10/1983;1;1;994.0;877.0;919.0;28;16;1;1;1;1486.0;1;912.0;906.0;903.0;901.0;898.0;896.0;893.0;892.0;892.0;889.0;884.0;880.0;878.0;879.0;879.0;877.0;879.0;885.0;898.0;917.0;933.0;943.0;949.0;954.0;965.0;980.0;990.0;994.0;988.0;985.0;979.0;1;1;1;1;1;1;1;1;1;1;1;1;1;1;1;1;1;1;1;1;1;1;1;1;1;1;1;1;1;1;1
15340000;1;11/1983;1;1;1231.0;963.0;1081.0;30;7;1;1;1;1486.0;1;975.0;973.0;972.0;971.0;969.0;967.0;963.0;966.0;968.0;974.0;1000.0;1006.0;1009.0;1027.0;1072.0;1121.0;1146.0;1152.0;1160.0;1175.0;1194.0;1197.0;1192.0;1184.0;1176.0;1166.0;1163.0;1172.0;1200.0;1228.0;;1;1;1;1;1;1;1;1;1;1;1;1;1;1;1;1;1;1;1;1;1;1;1;1;1;1;1;1;1;1;0
15340000;2;11/1983;1;1;1228.0;963.0;1081.0;30;7;1;1;1;1486.0;1;975.0;973.0;972.0;971.0;969.0;967.0;963.0;966.0;968.0;974.0;1000.0;1006.0;1009.0;1027.0;1072.0;1121.0;1146.0;1152.0;1160.0;1175.0;1194.0;1197.0;1192.0;1184.0;1176.0;1166.0;1163.0;1172.0;1200.0;1228.0;;1;1;1;1;1;1;1;1;1;1;1;1;1;1;1;1;1;1;1;1;1;1;1;1;1;1;1;1;1;1;0
15340000;1;12/1983;1;1;1400.0;1204.0;1309.0;10;24;1;1;1;1486.0;1;1245.0;1265.0;1284.0;1310.0;1331.0;1332.0;1337.0;1355.0;1388.0;1392.0;1390.0;1381.0;1375.0;1373.0;1368.0;1355.0;1335.0;1315.0;1285.0;1265.0;1235.0;1217.0;1208.0;1204.0;1209.0;1223.0;1250.0;1280.0;1320.0;1350.0;1390.0;1;1;1;1;1;1;1;1;1;1;1;1;1;1;1;1;1;1;1;1;1;1;1;1;1;1;1;1;1;1;1
15340000;2;12/1983;1;1;1392.0;1204.0;1309.0;10;24;1;1;1;1486.0;1;1245.0;1265.0;1284.0;1310.0;1331.0;1332.0;1337.0;1355.0;1388.0;1392.0;1390.0;1381.0;1375.0;1373.0;1368.0;1355.0;1335.0;1315.0;1285.0;1265.0;1235.0;1217.0;1208.0;1204.0;1209.0;1223.0;1250.0;1280.0;1320.0;1350.0;1390.0;1;1;1;1;1;1;1;1;1;1;1;1;1;1;1;1;1;1;1;1;1;1;1;1;1;1;1;1;1;1;1
15340000;1;01/1984;1;1;1882.0;1412.0;1741.0;25;1;1;1;1;1559.0;1;1412.0;1424.0;1432.0;1450.0;1496.0;1540.0;1573.0;1621.0;1672.0;1710.0;1750.0;1775.0;1793.0;1802.0;1807.0;1812.0;1822.0;1832.0;1838.0;1842.0;1847.0;1852.0;1862.0;1872.0;1881.0;1881.0;1877.0;1873.0;1870.0;1872.0;1876.0;1;1;1;1;1;1;1;1;1;1;1;1;1;1;1;1;1;1;1;1;1;1;1;1;1;1;1;1;1;1;1
15340000;2;01/1984;1;1;1881.0;1412.0;1741.0;25;1;1;1;1;1559.0;1;1412.0;1424.0;1432.0;1450.0;1496.0;1540.0;1573.0;1621.0;1672.0;1710.0;1750.0;1775.0;1793.0;1802.0;1807.0;1812.0;1822.0;1832.0;1838.0;1842.0;1847.0;1852.0;1862.0;1872.0;1881.0;1881.0;1877.0;1873.0;1870.0;1872.0;1876.0;1;1;1;1;1;1;1;1;1;1;1;1;1;1;1;1;1;1;1;1;1;1;1;1;1;1;1;1;1;1;1
15340000;1;02/1984;1;1;2037.0;1881.0;1968.0;28;1;1;1;1;1559.0;1;1881.0;1887.0;1893.0;1898.0;1904.0;1912.0;1923.0;1932.0;1942.0;1947.0;1951.0;1954.0;1957.0;1963.0;1969.0;1976.0;1984.0;1992.0;1998.0;2003.0;2007.0;2011.0;2014.0;2017.0;2024.0;2030.0;2033.0;2037.0;2037.0;;;1;1;1;1;1;1;1;1;1;1;1;1;1;1;1;1;1;1;1;1;1;1;1;1;1;1;1;1;1;0;0
15340000;2;02/1984;1;1;2037.0;1881.0;1968.0;28;1;1;1;1;1559.0;1;1881.0;1887.0;1893.0;1898.0;1904.0;1912.0;1923.0;1932.0;1942.0;1947.0;1951.0;1954.0;1957.0;1963.0;1969.0;1976.0;1984.0;1992.0;1998.0;2003.0;2007.0;2011.0;2014.0;2017.0;2024.0;2030.0;2033.0;2037.0;2037.0;;;1;1;1;1;1;1;1;1;1;1;1;1;1;1;1;1;1;1;1;1;1;1;1;1;1;1;1;1;1;0;0
15340000;1;03/1984;1;1;2147.0;2044.0;2083.0;31;1;1;1;1;1559.0;1;2044.0;2046.0;2050.0;2054.0;2066.0;2074.0;2078.0;2082.0;2084.0;2086.0;2086.0;2084.0;2080.0;2070.0;2062.0;2060.0;2059.0;2064.0;2069.0;2072.0;2074.0;2078.0;2085.0;2095.0;2104.0;2113.0;2121.0;2125.0;2132.0;2138.0;2146.0;1;1;1;1;1;1;1;1;1;1;1;1;1;1;1;1;1;1;1;1;1;1;1;1;1;1;1;1;1;1;1
15340000;2;03/1984;1;1;2146.0;2044.0;2083.0;31;1;1;1;1;1559.0;1;2044.0;2046.0;2050.0;2054.0;2066.0;2074.0;2078.0;2082.0;2084.0;2086.0;2086.0;2084.0;2080.0;2070.0;2062.0;2060.0;2059.0;2064.0;2069.0;2072.0;2074.0;2078.0;2085.0;2095.0;2104.0;2113.0;2121.0;2125.0;2132.0;2138.0;2146.0;1;1;1;1;1;1;1;1;1;1;1;1;1;1;1;1;1;1;1;1;1;1;1;1;1;1;1;1;1;1;1
15340000;1;04/1984;1;1;2208.0;2132.0;2169.0;12;22;1;1;1;1559.0;1;2150.0;2154.0;2160.0;2167.0;2175.0;2180.0;2186.0;2193.0;2198.0;2202.0;2204.0;2208.0;2202.0;2192.0;2188.0;2184.0;2174.0;2166.0;2157.0;2149.0;2141.0;2132.0;2134.0;2140.0;2150.0;2150.0;2156.0;2161.0;2161.0;2161.0;;1;1;1;1;1;1;1;1;1;1;1;1;1;1;1;1;1;1;1;1;1;1;1;1;1;1;1;1;1;1;0
15340000;2;04/1984;1;1;2208.0;2132.0;2169.0;12;22;1;1;1;1559.0;1;2150.0;2154.0;2160.0;2167.0;2175.0;2180.0;2186.0;2193.0;2198.0;2202.0;2204.0;2208.0;2202.0;2192.0;2188.0;2184.0;2174.0;2166.0;2157.0;2149.0;2141.0;2132.0;2134.0;2140.0;2150.0;2150.0;2156.0;2161.0;2161.0;2161.0;;1;1;1;1;1;1;1;1;1;1;1;1;1;1;1;1;1;1;1;1;1;1;1;1;1;1;1;1;1;1;0
15340000;1;05/1984;1;1;2160.0;1800.0;1959.0;1;31;1;1;1;1559.0;1;2158.0;2140.0;2121.0;2106.0;2094.0;2073.0;2052.0;2034.0;2026.0;2009.0;2002.0;1996.0;1991.0;1985.0;1976.0;1966.0;1956.0;1942.0;1926.0;1912.0;1903.0;1891.0;1876.0;1859.0;1848.0;1839.0;1828.0;1820.0;1810.0;1804.0;1800.0;1;1;1;1;1;1;1;1;1;1;1;1;1;1;1;1;1;1;1;1;1;1;1;1;1;1;1;1;1;1;1
15340000;2;05/1984;1;1;2158.0;1800.0;1959.0;1;31;1;1;1;1559.0;1;2158.0;2140.0;2121.0;2106.0;2094.0;2073.0;2052.0;2034.0;2026.0;2009.0;2002.0;1996.0;1991.0;1985.0;1976.0;1966.0;1956.0;1942.0;1926.0;1912.0;1903.0;1891.0;1876.0;1859.0;1848.0;1839.0;1828.0;1820.0;1810.0;1804.0;1800.0;1;1;1;1;1;1;1;1;1;1;1;1;1;1;1;1;1;1;1;1;1;1;1;1;1;1;1;1;1;1;1
15340000;1;06/1984;1;1;1848.0;1575.0;1691.0;4;27;1;1;1;1559.0;1;1798.0;1794.0;1818.0;1848.0;1836.0;1814.0;1792.0;1775.0;1760.0;1755.0;1750.0;1737.0;1718.0;1703.0;1680.0;1661.0;1644.0;1627.0;1630.0;1639.0;1638.0;1622.0;1605.0;1594.0;1586.0;1579.0;1575.0;1585.0;1592.0;1576.0;;1;1;1;1;1;1;1;1;1;1;1;1;1;1;1;1;1;1;1;1;1;1;1;1;1;1;1;1;1;1;0
15340000;2;06/1984;1;1;1848.0;1575.0;1691.0;4;27;1;1;1;1559.0;1;1798.0;1794.0;1818.0;1848.0;1836.0;1814.0;1792.0;1775.0;1760.0;1755.0;1750.0;1737.0;1718.0;1703.0;1680.0;1661.0;1644.0;1627.0;1630.0;1639.0;1638.0;1622.0;1605.0;1594.0;1586.0;1579.0;1575.0;1585.0;1592.0;1576.0;;1;1;1;1;1;1;1;1;1;1;1;1;1;1;1;1;1;1;1;1;1;1;1;1;1;1;1;1;1;1;0
15340000;1;07/1984;1;1;1564.0;1175.0;1368.0;1;31;1;1;1;1559.0;1;1562.0;1552.0;1548.0;1543.0;1519.0;1487.0;1461.0;1434.0;1409.0;1385.0;1365.0;1347.0;1338.0;1325.0;1340.0;1370.0;1420.0;1418.0;1385.0;1355.0;1325.0;1312.0;1309.0;1302.0;1285.0;1265.0;1245.0;1225.0;1207.0;1193.0;1175.0;1;1;1;1;1;1;1;1;1;1;1;1;1;1;1;1;1;1;1;1;1;1;1;1;1;1;1;1;1;1;1
15340000;2;07/1984;1;1;1562.0;1175.0;1368.0;1;31;1;1;1;1559.0;1;1562.0;1552.0;1548.0;1543.0;1519.0;1487.0;1461.0;1434.0;1409.0;1385.0;1365.0;1347.0;1338.0;1325.0;1340.0;1370.0;1420.0;1418.0;1385.0;1355.0;1325.0;1312.0;1309.0;1302.0;1285.0;1265.0;1245.0;1225.0;1207.0;1193.0;1175.0;1;1;1;1;1;1;1;1;1;1;1;1;1;1;1;1;1;1;1;1;1;1;1;1;1;1;1;1;1;1;1
15340000;1;08/1984;1;1;1160.0;914.0;1007.0;1;29;1;1;1;1559.0;1;1155.0;1135.0;1115.0;1095.0;1075.0;1055.0;1035.0;1017.0;1010.0;1011.0;1018.0;1032.0;1031.0;1018.0;1009.0;1002.0;997.0;993.0;988.0;979.0;975.0;974.0;974.0;967.0;957.0;945.0;931.0;920.0;914.0;929.0;956.0;1;1;1;1;1;1;1;1;1;1;1;1;1;1;1;1;1;1;1;1;1;1;1;1;1;1;1;1;1;1;1
15340000;2;08/1984;1;1;1155.0;914.0;1007.0;1;29;1;1;1;1559.0;1;1155.0;1135.0;1115.0;1095.0;1075.0;1055.0;1035.0;1017.0;1010.0;1011.0;1018.0;1032.0;1031.0;1018.0;1009.0;1002.0;997.0;993.0;988.0;979.0;975.0;974.0;974.0;967.0;957.0;945.0;931.0;920.0;914.0;929.0;956.0;1;1;1;1;1;1;1;1;1;1;1;1;1;1;1;1;1;1;1;1;1;1;1;1;1;1;1;1;1;1;1
15340000;1;09/1984;1;1;968.0;785.0;843.0;1;27;1;1;1;1559.0;1;967.0;954.0;936.0;921.0;906.0;893.0;887.0;876.0;871.0;859.0;851.0;845.0;839.0;832.0;823.0;820.0;823.0;823.0;816.0;809.0;805.0;801.0;797.0;796.0;791.0;787.0;785.0;788.0;798.0;803.0;;1;1;1;1;1;1;1;1;1;1;1;1;1;1;1;1;1;1;1;1;1;1;1;1;1;1;1;1;1;1;0
15340000;2;09/1984;1;1;967.0;785.0;843.0;1;27;1;1;1;1559.0;1;967.0;954.0;936.0;921.0;906.0;893.0;887.0;876.0;871.0;859.0;851.0;845.0;839.0;832.0;823.0;820.0;823.0;823.0;816.0;809.0;805.0;801.0;797.0;796.0;791.0;787.0;785.0;788.0;798.0;803.0;;1;1;1;1;1;1;1;1;1;1;1;1;1;1;1;1;1;1;1;1;1;1;1;1;1;1;1;1;1;1;0
15340000;1;10/1984;1;1;1138.0;801.0;889.0;29;18;1;1;1;1559.0;1;824.0;846.0;858.0;877.0;888.0;894.0;896.0;887.0;869.0;852.0;838.0;826.0;810.0;809.0;804.0;804.0;802.0;801.0;801.0;802.0;808.0;811.0;818.0;850.0;916.0;1002.0;1074.0;1124.0;1137.0;1128.0;1111.0;1;1;1;1;1;1;1;1;1;1;1;1;1;1;1;1;1;1;1;1;1;1;1;1;1;1;1;1;1;1;1
15340000;2;10/1984;1;1;1137.0;801.0;889.0;29;18;1;1;1;1559.0;1;824.0;846.0;858.0;877.0;888.0;894.0;896.0;887.0;869.0;852.0;838.0;826.0;810.0;809.0;804.0;804.0;802.0;801.0;801.0;802.0;808.0;811.0;818.0;850.0;916.0;1002.0;1074.0;1124.0;1137.0;1128.0;1111.0;1;1;1;1;1;1;1;1;1;1;1;1;1;1;1;1;1;1;1;1;1;1;1;1;1;1;1;1;1;1;1
15340000;1;11/1984;1;1;1617.0;1078.0;1386.0;27;3;1;1;1;1559.0;1;1100.0;1085.0;1078.0;1106.0;1164.0;1226.0;1242.0;1241.0;1235.0;1254.0;1334.0;1371.0;1396.0;1402.0;1394.0;1384.0;1385.0;1443.0;1500.0;1506.0;1508.0;1534.0;1570.0;1586.0;1585.0;1604.0;1614.0;1607.0;1580.0;1555.0;;1;1;1;1;1;1;1;1;1;1;1;1;1;1;1;1;1;1;1;1;1;1;1;1;1;1;1;1;1;1;0
15340000;2;11/1984;1;1;1614.0;1078.0;1386.0;27;3;1;1;1;1559.0;1;1100.0;1085.0;1078.0;1106.0;1164.0;1226.0;1242.0;1241.0;1235.0;1254.0;1334.0;1371.0;1396.0;1402.0;1394.0;1384.0;1385.0;1443.0;1500.0;1506.0;1508.0;1534.0;1570.0;1586.0;1585.0;1604.0;1614.0;1607.0;1580.0;1555.0;;1;1;1;1;1;1;1;1;1;1;1;1;1;1;1;1;1;1;1;1;1;1;1;1;1;1;1;1;1;1;0
15340000;1;12/1984;1;1;1698.0;1532.0;1608.0;14;2;1;1;1;1559.0;1;1538.0;1532.0;1535.0;1538.0;1538.0;1534.0;1542.0;1576.0;1613.0;1610.0;1607.0;1642.0;1679.0;1696.0;1680.0;1658.0;1634.0;1609.0;1600.0;1594.0;1634.0;1655.0;1658.0;1637.0;1612.0;1595.0;1585.0;1632.0;1604.0;1624.0;1644.0;1;1;1;1;1;1;1;1;1;1;1;1;1;1;1;1;1;1;1;1;1;1;1;1;1;1;1;1;1;1;1
15340000;2;12/1984;1;1;1696.0;1532.0;1608.0;14;2;1;1;1;1559.0;1;1538.0;1532.0;1535.0;1538.0;1538.0;1534.0;1542.0;1576.0;1613.0;1610.0;1607.0;1642.0;1679.0;1696.0;1680.0;1658.0;1634.0;1609.0;1600.0;1594.0;1634.0;1655.0;1658.0;1637.0;1612.0;1595.0;1585.0;1632.0;1604.0;1624.0;1644.0;1;1;1;1;1;1;1;1;1;1;1;1;1;1;1;1;1;1;1;1;1;1;1;1;1;1;1;1;1;1;1
15340000;1;01/1985;1;1;1969.0;1667.0;1857.0;22;1;1;1;1;;0;1667.0;1680.0;1678.0;1686.0;1705.0;1723.0;1748.0;1769.0;1785.0;1807.0;1830.0;1850.0;1872.0;1884.0;1894.0;1911.0;1920.0;1932.0;1938.0;1948.0;1957.0;1967.0;1966.0;1959.0;1946.0;1939.0;1938.0;1923.0;1915.0;1914.0;1922.0;1;1;1;1;1;1;1;1;1;1;1;1;1;1;1;1;1;1;1;1;1;1;1;1;1;1;1;1;1;1;1
15340000;2;01/1985;1;1;1967.0;1667.0;1857.0;22;1;1;1;1;1512.0;1;1667.0;1680.0;1678.0;1686.0;1705.0;1723.0;1748.0;1769.0;1785.0;1807.0;1830.0;1850.0;1872.0;1884.0;1894.0;1911.0;1920.0;1932.0;1938.0;1948.0;1957.0;1967.0;1966.0;1959.0;1946.0;1939.0;1938.0;1923.0;1915.0;1914.0;1922.0;1;1;1;1;1;1;1;1;1;1;1;1;1;1;1;1;1;1;1;1;1;1;1;1;1;1;1;1;1;1;1
15340000;1;02/1985;1;1;1970.0;1903.0;1935.0;24;7;1;1;1;;0;1930.0;1936.0;1939.0;1934.0;1920.0;1904.0;1903.0;1914.0;1922.0;1928.0;1927.0;1926.0;1923.0;1920.0;1920.0;1924.0;1922.0;1926.0;1935.0;1943.0;1952.0;1961.0;1969.0;1970.0;1967.0;1960.0;1954.0;1946.0;;;;1;1;1;1;1;1;1;1;1;1;1;1;1;1;1;1;1;1;1;1;1;1;1;1;1;1;1;1;0;0;0
15340000;2;02/1985;1;1;1970.0;1903.0;1935.0;24;7;1;1;1;1512.0;1;1930.0;1936.0;1939.0;1934.0;1920.0;1904.0;1903.0;1914.0;1922.0;1928.0;1927.0;1926.0;1923.0;1920.0;1920.0;1924.0;1922.0;1926.0;1935.0;1943.0;1952.0;1961.0;1969.0;1970.0;1967.0;1960.0;1954.0;1946.0;;;;1;1;1;1;1;1;1;1;1;1;1;1;1;1;1;1;1;1;1;1;1;1;1;1;1;1;1;1;0;0;0
15340000;1;03/1985;1;1;1985.0;1873.0;1922.0;18;30;1;1;1;;0;1932.0;1919.0;1914.0;1902.0;1893.0;1891.0;1890.0;1900.0;1919.0;1928.0;1925.0;1928.0;1930.0;1929.0;1942.0;1962.0;1979.0;1984.0;1975.0;1958.0;1936.0;1916.0;1905.0;1910.0;1926.0;1928.0;1915.0;1898.0;1886.0;1873.0;1876.0;1;1;1;1;1;1;1;1;1;1;1;1;1;1;1;1;1;1;1;1;1;1;1;1;1;1;1;1;1;1;1
15340000;2;03/1985;1;1;1984.0;1873.0;1922.0;18;30;1;1;1;1512.0;1;1932.0;1919.0;1914.0;1902.0;1893.0;1891.0;1890.0;1900.0;1919.0;1928.0;1925.0;1928.0;1930.0;1929.0;1942.0;1962.0;1979.0;1984.0;1975.0;1958.0;1936.0;1916.0;1905.0;1910.0;1926.0;1928.0;1915.0;1898.0;1886.0;1873.0;1876.0;1;1;1;1;1;1;1;1;1;1;1;1;1;1;1;1;1;1;1;1;1;1;1;1;1;1;1;1;1;1;1
15340000;1;04/1985;1;1;1974.0;1874.0;1917.0;10;2;1;1;1;;0;1875.0;1874.0;1876.0;1888.0;1892.0;1890.0;1900.0;1933.0;1958.0;1972.0;1971.0;1960.0;1944.0;1932.0;1922.0;1913.0;1910.0;1908.0;1903.0;1899.0;1888.0;1887.0;1902.0;1921.0;1934.0;1936.0;1927.0;1924.0;1932.0;1949.0;;1;1;1;1;1;1;1;1;1;1;1;1;1;1;1;1;1;1;1;1;1;1;1;1;1;1;1;1;1;1;0
15340000;2;04/1985;1;1;1972.0;1874.0;1917.0;10;2;1;1;1;1512.0;1;1875.0;1874.0;1876.0;1888.0;1892.0;1890.0;1900.0;1933.0;1958.0;1972.0;1971.0;1960.0;1944.0;1932.0;1922.0;1913.0;1910.0;1908.0;1903.0;1899.0;1888.0;1887.0;1902.0;1921.0;1934.0;1936.0;1927.0;1924.0;1932.0;1949.0;;1;1;1;1;1;1;1;1;1;1;1;1;1;1;1;1;1;1;1;1;1;1;1;1;1;1;1;1;1;1;0
15340000;1;05/1985;1;1;1982.0;1760.0;1858.0;4;31;1;1;1;;0;1963.0;1968.0;1975.0;1981.0;1967.0;1947.0;1924.0;1914.0;1903.0;1882.0;1863.0;1847.0;1836.0;1827.0;1821.0;1824.0;1826.0;1828.0;1846.0;1852.0;1854.0;1842.0;1827.0;1817.0;1808.0;1796.0;1788.0;1780.0;1774.0;1767.0;1760.0;1;1;1;1;1;1;1;1;1;1;1;1;1;1;1;1;1;1;1;1;1;1;1;1;1;1;1;1;1;1;1
15340000;2;05/1985;1;1;1981.0;1760.0;1858.0;4;31;1;1;1;1512.0;1;1963.0;1968.0;1975.0;1981.0;1967.0;1947.0;1924.0;1914.0;1903.0;1882.0;1863.0;1847.0;1836.0;1827.0;1821.0;1824.0;1826.0;1828.0;1846.0;1852.0;1854.0;1842.0;1827.0;1817.0;1808.0;1796.0;1788.0;1780.0;1774.0;1767.0;1760.0;1;1;1;1;1;1;1;1;1;1;1;1;1;1;1;1;1;1;1;1;1;1;1;1;1;1;1;1;1;1;1
15340000;1;06/1985;1;1;1751.0;1458.0;1624.0;1;30;1;1;1;;0;1748.0;1739.0;1730.0;1722.0;1723.0;1734.0;1734.0;1724.0;1712.0;1706.0;1700.0;1686.0;1675.0;1655.0;1641.0;1627.0;1615.0;1600.0;1589.0;1577.0;1567.0;1553.0;1541.0;1526.0;1511.0;1497.0;1487.0;1478.0;1465.0;1458.0;;1;1;1;1;1;1;1;1;1;1;1;1;1;1;1;1;1;1;1;1;1;1;1;1;1;1;1;1;1;1;0
15340000;2;06/1985;1;1;1748.0;1458.0;1624.0;1;30;1;1;1;1512.0;1;1748.0;1739.0;1730.0;1722.0;1723.0;1734.0;1734.0;1724.0;1712.0;1706.0;1700.0;1686.0;1675.0;1655.0;1641.0;1627.0;1615.0;1600.0;1589.0;1577.0;1567.0;1553.0;1541.0;1526.0;1511.0;1497.0;1487.0;1478.0;1465.0;1458.0;;1;1;1;1;1;1;1;1;1;1;1;1;1;1;1;1;1;1;1;1;1;1;1;1;1;1;1;1;1;1;0
15340000;1;07/1985;1;1;1450.0;1110.0;1305.0;1;31;1;1;1;;0;1448.0;1438.0;1425.0;1415.0;1405.0;1402.0;1409.0;1415.0;1414.0;1405.0;1395.0;1382.0;1371.0;1357.0;1345.0;1330.0;1316.0;1301.0;1286.0;1270.0;1256.0;1239.0;1224.0;1206.0;1187.0;1168.0;1155.0;1142.0;1130.0;1116.0;1110.0;1;1;1;1;1;1;1;1;1;1;1;1;1;1;1;1;1;1;1;1;1;1;1;1;1;1;1;1;1;1;1
15340000;2;07/1985;1;1;1448.0;1110.0;1305.0;1;31;1;1;1;1512.0;1;1448.0;1438.0;1425.0;1415.0;1405.0;1402.0;1409.0;1415.0;1414.0;1405.0;1395.0;1382.0;1371.0;1357.0;1345.0;1330.0;1316.0;1301.0;1286.0;1270.0;1256.0;1239.0;1224.0;1206.0;1187.0;1168.0;1155.0;1142.0;1130.0;1116.0;1110.0;1;1;1;1;1;1;1;1;1;1;1;1;1;1;1;1;1;1;1;1;1;1;1;1;1;1;1;1;1;1;1
15340000;1;08/1985;1;1;1276.0;988.0;1128.0;7;31;1;1;1;;0;1148.0;1194.0;1207.0;1200.0;1221.0;1261.0;1275.0;1258.0;1234.0;1214.0;1195.0;1144.0;1160.0;1151.0;1142.0;1146.0;1148.0;1147.0;1132.0;1113.0;1091.0;1076.0;1058.0;1043.0;1025.0;1012.0;1000.0;994.0;992.0;990.0;988.0;1;1;1;1;1;1;1;1;1;1;1;1;1;1;1;1;1;1;1;1;1;1;1;1;1;1;1;1;1;1;1
15340000;2;08/1985;1;1;1275.0;988.0;1128.0;7;31;1;1;1;1512.0;1;1148.0;1194.0;1207.0;1200.0;1221.0;1261.0;1275.0;1258.0;1234.0;1214.0;1195.0;1144.0;1160.0;1151.0;1142.0;1146.0;1148.0;1147.0;1132.0;1113.0;1091.0;1076.0;1058.0;1043.0;1025.0;1012.0;1000.0;994.0;992.0;990.0;988.0;1;1;1;1;1;1;1;1;1;1;1;1;1;1;1;1;1;1;1;1;1;1;1;1;1;1;1;1;1;1;1
15340000;1;09/1985;1;1;1062.0;914.0;987.0;27;17;1;1;1;;0;986.0;987.0;993.0;1006.0;1011.0;1002.0;988.0;974.0;964.0;956.0;950.0;943.0;938.0;931.0;924.0;918.0;914.0;922.0;942.0;972.0;994.0;1018.0;1036.0;1042.0;1052.0;1059.0;1061.0;1057.0;1048.0;1035.0;;1;1;1;1;1;1;1;1;1;1;1;1;1;1;1;1;1;1;1;1;1;1;1;1;1;1;1;1;1;1;0
15340000;2;09/1985;1;1;1061.0;914.0;987.0;27;17;1;1;1;1512.0;1;986.0;987.0;993.0;1006.0;1011.0;1002.0;988.0;974.0;964.0;956.0;950.0;943.0;938.0;931.0;924.0;918.0;914.0;922.0;942.0;972.0;994.0;1018.0;1036.0;1042.0;1052.0;1059.0;1061.0;1057.0;1048.0;1035.0;;1;1;1;1;1;1;1;1;1;1;1;1;1;1;1;1;1;1;1;1;1;1;1;1;1;1;1;1;1;1;0
15340000;1;10/1985;1;1;1079.0;1011.0;1048.0;20;16;1;1;1;;0;1037.0;1048.0;1058.0;1067.0;1070.0;1070.0;1063.0;1058.0;1054.0;1049.0;1042.0;1036.0;1028.0;1022.0;1015.0;1011.0;1012.0;1034.0;1062.0;1076.0;1070.0;1049.0;1045.0;1054.0;1074.0;1075.0;1065.0;1050.0;1040.0;1025.0;1015.0;1;1;1;1;1;1;1;1;1;1;1;1;1;1;1;1;1;1;1;1;1;1;1;1;1;1;1;1;1;1;1
15340000;2;10/1985;1;1;1076.0;1011.0;1048.0;20;16;1;1;1;1512.0;1;1037.0;1048.0;1058.0;1067.0;1070.0;1070.0;1063.0;1058.0;1054.0;1049.0;1042.0;1036.0;1028.0;1022.0;1015.0;1011.0;1012.0;1034.0;1062.0;1076.0;1070.0;1049.0;1045.0;1054.0;1074.0;1075.0;1065.0;1050.0;1040.0;1025.0;1015.0;1;1;1;1;1;1;1;1;1;1;1;1;1;1;1;1;1;1;1;1;1;1;1;1;1;1;1;1;1;1;1
15340000;1;11/1985;1;1;1298.0;1004.0;1186.0;11;2;1;1;1;;0;1006.0;1004.0;1004.0;1004.0;1007.0;1010.0;1017.0;1047.0;1124.0;1193.0;1298.0;1276.0;1260.0;1250.0;1230.0;1256.0;1281.0;1268.0;1268.0;1271.0;1265.0;1258.0;1292.0;1276.0;1244.0;1221.0;1210.0;1219.0;1231.0;1279.0;;1;1;1;1;1;1;1;1;1;1;1;1;1;1;1;1;1;1;1;1;1;1;1;1;1;1;1;1;1;1;0
15340000;2;11/1985;1;1;1298.0;1004.0;1186.0;11;2;1;1;1;1512.0;1;1006.0;1004.0;1004.0;1004.0;1007.0;1010.0;1017.0;1047.0;1124.0;1193.0;1298.0;1276.0;1260.0;1250.0;1230.0;1256.0;1281.0;1268.0;1268.0;1271.0;1265.0;1258.0;1292.0;1276.0;1244.0;1221.0;1210.0;1219.0;1231.0;1279.0;;1;1;1;1;1;1;1;1;1;1;1;1;1;1;1;1;1;1;1;1;1;1;1;1;1;1;1;1;1;1;0
15340000;1;12/1985;1;1;1562.0;;;14;;1;0;0;;0;1364.0;1400.0;1397.0;1372.0;1348.0;1366.0;1376.0;2868.0;1352.0;1320.0;1312.0;1287.0;1264.0;1252.0;1245.0;1249.0;1276.0;1298.0;1288.0;1276.0;;;;;;1528.0;1533.0;1532.0;1539.0;1550.0;1562.0;1;1;1;1;1;1;1;1;1;1;1;1;1;1;1;1;1;1;1;1;0;0;0;0;0;1;1;1;1;1;1
15340000;2;12/1985;1;1;1562.0;1245.0;1381.0;31;15;1;1;1;1512.0;1;1364.0;1400.0;1397.0;1372.0;1348.0;1366.0;1376.0;1385.0;1352.0;1320.0;1312.0;1287.0;1264.0;1252.0;1245.0;1249.0;1276.0;1298.0;1288.0;1276.0;1391.0;1416.0;1426.0;1443.0;1464.0;1528.0;1533.0;1532.0;1539.0;1550.0;1562.0;1;1;1;1;1;1;1;2;1;1;1;1;1;1;1;1;1;1;1;1;2;2;2;2;2;1;1;1;1;1;1
15340000;1;01/1986;1;1;;;;;;0;0;0;;0;1716.0;1815.0;1816.0;1822.0;1822.0;1718.0;1716.0;1715.0;1727.0;1831.0;1837.0;1843.0;1774.0;1771.0;1745.0;1688.0;1676.0;1673.0;1666.0;1723.0;1774.0;1881.0;1887.0;;;;;;;;;1;1;1;1;1;1;1;1;1;1;1;1;1;1;1;1;1;1;1;1;1;1;1;0;0;0;0;0;0;0;0
15340000;1;02/1986;1;1;1999.0;;;28;;1;0;0;;0;;;;;;;;;;;;;;;;;;;;1987.0;1989.0;1987.0;1991.0;1989.0;1990.0;1992.0;1994.0;1999.0;;;;0;0;0;0;0;0;0;0;0;0;0;0;0;0;0;0;0;0;0;1;1;1;1;1;1;1;1;1;0;0;0
15340000;1;03/1986;1;1;;;;;;0;0;0;;0;2005.0;2006.0;2002.0;2002.0;2005.0;2010.0;2017.0;2024.0;2033.0;2042.0;2048.0;2053.0;2069.0;2079.0;2083.0;2087.0;;;;;;;;;;;;;;;;1;1;1;1;1;1;1;1;1;1;1;1;1;1;1;1;0;0;0;0;0;0;0;0;0;0;0;0;0;0;0
15340000;2;03/1986;1;1;2171.0;2002.0;2096.0;23;3;2;1;1;;0;2005.0;2006.0;2002.0;2002.0;2005.0;2010.0;2017.0;2024.0;2033.0;2042.0;2048.0;2053.0;2069.0;2079.0;2083.0;2087.0;2144.0;2154.0;2160.0;2164.0;2167.0;2170.0;2171.0;2171.0;2169.0;2166.0;2163.0;2158.0;2153.0;2147.0;2145.0;1;1;1;1;1;1;1;1;1;1;1;1;1;1;1;1;2;2;2;2;2;2;2;2;2;2;2;2;2;2;2
15340000;1;04/1986;1;1;2089.0;;;12;;1;0;0;;0;;;;;;;;;;;;2089.0;2083.0;2073.0;2059.0;2055.0;2049.0;2042.0;2035.0;2027.0;2020.0;2016.0;2009.0;2001.0;1994.0;1984.0;1981.0;1978.0;1969.0;1957.0;;0;0;0;0;0;0;0;0;0;0;0;1;1;1;1;1;1;1;1;1;1;1;1;1;1;1;1;1;1;1;0
15340000;2;04/1986;1;1;2136.0;1957.0;2057.0;1;30;2;1;1;;0;2136.0;2131.0;2124.0;2121.0;2118.0;2116.0;2113.0;2111.0;2108.0;2105.0;2101.0;2089.0;2083.0;2073.0;2059.0;2055.0;2049.0;2042.0;2035.0;2027.0;2020.0;2016.0;2009.0;2001.0;1994.0;1984.0;1981.0;1978.0;1969.0;1957.0;;2;2;2;2;2;2;2;2;2;2;2;1;1;1;1;1;1;1;1;1;1;1;1;1;1;1;1;1;1;1;0
15340000;1;05/1986;1;1;1974.0;1824.0;1882.0;3;15;1;1;1;;0;1961.0;1963.0;1972.0;1958.0;1923.0;1916.0;1901.0;1883.0;1865.0;1846.0;1834.0;1833.0;1830.0;1825.0;1824.0;1830.0;1829.0;1826.0;1825.0;1828.0;1836.0;1844.0;1859.0;1869.0;1881.0;1891.0;1911.0;1921.0;1951.0;1957.0;1957.0;1;1;1;1;1;1;1;1;1;1;1;1;1;1;1;1;1;1;1;1;1;1;1;1;1;1;1;1;1;1;1
15340000;2;05/1986;1;1;1972.0;1824.0;1882.0;3;15;1;1;1;;0;1961.0;1963.0;1972.0;1958.0;1923.0;1916.0;1901.0;1883.0;1865.0;1846.0;1834.0;1833.0;1830.0;1825.0;1824.0;1830.0;1829.0;1826.0;1825.0;1828.0;1836.0;1844.0;1859.0;1869.0;1881.0;1891.0;1911.0;1921.0;1951.0;1957.0;1957.0;1;1;1;1;1;1;1;1;1;1;1;1;1;1;1;1;1;1;1;1;1;1;1;1;1;1;1;1;1;1;1
15340000;1;06/1986;1;1;;;;;;0;0;0;;0;1922.0;1894.0;1876.0;1859.0;;;;;;;;1691.0;1677.0;1671.0;1669.0;1666.0;1680.0;1688.0;1665.0;1653.0;1633.0;;;;;;;;;;;1;1;1;1;0;0;0;0;0;0;0;1;1;1;1;1;1;1;1;1;1;0;0;0;0;0;0;0;0;0;0
15340000;2;06/1986;1;1;1922.0;1591.0;1696.0;1;30;1;2;1;;0;1922.0;1894.0;1876.0;1859.0;1845.0;1827.0;1821.0;1816.0;1811.0;1806.0;1801.0;1791.0;1777.0;1771.0;1769.0;1766.0;1780.0;1788.0;1765.0;1753.0;1733.0;1742.0;1741.0;1738.0;1734.0;1728.0;1722.0;1714.0;1703.0;1691.0;;1;1;1;1;2;2;2;2;2;2;2;1;1;1;1;1;1;1;1;1;1;2;2;2;2;2;2;2;2;2;0
15340000;2;07/1986;1;1;1576.0;1160.0;1377.0;1;31;2;2;2;;0;1676.0;1659.0;1643.0;1626.0;1610.0;1595.0;1579.0;1565.0;1552.0;1540.0;1529.0;1518.0;1507.0;1497.0;1487.0;1477.0;1468.0;1460.0;1451.0;1442.0;1431.0;1420.0;1407.0;1392.0;1375.0;1356.0;1367.0;1317.0;1297.0;1278.0;1260.0;2;2;2;2;2;2;2;2;2;2;2;2;2;2;2;2;2;2;2;2;2;2;2;2;2;2;2;2;2;2;2
15340000;1;08/1986;1;1;1099.0;;;31;;1;0;0;;0;;;;;;;;;;;;1090.0;1079.0;1064.0;1058.0;1047.0;1041.0;1060.0;;;;;;;;;;;;1097.0;1099.0;0;0;0;0;0;0;0;0;0;0;0;1;1;1;1;1;1;1;0;0;0;0;0;0;0;0;0;0;0;1;1
15340000;2;08/1986;1;1;1159.0;1041.0;1104.0;21;17;2;1;1;;0;1244.0;1230.0;1219.0;1212.0;1207.0;1202.0;1198.0;1195.0;1192.0;1191.0;1190.0;1190.0;1179.0;1164.0;1158.0;1147.0;1141.0;1160.0;1149.0;1149.0;1159.0;1133.0;1128.0;1123.0;1119.0;1115.0;1111.0;1108.0;1107.0;1097.0;1099.0;2;2;2;2;2;2;2;2;2;2;2;1;1;1;1;1;1;1;2;2;2;2;2;2;2;2;2;2;2;1;1
15340000;1;09/1986;1;1;;;;;;0;0;0;;0;;;;1125.0;1129.0;1125.0;1136.0;1141.0;1153.0;1157.0;1144.0;1152.0;1158.0;1162.0;1163.0;1159.0;1153.0;1148.0;1140.0;1119.0;;;;;;;;;;;;0;0;0;1;1;1;1;1;1;1;1;1;1;1;1;1;1;1;1;1;0;0;0;0;0;0;0;0;0;0;0
